time, reference_vz, command_gaz, speed_z, altitude, altitude_above_to
0.0, 0.0, 0.0, 0.0, 0.0, 0.0
0.01012930495198816, 0.36000001430511475, 0.36000001430511475, 0.00390625, 0.955780029296875, 0.9638730883598328
0.020175058976747096, 0.36000001430511475, 0.36000001430511475, 0.00390625, 0.955780029296875, 0.9638730883598328
0.030269225942902267, 0.36000001430511475, 0.36000001430511475, 0.00390625, 0.955780029296875, 0.9638730883598328
0.04032676597125828, 0.36000001430511475, 0.36000001430511475, 0.00390625, 0.955780029296875, 0.9638730883598328
0.05015828495379537, 0.36000001430511475, 0.36000001430511475, -0.0, 0.95574951171875, 0.9638730883598328
0.060141791007481515, 0.36000001430511475, 0.36000001430511475, -0.0, 0.95574951171875, 0.9638730883598328
0.07023101893719286, 0.36000001430511475, 0.36000001430511475, -0.0, 0.95574951171875, 0.9638730883598328
0.08108925796113908, 0.36000001430511475, 0.36000001430511475, 0.00390625, 0.9553375244140625, 0.9638730883598328
0.09032297693192959, 0.36000001430511475, 0.36000001430511475, 0.00390625, 0.9553375244140625, 0.9638730883598328
0.10012695891782641, 0.36000001430511475, 0.36000001430511475, 0.00390625, 0.9553375244140625, 0.9638730883598328
0.11036126490216702, 0.36000001430511475, 0.36000001430511475, 0.00390625, 0.9553375244140625, 0.9623445868492126
0.12036046897992492, 0.36000001430511475, 0.36000001430511475, 0.00390625, 0.954986572265625, 0.9623445868492126
0.1304789069108665, 0.36000001430511475, 0.36000001430511475, 0.00390625, 0.954986572265625, 0.9623445868492126
0.1405426529236138, 0.36000001430511475, 0.36000001430511475, 0.00390625, 0.954986572265625, 0.9623445868492126
0.1504944779444486, 0.36000001430511475, 0.36000001430511475, 0.00390625, 0.954986572265625, 0.9623445868492126
0.1603712469805032, 0.36000001430511475, 0.36000001430511475, 0.01171875, 0.9559326171875, 0.9623445868492126
0.17019092792179435, 0.36000001430511475, 0.36000001430511475, 0.01171875, 0.9559326171875, 0.9623445868492126
0.1805080840131268, 0.36000001430511475, 0.36000001430511475, 0.01171875, 0.9559326171875, 0.9623445868492126
0.19107258098665625, 0.36000001430511475, 0.36000001430511475, 0.01171875, 0.9559326171875, 0.9623445868492126
0.20026530895847827, 0.36000001430511475, 0.36000001430511475, 0.06640625, 0.9578857421875, 0.9623445868492126
0.21056891093030572, 0.36000001430511475, 0.36000001430511475, 0.06640625, 0.9578857421875, 0.9623445868492126
0.220100128906779, 0.36000001430511475, 0.36000001430511475, 0.1640625, 0.9619903564453125, 0.9623445868492126
0.2303500910056755, 0.36000001430511475, 0.36000001430511475, 0.1640625, 0.9619903564453125, 0.9623445868492126
0.24054202891420573, 0.36000001430511475, 0.36000001430511475, 0.1640625, 0.9619903564453125, 0.9623445868492126
0.2503989019896835, 0.36000001430511475, 0.36000001430511475, 0.1640625, 0.9619903564453125, 0.9623445868492126
0.26046386698726565, 0.36000001430511475, 0.36000001430511475, 0.25390625, 0.971038818359375, 0.9623445868492126
0.27019832096993923, 0.36000001430511475, 0.36000001430511475, 0.25390625, 0.971038818359375, 0.9623445868492126
0.2805188089841977, 0.36000001430511475, 0.36000001430511475, 0.25390625, 0.971038818359375, 0.9623445868492126
0.2902234529610723, 0.36000001430511475, 0.36000001430511475, 0.29296875, 0.9806060791015625, 0.9623445868492126
0.30044845992233604, 0.36000001430511475, 0.36000001430511475, 0.29296875, 0.9806060791015625, 0.9623445868492126
0.3103143440093845, 0.36000001430511475, 0.36000001430511475, 0.3125, 0.9914703369140625, 1.0100682973861694
0.32018084393348545, 0.36000001430511475, 0.36000001430511475, 0.3125, 0.9914703369140625, 1.0100682973861694
0.33015094697475433, 0.36000001430511475, 0.36000001430511475, 0.3125, 0.9914703369140625, 1.0100682973861694
0.34018074197229, 0.36000001430511475, 0.36000001430511475, 0.3125, 0.9914703369140625, 1.0100682973861694
0.3507137029664591, 0.36000001430511475, 0.36000001430511475, 0.3125, 0.9914703369140625, 1.0100682973861694
0.3602613569237292, 0.36000001430511475, 0.36000001430511475, 0.328125, 1.0036163330078125, 1.0100682973861694
0.37066705501638353, 0.36000001430511475, 0.36000001430511475, 0.328125, 1.0036163330078125, 1.0100682973861694
0.38012486998923123, 0.36000001430511475, 0.36000001430511475, 0.328125, 1.0036163330078125, 1.0100682973861694
0.390160696930252, 0.36000001430511475, 0.36000001430511475, 0.33203125, 1.013702392578125, 1.0100682973861694
0.40018572995904833, 0.36000001430511475, 0.36000001430511475, 0.33203125, 1.013702392578125, 1.0100682973861694
0.41021286498289555, 0.36000001430511475, 0.36000001430511475, 0.33203125, 1.013702392578125, 1.0100682973861694
0.4201691480120644, 0.36000001430511475, 0.36000001430511475, 0.33203125, 1.0207366943359375, 1.0100682973861694
0.4305137639166787, 0.36000001430511475, 0.36000001430511475, 0.33203125, 1.0207366943359375, 1.0100682973861694
0.44040176400449127, 0.36000001430511475, 0.36000001430511475, 0.33203125, 1.0207366943359375, 1.0100682973861694
0.4509495629463345, 0.36000001430511475, 0.36000001430511475, 0.3359375, 1.034332275390625, 1.0100682973861694
0.46075053501408547, 0.36000001430511475, 0.36000001430511475, 0.3359375, 1.034332275390625, 1.0100682973861694
0.4704891089349985, 0.36000001430511475, 0.36000001430511475, 0.3359375, 1.034332275390625, 1.0100682973861694
0.4808473619632423, 0.36000001430511475, 0.36000001430511475, 0.3359375, 1.034332275390625, 1.0100682973861694
0.490157660911791, 0.36000001430511475, 0.36000001430511475, 0.33984375, 1.0434722900390625, 1.0100682973861694
0.5001965569099411, 0.36000001430511475, 0.36000001430511475, 0.33984375, 1.0434722900390625, 1.0100682973861694
0.5105326059274375, 0.36000001430511475, 0.36000001430511475, 0.33984375, 1.0434722900390625, 1.0100682973861694
0.5203135759802535, 0.36000001430511475, 0.36000001430511475, 0.33984375, 1.0434722900390625, 1.0100682973861694
0.5301773370010778, 0.36000001430511475, 0.36000001430511475, 0.33984375, 1.0434722900390625, 1.0764713287353516
0.540129910921678, 0.36000001430511475, 0.36000001430511475, 0.34375, 1.0538787841796875, 1.0764713287353516
0.5501332849962637, 0.36000001430511475, 0.36000001430511475, 0.34375, 1.0538787841796875, 1.0764713287353516
0.5601054889848456, 0.36000001430511475, 0.36000001430511475, 0.34375, 1.0673828125, 1.0764713287353516
0.5703819269547239, 0.36000001430511475, 0.36000001430511475, 0.34375, 1.0673828125, 1.0764713287353516
0.5804046689299867, 0.36000001430511475, 0.36000001430511475, 0.34375, 1.0673828125, 1.0764713287353516
0.5905956180067733, 0.36000001430511475, 0.36000001430511475, 0.34765625, 1.0778350830078125, 1.0764713287353516
0.6002146439859644, 0.36000001430511475, 0.36000001430511475, 0.34765625, 1.0778350830078125, 1.0764713287353516
0.6102378299692646, 0.36000001430511475, 0.36000001430511475, 0.34765625, 1.0778350830078125, 1.0764713287353516
0.6202805379871279, 0.36000001430511475, 0.36000001430511475, 0.34765625, 1.0852508544921875, 1.0764713287353516
0.6301820549415424, 0.36000001430511475, 0.36000001430511475, 0.34765625, 1.0852508544921875, 1.0764713287353516
0.64032523392234, 0.36000001430511475, 0.36000001430511475, 0.34765625, 1.0852508544921875, 1.0764713287353516
0.6504303509136662, 0.36000001430511475, 0.36000001430511475, 0.34765625, 1.0852508544921875, 1.0764713287353516
0.6603563639800996, 0.36000001430511475, 0.36000001430511475, 0.3515625, 1.0961456298828125, 1.0764713287353516
0.6703106589848176, 0.36000001430511475, 0.36000001430511475, 0.3515625, 1.0961456298828125, 1.0764713287353516
0.6801790309837088, 0.36000001430511475, 0.36000001430511475, 0.3515625, 1.0961456298828125, 1.0764713287353516
0.6903738569235429, 0.36000001430511475, 0.36000001430511475, 0.35546875, 1.1088409423828125, 1.0764713287353516
0.7002479839138687, 0.36000001430511475, 0.36000001430511475, 0.35546875, 1.1088409423828125, 1.0764713287353516
0.7101743699749932, 0.36000001430511475, 0.36000001430511475, 0.35546875, 1.1088409423828125, 1.0764713287353516
0.7207329059019685, 0.36000001430511475, 0.36000001430511475, 0.35546875, 1.11871337890625, 1.1449097394943237
0.7302479669451714, 0.36000001430511475, 0.36000001430511475, 0.35546875, 1.11871337890625, 1.1449097394943237
0.7402024649782106, 0.36000001430511475, 0.36000001430511475, 0.35546875, 1.11871337890625, 1.1449097394943237
0.750202887924388, 0.36000001430511475, 0.36000001430511475, 0.359375, 1.13165283203125, 1.1449097394943237
0.7601555389119312, 0.36000001430511475, 0.36000001430511475, 0.359375, 1.13165283203125, 1.1449097394943237
0.770177818951197, 0.36000001430511475, 0.36000001430511475, 0.359375, 1.13165283203125, 1.1449097394943237
0.780358116957359, 0.36000001430511475, 0.36000001430511475, 0.359375, 1.1420745849609375, 1.1449097394943237
0.7901573629351333, 0.36000001430511475, 0.36000001430511475, 0.359375, 1.1420745849609375, 1.1449097394943237
0.800153968972154, 0.36000001430511475, 0.36000001430511475, 0.359375, 1.1420745849609375, 1.1449097394943237
0.8102309789974242, 0.36000001430511475, 0.36000001430511475, 0.36328125, 1.153106689453125, 1.1449097394943237
0.8200916019268334, 0.36000001430511475, 0.36000001430511475, 0.36328125, 1.153106689453125, 1.1449097394943237
0.830193048925139, 0.36000001430511475, 0.36000001430511475, 0.36328125, 1.153106689453125, 1.1449097394943237
0.840337703935802, 0.36000001430511475, 0.36000001430511475, 0.36328125, 1.153106689453125, 1.1449097394943237
0.8505993979051709, 0.36000001430511475, 0.36000001430511475, 0.36328125, 1.1650543212890625, 1.1449097394943237
0.8604320919839665, 0.36000001430511475, 0.36000001430511475, 0.36328125, 1.1650543212890625, 1.1449097394943237
0.8701987259555608, 0.36000001430511475, 0.36000001430511475, 0.36328125, 1.1650543212890625, 1.1449097394943237
0.8801620620070025, 0.36000001430511475, 0.36000001430511475, 0.36328125, 1.1650543212890625, 1.1449097394943237
0.890170389902778, 0.36000001430511475, 0.36000001430511475, 0.3671875, 1.1763916015625, 1.1449097394943237
0.9004312480101362, 0.36000001430511475, 0.36000001430511475, 0.3671875, 1.1763916015625, 1.1449097394943237
0.9102548459777609, 0.36000001430511475, 0.36000001430511475, 0.3671875, 1.1763916015625, 1.1449097394943237
0.9202084660064429, 0.36000001430511475, 0.36000001430511475, 0.3671875, 1.1763916015625, 1.2153023481369019
0.9303789499681443, 0.36000001430511475, 0.36000001430511475, 0.3671875, 1.1853179931640625, 1.2153023481369019
0.9402631359407678, 0.36000001430511475, 0.36000001430511475, 0.3671875, 1.1853179931640625, 1.2153023481369019
0.9505043359240517, 0.36000001430511475, 0.36000001430511475, 0.3671875, 1.200286865234375, 1.2153023481369019
0.9602160509675741, 0.36000001430511475, 0.36000001430511475, 0.3671875, 1.200286865234375, 1.2153023481369019
0.9701883950037882, 0.36000001430511475, 0.36000001430511475, 0.3671875, 1.200286865234375, 1.2153023481369019
0.9802814609138295, 0.36000001430511475, 0.36000001430511475, 0.3671875, 1.200286865234375, 1.2153023481369019
0.9902577130123973, 0.36000001430511475, 0.36000001430511475, 0.3671875, 1.2133026123046875, 1.2153023481369019
1.0002175739500672, 0.36000001430511475, 0.36000001430511475, 0.3671875, 1.2133026123046875, 1.2153023481369019
1.0106793409213424, 0.36000001430511475, 0.36000001430511475, 0.3671875, 1.2224578857421875, 1.2153023481369019
1.0201178869465366, 0.36000001430511475, 0.36000001430511475, 0.3671875, 1.2224578857421875, 1.2153023481369019
1.0302055350039154, 0.36000001430511475, 0.36000001430511475, 0.3671875, 1.2224578857421875, 1.2153023481369019
1.0403360639465973, 0.36000001430511475, 0.36000001430511475, 0.3671875, 1.2224578857421875, 1.2153023481369019
1.0501788459951058, 0.36000001430511475, 0.36000001430511475, 0.3671875, 1.2394256591796875, 1.2153023481369019
1.0601263819262385, 0.36000001430511475, 0.36000001430511475, 0.3671875, 1.2394256591796875, 1.2153023481369019
1.0706376619637012, 0.36000001430511475, 0.36000001430511475, 0.3671875, 1.2394256591796875, 1.2153023481369019
1.0803429499501362, 0.36000001430511475, 0.36000001430511475, 0.3671875, 1.2394256591796875, 1.2153023481369019
1.0902016189647838, 0.36000001430511475, 0.36000001430511475, 0.3671875, 1.248321533203125, 1.2153023481369019
1.1003324759658426, 0.36000001430511475, 0.36000001430511475, 0.3671875, 1.248321533203125, 1.2153023481369019
1.1103373289806768, 0.36000001430511475, 0.36000001430511475, 0.3671875, 1.25982666015625, 1.2153023481369019
1.1204485229682177, 0.36000001430511475, 0.36000001430511475, 0.3671875, 1.25982666015625, 1.2899764776229858
1.130148310912773, 0.36000001430511475, 0.36000001430511475, 0.3671875, 1.25982666015625, 1.2899764776229858
1.140271877986379, 0.36000001430511475, 0.36000001430511475, 0.3671875, 1.25982666015625, 1.2899764776229858
1.1505519209895283, 0.36000001430511475, 0.36000001430511475, 0.3671875, 1.25982666015625, 1.2899764776229858
1.1609789970098063, 0.36000001430511475, 0.36000001430511475, 0.3671875, 1.2746429443359375, 1.2899764776229858
1.1704281480051577, 0.36000001430511475, 0.36000001430511475, 0.3671875, 1.2746429443359375, 1.2899764776229858
1.180448232917115, 0.36000001430511475, 0.36000001430511475, 0.36328125, 1.28607177734375, 1.2899764776229858
1.1901531849289313, 0.36000001430511475, 0.36000001430511475, 0.36328125, 1.28607177734375, 1.2899764776229858
1.200156234903261, 0.36000001430511475, 0.36000001430511475, 0.36328125, 1.28607177734375, 1.2899764776229858
1.2101551309460774, 0.36000001430511475, 0.36000001430511475, 0.36328125, 1.2972869873046875, 1.2899764776229858
1.220244443975389, 0.36000001430511475, 0.36000001430511475, 0.36328125, 1.2972869873046875, 1.2899764776229858
1.2301374269882217, 0.36000001430511475, 0.36000001430511475, 0.36328125, 1.2972869873046875, 1.2899764776229858
1.2402877199929208, 0.36000001430511475, 0.36000001430511475, 0.36328125, 1.2972869873046875, 1.2899764776229858
1.2501952869351953, 0.36000001430511475, 0.36000001430511475, 0.36328125, 1.2972869873046875, 1.2899764776229858
1.2603805299149826, 0.36000001430511475, 0.36000001430511475, 0.359375, 1.311920166015625, 1.2899764776229858
1.270149685908109, 0.36000001430511475, 0.36000001430511475, 0.359375, 1.311920166015625, 1.2899764776229858
1.2804343609604985, 0.36000001430511475, 0.36000001430511475, 0.359375, 1.311920166015625, 1.2899764776229858
1.2905287919566035, 0.36000001430511475, 0.36000001430511475, 0.359375, 1.3251800537109375, 1.2899764776229858
1.300228014937602, 0.36000001430511475, 0.36000001430511475, 0.359375, 1.3251800537109375, 1.2899764776229858
1.3101673759520054, 0.36000001430511475, 0.36000001430511475, 0.359375, 1.3251800537109375, 1.2899764776229858
1.3202257629018277, 0.36000001430511475, 0.36000001430511475, 0.359375, 1.3251800537109375, 1.3644511699676514
1.3304455869365484, 0.36000001430511475, 0.36000001430511475, 0.359375, 1.33648681640625, 1.3644511699676514
1.3402499449439347, 0.36000001430511475, 0.36000001430511475, 0.359375, 1.33648681640625, 1.3644511699676514
1.3501691509736702, 0.36000001430511475, 0.36000001430511475, 0.35546875, 1.3493194580078125, 1.3644511699676514
1.360153505927883, 0.36000001430511475, 0.36000001430511475, 0.35546875, 1.3493194580078125, 1.3644511699676514
1.3702925159595907, 0.36000001430511475, 0.36000001430511475, 0.35546875, 1.3493194580078125, 1.3644511699676514
1.3803998510120437, 0.36000001430511475, 0.36000001430511475, 0.35546875, 1.3493194580078125, 1.3644511699676514
1.3901289879577234, 0.36000001430511475, 0.36000001430511475, 0.35546875, 1.360626220703125, 1.3644511699676514
1.4003399820066988, 0.36000001430511475, 0.36000001430511475, 0.35546875, 1.360626220703125, 1.3644511699676514
1.4110326619120315, 0.36000001430511475, 0.36000001430511475, 0.35546875, 1.3718719482421875, 1.3644511699676514
1.4201239550020546, 0.36000001430511475, 0.36000001430511475, 0.35546875, 1.3718719482421875, 1.3644511699676514
1.4301552280085161, 0.36000001430511475, 0.36000001430511475, 0.35546875, 1.3718719482421875, 1.3644511699676514
1.4401793859433383, 0.36000001430511475, 0.36000001430511475, 0.35546875, 1.3718719482421875, 1.3644511699676514
1.450651004910469, 0.36000001430511475, 0.36000001430511475, 0.35546875, 1.3718719482421875, 1.3644511699676514
1.4603003279771656, 0.36000001430511475, 0.36000001430511475, 0.3515625, 1.3858489990234375, 1.3644511699676514
1.470662344014272, 0.36000001430511475, 0.36000001430511475, 0.3515625, 1.3858489990234375, 1.3644511699676514
1.48014273296576, 0.36000001430511475, 0.36000001430511475, 0.3515625, 1.3858489990234375, 1.3644511699676514
1.4904573039384559, 0.36000001430511475, 0.36000001430511475, 0.3515625, 1.3969879150390625, 1.3644511699676514
1.5003125229850411, 0.36000001430511475, 0.36000001430511475, 0.3515625, 1.3969879150390625, 1.3644511699676514
1.5101282199611887, 0.36000001430511475, 0.36000001430511475, 0.3515625, 1.3969879150390625, 1.4384524822235107
1.5202580629847944, 0.36000001430511475, 0.36000001430511475, 0.3515625, 1.4116973876953125, 1.4384524822235107
1.5304705189773813, 0.36000001430511475, 0.36000001430511475, 0.3515625, 1.4116973876953125, 1.4384524822235107
1.5404572639381513, 0.36000001430511475, 0.36000001430511475, 0.3515625, 1.4116973876953125, 1.4384524822235107
1.5502094000112265, 0.36000001430511475, 0.36000001430511475, 0.3515625, 1.4116973876953125, 1.4384524822235107
1.5603201219346374, 0.36000001430511475, 0.36000001430511475, 0.3515625, 1.4248046875, 1.4384524822235107
1.570196287939325, 0.36000001430511475, 0.36000001430511475, 0.3515625, 1.4248046875, 1.4384524822235107
1.5804054719628766, 0.36000001430511475, 0.36000001430511475, 0.3515625, 1.4248046875, 1.4384524822235107
1.5908059659413993, 0.36000001430511475, 0.36000001430511475, 0.3515625, 1.4248046875, 1.4384524822235107
1.6001830829773098, 0.36000001430511475, 0.36000001430511475, 0.3515625, 1.43450927734375, 1.4384524822235107
1.6103917169384658, 0.36000001430511475, 0.36000001430511475, 0.3515625, 1.44573974609375, 1.4384524822235107
1.6202731429366395, 0.36000001430511475, 0.36000001430511475, 0.3515625, 1.44573974609375, 1.4384524822235107
1.6301978619303554, 0.36000001430511475, 0.36000001430511475, 0.3515625, 1.44573974609375, 1.4384524822235107
1.640364545979537, 0.36000001430511475, 0.36000001430511475, 0.3515625, 1.44573974609375, 1.4384524822235107
1.6501648799749091, 0.36000001430511475, 0.36000001430511475, 0.3515625, 1.44573974609375, 1.4384524822235107
1.6602839569095522, 0.36000001430511475, 0.36000001430511475, 0.3515625, 1.44573974609375, 1.4384524822235107
1.6707902129273862, 0.36000001430511475, 0.36000001430511475, 0.34765625, 1.4601898193359375, 1.4384524822235107
1.6801895459648222, 0.36000001430511475, 0.36000001430511475, 0.34765625, 1.4601898193359375, 1.4384524822235107
1.6903050059918314, 0.36000001430511475, 0.36000001430511475, 0.34765625, 1.4601898193359375, 1.4384524822235107
1.7003413089551032, 0.36000001430511475, 0.36000001430511475, 0.34765625, 1.4601898193359375, 1.4384524822235107
1.7103356269653887, 0.36000001430511475, 0.36000001430511475, 0.34765625, 1.4712982177734375, 1.4384524822235107
1.7204313909169286, 0.36000001430511475, 0.36000001430511475, 0.34765625, 1.4712982177734375, 1.5113568305969238
1.730389051954262, 0.36000001430511475, 0.36000001430511475, 0.34375, 1.4835357666015625, 1.5113568305969238
1.7402407039189711, 0.36000001430511475, 0.36000001430511475, 0.34375, 1.4835357666015625, 1.5113568305969238
1.7506109119858593, 0.36000001430511475, 0.36000001430511475, 0.34375, 1.4835357666015625, 1.5113568305969238
1.7603195819538087, 0.36000001430511475, 0.36000001430511475, 0.34375, 1.4980316162109375, 1.5113568305969238
1.7701696099247783, 0.36000001430511475, 0.36000001430511475, 0.34375, 1.4980316162109375, 1.5113568305969238
1.780501653905958, 0.36000001430511475, 0.36000001430511475, 0.34375, 1.4980316162109375, 1.5113568305969238
1.7903601349098608, 0.36000001430511475, 0.36000001430511475, 0.34375, 1.4980316162109375, 1.5113568305969238
1.8004753809655085, 0.36000001430511475, 0.36000001430511475, 0.34765625, 1.509613037109375, 1.5113568305969238
1.8103979739826173, 0.36000001430511475, 0.36000001430511475, 0.34765625, 1.509613037109375, 1.5113568305969238
1.8201615709112957, 0.36000001430511475, 0.36000001430511475, 0.34375, 1.51806640625, 1.5113568305969238
1.830324659938924, 0.36000001430511475, 0.36000001430511475, 0.34375, 1.51806640625, 1.5113568305969238
1.8401959699112922, 0.36000001430511475, 0.36000001430511475, 0.34375, 1.51806640625, 1.5113568305969238
1.8504337689373642, 0.36000001430511475, 0.36000001430511475, 0.34375, 1.51806640625, 1.5113568305969238
1.86055778991431, 0.36000001430511475, 0.36000001430511475, 0.34375, 1.53082275390625, 1.5113568305969238
1.870279122958891, 0.36000001430511475, 0.36000001430511475, 0.34375, 1.53082275390625, 1.5113568305969238
1.8801758969202638, 0.36000001430511475, 0.36000001430511475, 0.34375, 1.53082275390625, 1.5113568305969238
1.8902286289958283, 0.36000001430511475, 0.36000001430511475, 0.34375, 1.5420074462890625, 1.5113568305969238
1.9001953239785507, 0.36000001430511475, 0.36000001430511475, 0.34375, 1.5420074462890625, 1.5113568305969238
1.9101189319044352, 0.36000001430511475, 0.36000001430511475, 0.34375, 1.5420074462890625, 1.5816233158111572
1.9201526769902557, 0.36000001430511475, 0.36000001430511475, 0.34765625, 1.5539093017578125, 1.5816233158111572
1.930121231940575, 0.36000001430511475, 0.36000001430511475, 0.34765625, 1.5539093017578125, 1.5816233158111572
1.9403167219134048, 0.36000001430511475, 0.36000001430511475, 0.34765625, 1.5539093017578125, 1.5816233158111572
1.9503187169320881, 0.36000001430511475, 0.36000001430511475, 0.34765625, 1.56640625, 1.5816233158111572
1.9603136469377205, 0.36000001430511475, 0.36000001430511475, 0.34765625, 1.56640625, 1.5816233158111572
1.9702012930065393, 0.36000001430511475, 0.36000001430511475, 0.34765625, 1.56640625, 1.5816233158111572
1.9803654649294913, 0.36000001430511475, 0.36000001430511475, 0.34765625, 1.56640625, 1.5816233158111572
1.9904329109704122, 0.36000001430511475, 0.36000001430511475, 0.3515625, 1.57733154296875, 1.5816233158111572
2.0002170719671994, 0.36000001430511475, 0.36000001430511475, 0.3515625, 1.57733154296875, 1.5816233158111572
2.01042006991338, -0.36000001430511475, 0.36000001430511475, 0.3515625, 1.5868072509765625, 1.5816233158111572
2.0201198909198865, -0.36000001430511475, -0.36000001430511475, 0.3515625, 1.5868072509765625, 1.5816233158111572
2.030131637933664, -0.36000001430511475, -0.36000001430511475, 0.3515625, 1.5868072509765625, 1.5816233158111572
2.0402812359388918, -0.36000001430511475, -0.36000001430511475, 0.3515625, 1.5868072509765625, 1.5816233158111572
2.050267474958673, -0.36000001430511475, -0.36000001430511475, 0.3515625, 1.5868072509765625, 1.5816233158111572
2.0605869009159505, -0.36000001430511475, -0.36000001430511475, 0.35546875, 1.60400390625, 1.5816233158111572
2.0704451029887423, -0.36000001430511475, -0.36000001430511475, 0.35546875, 1.60400390625, 1.5816233158111572
2.0803612399613485, -0.36000001430511475, -0.36000001430511475, 0.35546875, 1.60400390625, 1.5816233158111572
2.0907537429593503, -0.36000001430511475, -0.36000001430511475, 0.35546875, 1.61614990234375, 1.5816233158111572
2.100321795907803, -0.36000001430511475, -0.36000001430511475, 0.35546875, 1.61614990234375, 1.5816233158111572
2.110327977919951, -0.36000001430511475, -0.36000001430511475, 0.35546875, 1.61614990234375, 1.5816233158111572
2.120166634907946, -0.36000001430511475, -0.36000001430511475, 0.35546875, 1.61614990234375, 1.6554034948349
2.13023346895352, -0.36000001430511475, -0.36000001430511475, 0.35546875, 1.6274566650390625, 1.6554034948349
2.1401244630105793, -0.36000001430511475, -0.36000001430511475, 0.35546875, 1.6274566650390625, 1.6554034948349
2.150102610932663, -0.36000001430511475, -0.36000001430511475, 0.34765625, 1.63897705078125, 1.6554034948349
2.160267254919745, -0.36000001430511475, -0.36000001430511475, 0.34765625, 1.63897705078125, 1.6554034948349
2.170351980952546, -0.36000001430511475, -0.36000001430511475, 0.34765625, 1.63897705078125, 1.6554034948349
2.1803239749278873, -0.36000001430511475, -0.36000001430511475, 0.34765625, 1.63897705078125, 1.6554034948349
2.190407042973675, -0.36000001430511475, -0.36000001430511475, 0.265625, 1.6518707275390625, 1.6554034948349
2.200183399952948, -0.36000001430511475, -0.36000001430511475, 0.265625, 1.6518707275390625, 1.6554034948349
2.2101840960094705, -0.36000001430511475, -0.36000001430511475, 0.265625, 1.6518707275390625, 1.6554034948349
2.2206023309845477, -0.36000001430511475, -0.36000001430511475, 0.15234375, 1.657684326171875, 1.6554034948349
2.230201879981905, -0.36000001430511475, -0.36000001430511475, 0.15234375, 1.657684326171875, 1.6554034948349
2.240250953938812, -0.36000001430511475, -0.36000001430511475, 0.15234375, 1.657684326171875, 1.6554034948349
2.2505256469594315, -0.36000001430511475, -0.36000001430511475, 0.015625, 1.659454345703125, 1.6554034948349
2.2602086570113897, -0.36000001430511475, -0.36000001430511475, 0.015625, 1.659454345703125, 1.6554034948349
2.2701756309252232, -0.36000001430511475, -0.36000001430511475, 0.015625, 1.659454345703125, 1.6554034948349
2.280596568947658, -0.36000001430511475, -0.36000001430511475, 0.015625, 1.659454345703125, 1.6554034948349
2.2903038659133017, -0.36000001430511475, -0.36000001430511475, -0.12890625, 1.65582275390625, 1.6554034948349
2.30018207593821, -0.36000001430511475, -0.36000001430511475, -0.12890625, 1.65582275390625, 1.6554034948349
2.310213580960408, -0.36000001430511475, -0.36000001430511475, -0.12890625, 1.65582275390625, 1.6554034948349
2.3203673649113625, -0.36000001430511475, -0.36000001430511475, -0.12890625, 1.65582275390625, 1.6516355276107788
2.330240305978805, -0.36000001430511475, -0.36000001430511475, -0.21875, 1.649017333984375, 1.6516355276107788
2.3401831499068066, -0.36000001430511475, -0.36000001430511475, -0.21875, 1.649017333984375, 1.6516355276107788
2.3506098369834945, -0.36000001430511475, -0.36000001430511475, -0.25390625, 1.64434814453125, 1.6516355276107788
2.3604084589751437, -0.36000001430511475, -0.36000001430511475, -0.25390625, 1.64434814453125, 1.6516355276107788
2.3704413699451834, -0.36000001430511475, -0.36000001430511475, -0.25390625, 1.64434814453125, 1.6516355276107788
2.3801491059130058, -0.36000001430511475, -0.36000001430511475, -0.25390625, 1.64434814453125, 1.6516355276107788
2.3905900709796697, -0.36000001430511475, -0.36000001430511475, -0.29296875, 1.6343841552734375, 1.6516355276107788
2.400261192000471, -0.36000001430511475, -0.36000001430511475, -0.29296875, 1.6343841552734375, 1.6516355276107788
2.410316727939062, -0.36000001430511475, -0.36000001430511475, -0.29296875, 1.6343841552734375, 1.6516355276107788
2.4201737449038774, -0.36000001430511475, -0.36000001430511475, -0.30859375, 1.62530517578125, 1.6516355276107788
2.4302455009892583, -0.36000001430511475, -0.36000001430511475, -0.30859375, 1.62530517578125, 1.6516355276107788
2.4401748259551823, -0.36000001430511475, -0.36000001430511475, -0.30859375, 1.62530517578125, 1.6516355276107788
2.4508780539035797, -0.36000001430511475, -0.36000001430511475, -0.31640625, 1.61773681640625, 1.6516355276107788
2.460236707003787, -0.36000001430511475, -0.36000001430511475, -0.31640625, 1.61773681640625, 1.6516355276107788
2.4701140789547935, -0.36000001430511475, -0.36000001430511475, -0.31640625, 1.61773681640625, 1.6516355276107788
2.4802763590123504, -0.36000001430511475, -0.36000001430511475, -0.31640625, 1.61773681640625, 1.6516355276107788
2.490210118936375, -0.36000001430511475, -0.36000001430511475, -0.32421875, 1.60638427734375, 1.6516355276107788
2.5002124909078702, -0.36000001430511475, -0.36000001430511475, -0.32421875, 1.60638427734375, 1.6516355276107788
2.510259752976708, -0.36000001430511475, -0.36000001430511475, -0.32421875, 1.60638427734375, 1.5952335596084595
2.5205509999068454, -0.36000001430511475, -0.36000001430511475, -0.32421875, 1.60638427734375, 1.5952335596084595
2.530242066946812, -0.36000001430511475, -0.36000001430511475, -0.33203125, 1.595794677734375, 1.5952335596084595
2.540316992904991, -0.36000001430511475, -0.36000001430511475, -0.33203125, 1.595794677734375, 1.5952335596084595
2.550186317996122, -0.36000001430511475, -0.36000001430511475, -0.33203125, 1.5896148681640625, 1.5952335596084595
2.5601547999540344, -0.36000001430511475, -0.36000001430511475, -0.33203125, 1.5896148681640625, 1.5952335596084595
2.5704189429525286, -0.36000001430511475, -0.36000001430511475, -0.33203125, 1.5896148681640625, 1.5952335596084595
2.580348945921287, -0.36000001430511475, -0.36000001430511475, -0.33203125, 1.5896148681640625, 1.5952335596084595
2.590268366970122, -0.36000001430511475, -0.36000001430511475, -0.33984375, 1.57806396484375, 1.5952335596084595
2.600247166934423, -0.36000001430511475, -0.36000001430511475, -0.33984375, 1.57806396484375, 1.5952335596084595
2.6101716939592734, -0.36000001430511475, -0.36000001430511475, -0.33984375, 1.57806396484375, 1.5952335596084595
2.6202853129943833, -0.36000001430511475, -0.36000001430511475, -0.34375, 1.5684814453125, 1.5952335596084595
2.6305158379254863, -0.36000001430511475, -0.36000001430511475, -0.34375, 1.5684814453125, 1.5952335596084595
2.6401592049514875, -0.36000001430511475, -0.36000001430511475, -0.34375, 1.5684814453125, 1.5952335596084595
2.6507649070117623, -0.36000001430511475, -0.36000001430511475, -0.34765625, 1.56329345703125, 1.5952335596084595
2.660331855993718, -0.36000001430511475, -0.36000001430511475, -0.34765625, 1.56329345703125, 1.5952335596084595
2.670129696954973, -0.36000001430511475, -0.36000001430511475, -0.34765625, 1.56329345703125, 1.5952335596084595
2.680230870959349, -0.36000001430511475, -0.36000001430511475, -0.34765625, 1.56329345703125, 1.5952335596084595
2.6901399079943076, -0.36000001430511475, -0.36000001430511475, -0.359375, 1.54876708984375, 1.5952335596084595
2.700123594957404, -0.36000001430511475, -0.36000001430511475, -0.359375, 1.54876708984375, 1.5952335596084595
2.710134955937974, -0.36000001430511475, -0.36000001430511475, -0.359375, 1.54876708984375, 1.5952335596084595
2.7209153489675373, -0.36000001430511475, -0.36000001430511475, -0.3671875, 1.538543701171875, 1.536608099937439
2.7301869899965823, -0.36000001430511475, -0.36000001430511475, -0.3671875, 1.538543701171875, 1.536608099937439
2.7401696199085563, -0.36000001430511475, -0.36000001430511475, -0.3671875, 1.538543701171875, 1.536608099937439
2.7506168799009174, -0.36000001430511475, -0.36000001430511475, -0.3671875, 1.538543701171875, 1.536608099937439
2.760185375926085, -0.36000001430511475, -0.36000001430511475, -0.3671875, 1.538543701171875, 1.536608099937439
2.7702397159300745, -0.36000001430511475, -0.36000001430511475, -0.3671875, 1.529998779296875, 1.536608099937439
2.7801995169138536, -0.36000001430511475, -0.36000001430511475, -0.3671875, 1.529998779296875, 1.536608099937439
2.7901767540024593, -0.36000001430511475, -0.36000001430511475, -0.375, 1.5153656005859375, 1.536608099937439
2.8001182969892398, -0.36000001430511475, -0.36000001430511475, -0.375, 1.5153656005859375, 1.536608099937439
2.810195629950613, -0.36000001430511475, -0.36000001430511475, -0.37890625, 1.505126953125, 1.536608099937439
2.8201183289056644, -0.36000001430511475, -0.36000001430511475, -0.37890625, 1.505126953125, 1.536608099937439
2.83015282091219, -0.36000001430511475, -0.36000001430511475, -0.37890625, 1.505126953125, 1.536608099937439
2.840523427934386, -0.36000001430511475, -0.36000001430511475, -0.37890625, 1.505126953125, 1.536608099937439
2.850279014906846, -0.36000001430511475, -0.36000001430511475, -0.37890625, 1.4912261962890625, 1.536608099937439
2.8602610209491104, -0.36000001430511475, -0.36000001430511475, -0.37890625, 1.4912261962890625, 1.536608099937439
2.870150221977383, -0.36000001430511475, -0.36000001430511475, -0.37890625, 1.4912261962890625, 1.536608099937439
2.880336081958376, -0.36000001430511475, -0.36000001430511475, -0.37890625, 1.4912261962890625, 1.536608099937439
2.8901663619326428, -0.36000001430511475, -0.36000001430511475, -0.37890625, 1.4749755859375, 1.536608099937439
2.9002834849525243, -0.36000001430511475, -0.36000001430511475, -0.37890625, 1.4749755859375, 1.536608099937439
2.9103072489378974, -0.36000001430511475, -0.36000001430511475, -0.37890625, 1.4749755859375, 1.536608099937439
2.920176344923675, -0.36000001430511475, -0.36000001430511475, -0.37890625, 1.4749755859375, 1.459171175956726
2.9301359379896894, -0.36000001430511475, -0.36000001430511475, -0.375, 1.4620513916015625, 1.459171175956726
2.9402557419380173, -0.36000001430511475, -0.36000001430511475, -0.375, 1.4620513916015625, 1.459171175956726
2.9502147989114746, -0.36000001430511475, -0.36000001430511475, -0.37109375, 1.4525604248046875, 1.459171175956726
2.9601664999499917, -0.36000001430511475, -0.36000001430511475, -0.37109375, 1.4525604248046875, 1.459171175956726
2.9702091430081055, -0.36000001430511475, -0.36000001430511475, -0.37109375, 1.4525604248046875, 1.459171175956726
2.980153186013922, -0.36000001430511475, -0.36000001430511475, -0.37109375, 1.4525604248046875, 1.459171175956726
2.9901946909958497, -0.36000001430511475, -0.36000001430511475, -0.37109375, 1.4525604248046875, 1.459171175956726
3.000591882970184, -0.36000001430511475, -0.36000001430511475, -0.3671875, 1.4367523193359375, 1.459171175956726
3.0102141309762374, -0.36000001430511475, -0.36000001430511475, -0.3671875, 1.4367523193359375, 1.459171175956726
3.020248292014003, -0.36000001430511475, -0.36000001430511475, -0.3671875, 1.4367523193359375, 1.459171175956726
3.030705778975971, -0.36000001430511475, -0.36000001430511475, -0.3671875, 1.4183502197265625, 1.459171175956726
3.0402207649312913, -0.36000001430511475, -0.36000001430511475, -0.3671875, 1.4183502197265625, 1.459171175956726
3.0501818179618567, -0.36000001430511475, -0.36000001430511475, -0.3671875, 1.4183502197265625, 1.459171175956726
3.060756405000575, -0.36000001430511475, -0.36000001430511475, -0.36328125, 1.4102935791015625, 1.459171175956726
3.070448143989779, -0.36000001430511475, -0.36000001430511475, -0.36328125, 1.4102935791015625, 1.459171175956726
3.08023941796273, -0.36000001430511475, -0.36000001430511475, -0.36328125, 1.4102935791015625, 1.459171175956726
3.0903145369375125, -0.36000001430511475, -0.36000001430511475, -0.36328125, 1.4102935791015625, 1.459171175956726
3.100426798919216, -0.36000001430511475, -0.36000001430511475, -0.3671875, 1.3843231201171875, 1.459171175956726
3.1103877829154953, -0.36000001430511475, -0.36000001430511475, -0.3671875, 1.3843231201171875, 1.459171175956726
3.120172999915667, -0.36000001430511475, -0.36000001430511475, -0.3671875, 1.3760833740234375, 1.380873441696167
3.1305123519850895, -0.36000001430511475, -0.36000001430511475, -0.3671875, 1.3760833740234375, 1.380873441696167
3.1403134539723396, -0.36000001430511475, -0.36000001430511475, -0.3671875, 1.3760833740234375, 1.380873441696167
3.150202082004398, -0.36000001430511475, -0.36000001430511475, -0.3671875, 1.3760833740234375, 1.380873441696167
3.1601861129747704, -0.36000001430511475, -0.36000001430511475, -0.37109375, 1.35223388671875, 1.380873441696167
3.170826379908249, -0.36000001430511475, -0.36000001430511475, -0.37109375, 1.35223388671875, 1.380873441696167
3.180220214999281, -0.36000001430511475, -0.36000001430511475, -0.37109375, 1.35223388671875, 1.380873441696167
3.190145152970217, -0.36000001430511475, -0.36000001430511475, -0.37109375, 1.35223388671875, 1.380873441696167
3.2001645859563723, -0.36000001430511475, -0.36000001430511475, -0.36328125, 1.3437042236328125, 1.380873441696167
3.210137036978267, -0.36000001430511475, -0.36000001430511475, -0.36328125, 1.3437042236328125, 1.380873441696167
3.220117804943584, -0.36000001430511475, -0.36000001430511475, -0.359375, 1.3331451416015625, 1.380873441696167
3.2302283459575847, -0.36000001430511475, -0.36000001430511475, -0.359375, 1.3331451416015625, 1.380873441696167
3.240321310935542, -0.36000001430511475, -0.36000001430511475, -0.359375, 1.3331451416015625, 1.380873441696167
3.2502490669721738, -0.36000001430511475, -0.36000001430511475, -0.359375, 1.322479248046875, 1.380873441696167
3.260152919916436, -0.36000001430511475, -0.36000001430511475, -0.35546875, 1.322479248046875, 1.380873441696167
3.2701906779548153, -0.36000001430511475, -0.36000001430511475, -0.35546875, 1.322479248046875, 1.380873441696167
3.2801830049138516, -0.36000001430511475, -0.36000001430511475, -0.35546875, 1.322479248046875, 1.380873441696167
3.2905983919044957, -0.36000001430511475, -0.36000001430511475, -0.35546875, 1.3088836669921875, 1.380873441696167
3.300222151912749, -0.36000001430511475, -0.36000001430511475, -0.35546875, 1.3088836669921875, 1.380873441696167
3.3102055930066854, -0.36000001430511475, -0.36000001430511475, -0.35546875, 1.3088836669921875, 1.380873441696167
3.320553213940002, -0.36000001430511475, -0.36000001430511475, -0.35546875, 1.3088836669921875, 1.3160033226013184
3.3301121469121426, -0.36000001430511475, -0.36000001430511475, -0.359375, 1.299835205078125, 1.3160033226013184
3.3402708679204807, -0.36000001430511475, -0.36000001430511475, -0.359375, 1.299835205078125, 1.3160033226013184
3.3501759679056704, -0.36000001430511475, -0.36000001430511475, -0.359375, 1.28912353515625, 1.3160033226013184
3.360301307984628, -0.36000001430511475, -0.36000001430511475, -0.359375, 1.28912353515625, 1.3160033226013184
3.3703682139748707, -0.36000001430511475, -0.36000001430511475, -0.359375, 1.28912353515625, 1.3160033226013184
3.380292890011333, -0.36000001430511475, -0.36000001430511475, -0.359375, 1.28912353515625, 1.3160033226013184
3.3902601959416643, -0.36000001430511475, -0.36000001430511475, -0.359375, 1.28912353515625, 1.3160033226013184
3.400243273936212, -0.36000001430511475, -0.36000001430511475, -0.359375, 1.28912353515625, 1.3160033226013184
3.4101292949635535, -0.36000001430511475, -0.36000001430511475, -0.36328125, 1.2758331298828125, 1.3160033226013184
3.4201883289497346, -0.36000001430511475, -0.36000001430511475, -0.3671875, 1.268463134765625, 1.3160033226013184
3.4302159269573167, -0.36000001430511475, -0.36000001430511475, -0.3671875, 1.268463134765625, 1.3160033226013184
3.4403306329622865, -0.36000001430511475, -0.36000001430511475, -0.3671875, 1.268463134765625, 1.3160033226013184
3.4503732989542186, -0.36000001430511475, -0.36000001430511475, -0.37109375, 1.2598876953125, 1.3160033226013184
3.4601938219275326, -0.36000001430511475, -0.36000001430511475, -0.37109375, 1.2598876953125, 1.3160033226013184
3.470243938965723, -0.36000001430511475, -0.36000001430511475, -0.37109375, 1.2598876953125, 1.3160033226013184
3.480181641993113, -0.36000001430511475, -0.36000001430511475, -0.37109375, 1.2598876953125, 1.3160033226013184
3.490185992908664, -0.36000001430511475, -0.36000001430511475, -0.37109375, 1.2598876953125, 1.3160033226013184
3.5005994379753247, -0.36000001430511475, -0.36000001430511475, -0.37890625, 1.2453460693359375, 1.3160033226013184
3.510137937963009, -0.36000001430511475, -0.36000001430511475, -0.37890625, 1.2453460693359375, 1.3160033226013184
3.5201457389630377, -0.36000001430511475, -0.36000001430511475, -0.3828125, 1.2408905029296875, 1.2505685091018677
3.53014980093576, -0.36000001430511475, -0.36000001430511475, -0.3828125, 1.2408905029296875, 1.2505685091018677
3.5403084259014577, -0.36000001430511475, -0.36000001430511475, -0.3828125, 1.2408905029296875, 1.2505685091018677
3.5504920079838485, -0.36000001430511475, -0.36000001430511475, -0.39453125, 1.225830078125, 1.2505685091018677
3.5604258809471503, -0.36000001430511475, -0.36000001430511475, -0.39453125, 1.225830078125, 1.2505685091018677
3.5701629179529846, -0.36000001430511475, -0.36000001430511475, -0.39453125, 1.225830078125, 1.2505685091018677
3.5801597599638626, -0.36000001430511475, -0.36000001430511475, -0.39453125, 1.225830078125, 1.2505685091018677
3.5902891089208424, -0.36000001430511475, -0.36000001430511475, -0.39453125, 1.225830078125, 1.2505685091018677
3.6002558739855886, -0.36000001430511475, -0.36000001430511475, -0.39453125, 1.225830078125, 1.2505685091018677
3.610383657971397, -0.36000001430511475, -0.36000001430511475, -0.3984375, 1.213653564453125, 1.2505685091018677
3.620314799947664, -0.36000001430511475, -0.36000001430511475, -0.3984375, 1.2021942138671875, 1.2505685091018677
3.6301920330151916, -0.36000001430511475, -0.36000001430511475, -0.3984375, 1.2021942138671875, 1.2505685091018677
3.6401932659791782, -0.36000001430511475, -0.36000001430511475, -0.3984375, 1.2021942138671875, 1.2505685091018677
3.6502417689189315, -0.36000001430511475, -0.36000001430511475, -0.40234375, 1.1900634765625, 1.2505685091018677
3.660261078970507, -0.36000001430511475, -0.36000001430511475, -0.40234375, 1.1900634765625, 1.2505685091018677
3.6703964609187096, -0.36000001430511475, -0.36000001430511475, -0.40234375, 1.1900634765625, 1.2505685091018677
3.680327716981992, -0.36000001430511475, -0.36000001430511475, -0.40234375, 1.1900634765625, 1.2505685091018677
3.690254685934633, -0.36000001430511475, -0.36000001430511475, -0.40234375, 1.1900634765625, 1.2505685091018677
3.7001927559031174, -0.36000001430511475, -0.36000001430511475, -0.40234375, 1.1733245849609375, 1.2505685091018677
3.7105944799259305, -0.36000001430511475, -0.36000001430511475, -0.40234375, 1.1733245849609375, 1.2505685091018677
3.7205060969572514, -0.36000001430511475, -0.36000001430511475, -0.40234375, 1.1733245849609375, 1.1768156290054321
3.731006614980288, -0.36000001430511475, -0.36000001430511475, -0.40234375, 1.1733245849609375, 1.1768156290054321
3.740127686993219, -0.36000001430511475, -0.36000001430511475, -0.40234375, 1.1621246337890625, 1.1768156290054321
3.7502149349311367, -0.36000001430511475, -0.36000001430511475, -0.3984375, 1.1512451171875, 1.1768156290054321
3.760184134938754, -0.36000001430511475, -0.36000001430511475, -0.3984375, 1.1512451171875, 1.1768156290054321
3.7701177899725735, -0.36000001430511475, -0.36000001430511475, -0.3984375, 1.1512451171875, 1.1768156290054321
3.7801824149210006, -0.36000001430511475, -0.36000001430511475, -0.3984375, 1.1512451171875, 1.1768156290054321
3.7901980439200997, -0.36000001430511475, -0.36000001430511475, -0.3984375, 1.1512451171875, 1.1768156290054321
3.8003425099886954, -0.36000001430511475, -0.36000001430511475, -0.3984375, 1.135467529296875, 1.1768156290054321
3.810317330993712, -0.36000001430511475, -0.36000001430511475, -0.3984375, 1.135467529296875, 1.1768156290054321
3.8203725789207965, -0.36000001430511475, -0.36000001430511475, -0.39453125, 1.12725830078125, 1.1768156290054321
3.830299634952098, -0.36000001430511475, -0.36000001430511475, -0.39453125, 1.12725830078125, 1.1768156290054321
3.840321183903143, -0.36000001430511475, -0.36000001430511475, -0.39453125, 1.12725830078125, 1.1768156290054321
3.8503644349984825, -0.36000001430511475, -0.36000001430511475, -0.39453125, 1.12725830078125, 1.1768156290054321
3.8602121470030397, -0.36000001430511475, -0.36000001430511475, -0.39453125, 1.113616943359375, 1.1768156290054321
3.8702500029467046, -0.36000001430511475, -0.36000001430511475, -0.39453125, 1.113616943359375, 1.1768156290054321
3.8801697979215533, -0.36000001430511475, -0.36000001430511475, -0.39453125, 1.113616943359375, 1.1768156290054321
3.8901603679405525, -0.36000001430511475, -0.36000001430511475, -0.39453125, 1.113616943359375, 1.1768156290054321
3.900174579001032, -0.36000001430511475, -0.36000001430511475, -0.390625, 1.10113525390625, 1.1768156290054321
3.910156660946086, -0.36000001430511475, -0.36000001430511475, -0.390625, 1.10113525390625, 1.1054023504257202
3.920269539928995, -0.36000001430511475, -0.36000001430511475, -0.39453125, 1.088592529296875, 1.1054023504257202
3.9301977229770273, -0.36000001430511475, -0.36000001430511475, -0.39453125, 1.088592529296875, 1.1054023504257202
3.940327134914696, -0.36000001430511475, -0.36000001430511475, -0.39453125, 1.088592529296875, 1.1054023504257202
3.950412273989059, -0.36000001430511475, -0.36000001430511475, -0.3984375, 1.078887939453125, 1.1054023504257202
3.960380482953042, -0.36000001430511475, -0.36000001430511475, -0.3984375, 1.078887939453125, 1.1054023504257202
3.970258899964392, -0.36000001430511475, -0.36000001430511475, -0.3984375, 1.078887939453125, 1.1054023504257202
3.9804883569013327, -0.36000001430511475, -0.36000001430511475, -0.3984375, 1.078887939453125, 1.1054023504257202
3.9902987210080028, -0.36000001430511475, -0.36000001430511475, -0.3984375, 1.078887939453125, 1.1054023504257202
4.000475793960504, -0.36000001430511475, -0.36000001430511475, -0.3984375, 1.06182861328125, 1.1054023504257202
4.010416782926768, 0.0, -0.36000001430511475, -0.3984375, 1.06182861328125, 1.1054023504257202
4.020140344975516, 0.0, 0.0, -0.3984375, 1.0417022705078125, 1.1054023504257202
4.030235038953833, 0.0, 0.0, -0.3984375, 1.0417022705078125, 1.1054023504257202
4.040916463942267, 0.0, 0.0, -0.3984375, 1.0417022705078125, 1.1054023504257202
4.050422628992237, 0.0, 0.0, -0.39453125, 1.0299224853515625, 1.1054023504257202
4.06017328100279, 0.0, 0.0, -0.39453125, 1.0299224853515625, 1.1054023504257202
4.070084267994389, 0.0, 0.0, -0.39453125, 1.0299224853515625, 1.1054023504257202
4.080338764004409, 0.0, 0.0, -0.39453125, 1.0299224853515625, 1.1054023504257202
4.0901478639571, 0.0, 0.0, -0.39453125, 1.0299224853515625, 1.1054023504257202
4.10019335092511, 0.0, 0.0, -0.38671875, 0.9896392822265625, 1.1054023504257202
4.110162108903751, 0.0, 0.0, -0.38671875, 0.9896392822265625, 1.0048102140426636
4.12037701101508, 0.0, 0.0, -0.3671875, 0.9792327880859375, 1.0048102140426636
4.130144989001565, 0.0, 0.0, -0.3671875, 0.9792327880859375, 1.0048102140426636
4.140112716937438, 0.0, 0.0, -0.3671875, 0.9792327880859375, 1.0048102140426636
4.150216516922228, 0.0, 0.0, -0.34765625, 0.95269775390625, 1.0048102140426636
4.160148989991285, 0.0, 0.0, -0.34765625, 0.95269775390625, 1.0048102140426636
4.17033704998903, 0.0, 0.0, -0.34765625, 0.95269775390625, 1.0048102140426636
4.180275516002439, 0.0, 0.0, -0.34765625, 0.95269775390625, 1.0048102140426636
4.190182610996999, 0.0, 0.0, -0.34765625, 0.95269775390625, 1.0048102140426636
4.200184198911302, 0.0, 0.0, -0.2265625, 0.9421234130859375, 1.0048102140426636
4.210372228990309, 0.0, 0.0, -0.2265625, 0.9421234130859375, 1.0048102140426636
4.220187513972633, 0.0, 0.0, -0.2265625, 0.9421234130859375, 1.0048102140426636
4.230970462900586, 0.0, 0.0, -0.125, 0.9206695556640625, 1.0048102140426636
4.240135367959738, 0.0, 0.0, -0.125, 0.9206695556640625, 1.0048102140426636
4.250435589929111, 0.0, 0.0, -0.05078125, 0.917938232421875, 1.0048102140426636
4.260193967958912, 0.0, 0.0, -0.05078125, 0.917938232421875, 1.0048102140426636
4.270348911988549, 0.0, 0.0, -0.05078125, 0.917938232421875, 1.0048102140426636
4.280157477944158, 0.0, 0.0, -0.05078125, 0.917938232421875, 1.0048102140426636
4.290472261956893, 0.0, 0.0, -0.05078125, 0.917938232421875, 1.0048102140426636
4.300381573964842, 0.0, 0.0, -0.0, 0.9067230224609375, 1.0048102140426636
4.310141797992401, 0.0, 0.0, -0.0, 0.9067230224609375, 1.0048102140426636
4.320144712924957, 0.0, 0.0, -0.0, 0.9067230224609375, 0.9644094109535217
4.330300241010264, 0.0, 0.0, -0.0, 0.9067230224609375, 0.9644094109535217
4.340306884958409, 0.0, 0.0, 0.02734375, 0.89794921875, 0.9644094109535217
4.350478978944011, 0.0, 0.0, 0.02734375, 0.89794921875, 0.9644094109535217
4.360295182908885, 0.0, 0.0, 0.046875, 0.9001922607421875, 0.9644094109535217
4.370453395997174, 0.0, 0.0, 0.046875, 0.9001922607421875, 0.9644094109535217
4.380164325935766, 0.0, 0.0, 0.046875, 0.9001922607421875, 0.9644094109535217
4.3903721229871735, 0.0, 0.0, 0.046875, 0.9001922607421875, 0.9644094109535217
4.40025320998393, 0.0, 0.0, 0.0625, 0.8953094482421875, 0.9644094109535217
4.410188152920455, 0.0, 0.0, 0.0625, 0.8953094482421875, 0.9644094109535217
4.420206142938696, 0.0, 0.0, 0.0625, 0.8953094482421875, 0.9644094109535217
4.430595831014216, 0.0, 0.0, 0.07421875, 0.897308349609375, 0.9644094109535217
4.440452352981083, 0.0, 0.0, 0.07421875, 0.897308349609375, 0.9644094109535217
4.4503790439339355, 0.0, 0.0, 0.08203125, 0.89501953125, 0.9644094109535217
4.4602201889501885, 0.0, 0.0, 0.08203125, 0.89501953125, 0.9644094109535217
4.470479112002067, 0.0, 0.0, 0.08203125, 0.89501953125, 0.9644094109535217
4.480413867975585, 0.0, 0.0, 0.08203125, 0.89501953125, 0.9644094109535217
4.490489756921306, 0.0, 0.0, 0.08984375, 0.8983612060546875, 0.9644094109535217
4.500130212982185, 0.0, 0.0, 0.08984375, 0.8983612060546875, 0.9644094109535217
4.5101182899670675, 0.0, 0.0, 0.08984375, 0.8983612060546875, 0.960861325263977
4.520420442917384, 0.0, 0.0, 0.09375, 0.898345947265625, 0.960861325263977
4.530390405911021, 0.0, 0.0, 0.09375, 0.898345947265625, 0.960861325263977
4.540216328925453, 0.0, 0.0, 0.09375, 0.898345947265625, 0.960861325263977
4.550144396955147, 0.0, 0.0, 0.09375, 0.898345947265625, 0.960861325263977
4.560599711956456, 0.0, 0.0, 0.09765625, 0.8997344970703125, 0.960861325263977
4.570425153942779, 0.0, 0.0, 0.09765625, 0.8997344970703125, 0.960861325263977
4.580512448912486, 0.0, 0.0, 0.09765625, 0.9002685546875, 0.960861325263977
4.590207819943316, 0.0, 0.0, 0.09765625, 0.9002685546875, 0.960861325263977
4.600156442960724, 0.0, 0.0, 0.09765625, 0.9002685546875, 0.960861325263977
4.610219442984089, 0.0, 0.0, 0.09765625, 0.9002685546875, 0.960861325263977
4.620383210014552, 0.0, 0.0, 0.1015625, 0.9055023193359375, 0.960861325263977
4.630215734010562, 0.0, 0.0, 0.1015625, 0.9055023193359375, 0.960861325263977
4.640452625928447, 0.0, 0.0, 0.1015625, 0.9055023193359375, 0.960861325263977
4.6503008109284565, 0.0, 0.0, 0.1015625, 0.9055023193359375, 0.960861325263977
4.660276882932521, 0.0, 0.0, 0.1015625, 0.9071502685546875, 0.960861325263977
4.670215438003652, 0.0, 0.0, 0.1015625, 0.9071502685546875, 0.960861325263977
4.6812763819471, 0.0, 0.0, 0.1015625, 0.9071502685546875, 0.960861325263977
4.69013962498866, 0.0, 0.0, 0.1015625, 0.9109649658203125, 0.960861325263977
4.70018376794178, 0.0, 0.0, 0.1015625, 0.9109649658203125, 0.960861325263977
4.710202464950271, 0.0, 0.0, 0.1015625, 0.9109649658203125, 0.9602735638618469
4.720267703989521, 0.0, 0.0, 0.09375, 0.9134063720703125, 0.9602735638618469
4.730277490918525, 0.0, 0.0, 0.09375, 0.9134063720703125, 0.9602735638618469
4.740144265932031, 0.0, 0.0, 0.09375, 0.9134063720703125, 0.9602735638618469
4.750282938010059, 0.0, 0.0, 0.09375, 0.916534423828125, 0.9602735638618469
4.760209752945229, 0.0, 0.0, 0.09375, 0.916534423828125, 0.9602735638618469
4.770246514934115, 0.0, 0.0, 0.09375, 0.916534423828125, 0.9602735638618469
4.780187709955499, 0.0, 0.0, 0.09375, 0.916534423828125, 0.9602735638618469
4.790517260902561, 0.0, 0.0, 0.08984375, 0.9171905517578125, 0.9602735638618469
4.800290092010982, 0.0, 0.0, 0.08984375, 0.9171905517578125, 0.9602735638618469
4.810155654908158, 0.0, 0.0, 0.08984375, 0.9171905517578125, 0.9602735638618469
4.8203496059868485, 0.0, 0.0, 0.08984375, 0.9194488525390625, 0.9602735638618469
4.83037927292753, 0.0, 0.0, 0.08984375, 0.9194488525390625, 0.9602735638618469
4.840552705922164, 0.0, 0.0, 0.08984375, 0.9194488525390625, 0.9602735638618469
4.85069387499243, 0.0, 0.0, 0.0859375, 0.9217681884765625, 0.9602735638618469
4.860524490941316, 0.0, 0.0, 0.0859375, 0.9217681884765625, 0.9602735638618469
4.870176794938743, 0.0, 0.0, 0.0859375, 0.9217681884765625, 0.9602735638618469
4.880205305991694, 0.0, 0.0, 0.0859375, 0.9217681884765625, 0.9602735638618469
4.890621225000359, 0.0, 0.0, 0.08203125, 0.9262847900390625, 0.9602735638618469
4.900604913011193, 0.0, 0.0, 0.08203125, 0.9262847900390625, 0.9602735638618469
4.9102558109443635, 0.0, 0.0, 0.08203125, 0.9262847900390625, 0.9602735638618469
4.920272848918103, 0.0, 0.0, 0.08203125, 0.9262847900390625, 0.9708601236343384
4.9305232929764315, 0.0, 0.0, 0.078125, 0.930816650390625, 0.9708601236343384
4.94018267292995, 0.0, 0.0, 0.078125, 0.930816650390625, 0.9708601236343384
4.950467108981684, 0.0, 0.0, 0.07421875, 0.932769775390625, 0.9708601236343384
4.960188303957693, 0.0, 0.0, 0.07421875, 0.932769775390625, 0.9708601236343384
4.9703169509302825, 0.0, 0.0, 0.07421875, 0.932769775390625, 0.9708601236343384
4.980421783984639, 0.0, 0.0, 0.07421875, 0.932769775390625, 0.9708601236343384
4.990779937012121, 0.0, 0.0, 0.0703125, 0.9352569580078125, 0.9708601236343384
5.000884074950591, 0.0, 0.0, 0.0703125, 0.9352569580078125, 0.9708601236343384
5.010733950999565, 0.0, 0.0, 0.0703125, 0.9352569580078125, 0.9708601236343384
5.020272500929423, 0.0, 0.0, 0.06640625, 0.940216064453125, 0.9708601236343384
5.030193501967005, 0.0, 0.0, 0.06640625, 0.940216064453125, 0.9708601236343384
5.040159347001463, 0.0, 0.0, 0.06640625, 0.940216064453125, 0.9708601236343384
5.051538683008403, 0.0, 0.0, 0.0625, 0.9419403076171875, 0.9708601236343384
5.060501853004098, 0.0, 0.0, 0.0625, 0.9419403076171875, 0.9708601236343384
5.07023237796966, 0.0, 0.0, 0.0625, 0.9419403076171875, 0.9708601236343384
5.080527957994491, 0.0, 0.0, 0.05859375, 0.9469757080078125, 0.9708601236343384
5.090297100949101, 0.0, 0.0, 0.05859375, 0.9469757080078125, 0.9708601236343384
5.100297699915245, 0.0, 0.0, 0.05859375, 0.9469757080078125, 0.9708601236343384
5.110125378007069, 0.0, 0.0, 0.05859375, 0.9469757080078125, 0.9803662896156311
5.1203050499316305, 0.0, 0.0, 0.0546875, 0.950439453125, 0.9803662896156311
5.1301406839629635, 0.0, 0.0, 0.0546875, 0.950439453125, 0.9803662896156311
5.140202670940198, 0.0, 0.0, 0.0546875, 0.950439453125, 0.9803662896156311
5.150259039946832, 0.0, 0.0, 0.046875, 0.954864501953125, 0.9803662896156311
5.1602566769579425, 0.0, 0.0, 0.046875, 0.954864501953125, 0.9803662896156311
5.170146917924285, 0.0, 0.0, 0.046875, 0.954864501953125, 0.9803662896156311
5.180309765972197, 0.0, 0.0, 0.046875, 0.954864501953125, 0.9803662896156311
5.190579665941186, 0.0, 0.0, 0.0390625, 0.9563446044921875, 0.9803662896156311
5.200405793963, 0.0, 0.0, 0.0390625, 0.9563446044921875, 0.9803662896156311
5.210182598908432, 0.0, 0.0, 0.0390625, 0.9563446044921875, 0.9803662896156311
5.22031360398978, 0.0, 0.0, 0.03515625, 0.9596710205078125, 0.9803662896156311
5.230190087924711, 0.0, 0.0, 0.03515625, 0.9596710205078125, 0.9803662896156311
5.240196366910823, 0.0, 0.0, 0.03515625, 0.9596710205078125, 0.9803662896156311
5.250152750988491, 0.0, 0.0, 0.03515625, 0.9596710205078125, 0.9803662896156311
5.260857440996915, 0.0, 0.0, 0.02734375, 0.9615936279296875, 0.9803662896156311
5.270147672970779, 0.0, 0.0, 0.02734375, 0.9615936279296875, 0.9803662896156311
5.280164533993229, 0.0, 0.0, 0.02734375, 0.9615936279296875, 0.9803662896156311
5.290504677919671, 0.0, 0.0, 0.02734375, 0.9628448486328125, 0.9803662896156311
5.30018206499517, 0.0, 0.0, 0.02734375, 0.9628448486328125, 0.9803662896156311
5.310131900012493, 0.0, 0.0, 0.02734375, 0.9628448486328125, 0.9837751984596252
5.32029053196311, 0.0, 0.0, 0.0234375, 0.9642791748046875, 0.9837751984596252
5.331042535952292, 0.0, 0.0, 0.0234375, 0.9642791748046875, 0.9837751984596252
5.340323862968944, 0.0, 0.0, 0.0234375, 0.9642791748046875, 0.9837751984596252
5.350142593961209, 0.0, 0.0, 0.0234375, 0.9642791748046875, 0.9837751984596252
5.360131169902161, 0.0, 0.0, 0.0234375, 0.9645233154296875, 0.9837751984596252
5.370462651946582, 0.0, 0.0, 0.0234375, 0.9645233154296875, 0.9837751984596252
5.381317246006802, 0.0, 0.0, 0.0234375, 0.965728759765625, 0.9837751984596252
5.390566027956083, 0.0, 0.0, 0.0234375, 0.965728759765625, 0.9837751984596252
5.400259586982429, 0.0, 0.0, 0.0234375, 0.965728759765625, 0.9837751984596252
5.410495196934789, 0.0, 0.0, 0.0234375, 0.965728759765625, 0.9837751984596252
5.420159303932451, 0.0, 0.0, 0.0234375, 0.9669342041015625, 0.9837751984596252
5.430215116008185, 0.0, 0.0, 0.0234375, 0.9669342041015625, 0.9837751984596252
5.440203276928514, 0.0, 0.0, 0.0234375, 0.9669342041015625, 0.9837751984596252
5.450416550971568, 0.0, 0.0, 0.01953125, 0.9671630859375, 0.9837751984596252
5.460173236904666, 0.0, 0.0, 0.01953125, 0.9671630859375, 0.9837751984596252
5.470154623966664, 0.0, 0.0, 0.01953125, 0.9671630859375, 0.9837751984596252
5.480193175957538, 0.0, 0.0, 0.01953125, 0.9671630859375, 0.9837751984596252
5.49054276291281, 0.0, 0.0, 0.01953125, 0.9683837890625, 0.9837751984596252
5.500166951911524, 0.0, 0.0, 0.01953125, 0.9683837890625, 0.9837751984596252
5.510118299978785, 0.0, 0.0, 0.01953125, 0.9683837890625, 0.985283374786377
5.520960344001651, 0.0, 0.0, 0.01953125, 0.9696197509765625, 0.985283374786377
5.530820730957203, 0.0, 0.0, 0.01953125, 0.9696197509765625, 0.985283374786377
5.540175200905651, 0.0, 0.0, 0.01953125, 0.9696197509765625, 0.985283374786377
5.550632269936614, 0.0, 0.0, 0.01953125, 0.9696197509765625, 0.985283374786377
5.560356259928085, 0.0, 0.0, 0.015625, 0.9703521728515625, 0.985283374786377
5.570290817995556, 0.0, 0.0, 0.015625, 0.9703521728515625, 0.985283374786377
5.580290117999539, 0.0, 0.0, 0.015625, 0.9703521728515625, 0.985283374786377
5.590244009974413, 0.0, 0.0, 0.015625, 0.97216796875, 0.985283374786377
5.600358494906686, 0.0, 0.0, 0.015625, 0.97216796875, 0.985283374786377
5.610622277949005, 0.0, 0.0, 0.015625, 0.97216796875, 0.985283374786377
5.62029290292412, 0.0, 0.0, 0.015625, 0.9747161865234375, 0.985283374786377
5.630181565997191, 0.0, 0.0, 0.015625, 0.9747161865234375, 0.985283374786377
5.640132510918193, 0.0, 0.0, 0.015625, 0.9747161865234375, 0.985283374786377
5.65040056896396, 0.0, 0.0, 0.01171875, 0.9746551513671875, 0.985283374786377
5.6608900430146605, 0.0, 0.0, 0.01171875, 0.9746551513671875, 0.985283374786377
5.6702788239344954, 0.0, 0.0, 0.01171875, 0.9746551513671875, 0.985283374786377
5.680708591011353, 0.0, 0.0, 0.01171875, 0.9751739501953125, 0.985283374786377
5.69021636294201, 0.0, 0.0, 0.01171875, 0.9751739501953125, 0.985283374786377
5.700132007943466, 0.0, 0.0, 0.01171875, 0.9751739501953125, 0.985283374786377
5.710161905968562, 0.0, 0.0, 0.01171875, 0.9751739501953125, 0.985283374786377
5.720207748934627, 0.0, 0.0, 0.01171875, 0.9751739501953125, 0.9868190884590149
5.730287913931534, 0.0, 0.0, 0.01171875, 0.9774169921875, 0.9868190884590149
5.740176521940157, 0.0, 0.0, 0.01171875, 0.9774169921875, 0.9868190884590149
5.750250689918175, 0.0, 0.0, 0.01171875, 0.9774169921875, 0.9868190884590149
5.760475977906026, 0.0, 0.0, 0.0078125, 0.978973388671875, 0.9868190884590149
5.770220334990881, 0.0, 0.0, 0.0078125, 0.978973388671875, 0.9868190884590149
5.780264133005403, 0.0, 0.0, 0.0078125, 0.97918701171875, 0.9868190884590149
5.79023788694758, 0.0, 0.0, 0.0078125, 0.97918701171875, 0.9868190884590149
5.800167622976005, 0.0, 0.0, 0.0078125, 0.97918701171875, 0.9868190884590149
5.81029726692941, 0.0, 0.0, 0.0078125, 0.97918701171875, 0.9868190884590149
5.820184038951993, 0.0, 0.0, 0.0078125, 0.97930908203125, 0.9868190884590149
5.830252658925019, 0.0, 0.0, 0.0078125, 0.97930908203125, 0.9868190884590149
5.840157022932544, 0.0, 0.0, 0.0078125, 0.97930908203125, 0.9868190884590149
5.850528115988709, 0.0, 0.0, 0.0078125, 0.9798431396484375, 0.9868190884590149
5.860312323900871, 0.0, 0.0, 0.0078125, 0.9798431396484375, 0.9868190884590149
5.870689770905301, 0.0, 0.0, 0.0078125, 0.9798431396484375, 0.9868190884590149
5.880324171972461, 0.0, 0.0, 0.00390625, 0.980010986328125, 0.9868190884590149
5.890300242928788, 0.0, 0.0, 0.00390625, 0.980010986328125, 0.9868190884590149
5.900415197014809, 0.0, 0.0, 0.00390625, 0.980010986328125, 0.9868190884590149
5.91034620499704, 0.0, 0.0, 0.00390625, 0.980010986328125, 0.9878259301185608
5.920236769947223, 0.0, 0.0, 0.0078125, 0.9812774658203125, 0.9878259301185608
5.93019236496184, 0.0, 0.0, 0.0078125, 0.9812774658203125, 0.9878259301185608
5.940430486924015, 0.0, 0.0, 0.0078125, 0.9812774658203125, 0.9878259301185608
5.950421693967655, 0.0, 0.0, 0.0078125, 0.9812774658203125, 0.9878259301185608
5.960466944961809, 0.0, 0.0, 0.0078125, 0.979339599609375, 0.9878259301185608
5.970291653997265, 0.0, 0.0, 0.0078125, 0.979339599609375, 0.9878259301185608
5.980124010005966, 0.0, 0.0, 0.0078125, 0.979339599609375, 0.9878259301185608
5.990181308006868, 0.0, 0.0, 0.0078125, 0.97991943359375, 0.9878259301185608
6.000244802911766, 0.0, 0.0, 0.0078125, 0.97991943359375, 0.9878259301185608
6.010183193953708, 0.0, 0.0, 0.0078125, 0.97991943359375, 0.9878259301185608
6.020204726955853, 0.0, 0.0, 0.00390625, 0.9808502197265625, 0.9878259301185608
6.030272539006546, 0.0, 0.0, 0.00390625, 0.9808502197265625, 0.9878259301185608
6.040412692003883, 0.0, 0.0, 0.00390625, 0.9808502197265625, 0.9878259301185608
6.050350817968138, 0.0, 0.0, 0.00390625, 0.9810791015625, 0.9878259301185608
6.060240838909522, 0.0, 0.0, 0.00390625, 0.9810791015625, 0.9878259301185608
6.070320891914889, 0.0, 0.0, 0.00390625, 0.9810791015625, 0.9878259301185608
6.080151889007539, 0.0, 0.0, 0.00390625, 0.9810791015625, 0.9878259301185608
6.09016660193447, 0.0, 0.0, 0.00390625, 0.982330322265625, 0.9878259301185608
6.100366652011871, 0.0, 0.0, 0.00390625, 0.982330322265625, 0.9878259301185608
6.110160957905464, 0.0, 0.0, 0.00390625, 0.982330322265625, 0.9901058673858643
6.1204106049844995, 0.0, 0.0, 0.00390625, 0.9838409423828125, 0.9901058673858643
6.1301388329593465, 0.0, 0.0, 0.00390625, 0.9838409423828125, 0.9901058673858643
6.1401625809958205, 0.0, 0.0, 0.00390625, 0.9838409423828125, 0.9901058673858643
6.150644658016972, 0.0, 0.0, 0.00390625, 0.98443603515625, 0.9901058673858643
6.160279452917166, 0.0, 0.0, 0.00390625, 0.98443603515625, 0.9901058673858643
6.170153236947954, 0.0, 0.0, 0.00390625, 0.98443603515625, 0.9901058673858643
6.1801788759185, 0.0, 0.0, 0.00390625, 0.98443603515625, 0.9901058673858643
6.190212944988161, 0.0, 0.0, 0.00390625, 0.986541748046875, 0.9901058673858643
6.200455037993379, 0.0, 0.0, 0.00390625, 0.986541748046875, 0.9901058673858643
6.210204061935656, 0.0, 0.0, 0.00390625, 0.986541748046875, 0.9901058673858643
6.220408407971263, 0.0, 0.0, 0.00390625, 0.9870452880859375, 0.9901058673858643
6.2301958409370854, 0.0, 0.0, 0.00390625, 0.9870452880859375, 0.9901058673858643
6.240263240993954, 0.0, 0.0, 0.00390625, 0.9870452880859375, 0.9901058673858643
6.250182232935913, 0.0, 0.0, -0.0, 0.9877471923828125, 0.9901058673858643
6.260271837934852, 0.0, 0.0, -0.0, 0.9877471923828125, 0.9901058673858643
6.2703273819061, 0.0, 0.0, -0.0, 0.9877471923828125, 0.9901058673858643
6.280514459940605, 0.0, 0.0, -0.0, 0.9877471923828125, 0.9901058673858643
6.290500946925022, 0.0, 0.0, -0.0, 0.987945556640625, 0.9901058673858643
6.301035101991147, 0.0, 0.0, -0.0, 0.987945556640625, 0.9901058673858643
6.310139803914353, 0.0, 0.0, -0.0, 0.987945556640625, 0.9901058673858643
6.320515858009458, 0.0, 0.0, -0.0, 0.9882354736328125, 0.9916306734085083
6.330149658955634, 0.0, 0.0, -0.0, 0.9882354736328125, 0.9916306734085083
6.340204944950528, 0.0, 0.0, -0.0, 0.9882354736328125, 0.9916306734085083
6.350811004987918, 0.0, 0.0, -0.0, 0.98828125, 0.9916306734085083
6.360219846945256, 0.0, 0.0, -0.0, 0.98828125, 0.9916306734085083
6.370163119980134, 0.0, 0.0, -0.0, 0.98828125, 0.9916306734085083
6.380192845943384, 0.0, 0.0, -0.0, 0.98828125, 0.9916306734085083
6.39036608801689, 0.0, 0.0, -0.0, 0.9884796142578125, 0.9916306734085083
6.400269471923821, 0.0, 0.0, -0.0, 0.9884796142578125, 0.9916306734085083
6.410099331988022, 0.0, 0.0, -0.0, 0.9884796142578125, 0.9916306734085083
6.420320083969273, 0.0, 0.0, -0.0, 0.989044189453125, 0.9916306734085083
6.430182081996463, 0.0, 0.0, -0.0, 0.989044189453125, 0.9916306734085083
6.440184684935957, 0.0, 0.0, -0.0, 0.989044189453125, 0.9916306734085083
6.450202361913398, 0.0, 0.0, -0.0, 0.989044189453125, 0.9916306734085083
6.460487721953541, 0.0, 0.0, -0.0, 0.9895782470703125, 0.9916306734085083
6.470195091911592, 0.0, 0.0, -0.0, 0.9895782470703125, 0.9916306734085083
6.480187637964264, 0.0, 0.0, -0.0, 0.9895782470703125, 0.9916306734085083
6.490468406002037, 0.0, 0.0, -0.0, 0.9895782470703125, 0.9916306734085083
6.500145166995935, 0.0, 0.0, -0.0, 0.990020751953125, 0.9916306734085083
6.510120630962774, 0.0, 0.0, -0.0, 0.990020751953125, 0.9916306734085083
6.520118042011745, 0.0, 0.0, -0.0, 0.990020751953125, 0.9925066232681274
6.530280535924248, 0.0, 0.0, -0.00390625, 0.99249267578125, 0.9925066232681274
6.5401982959592715, 0.0, 0.0, -0.00390625, 0.99249267578125, 0.9925066232681274
6.550195987918414, 0.0, 0.0, -0.00390625, 0.99249267578125, 0.9925066232681274
6.560185779002495, 0.0, 0.0, -0.00390625, 0.99176025390625, 0.9925066232681274
6.570170804974623, 0.0, 0.0, -0.00390625, 0.99176025390625, 0.9925066232681274
6.580190405016765, 0.0, 0.0, -0.00390625, 0.99176025390625, 0.9925066232681274
6.590332484920509, 0.0, 0.0, -0.00390625, 0.9916229248046875, 0.9925066232681274
6.600188378011808, 0.0, 0.0, -0.00390625, 0.9916229248046875, 0.9925066232681274
6.610614111996256, 0.0, 0.0, -0.00390625, 0.9916229248046875, 0.9925066232681274
6.62017297197599, 0.0, 0.0, -0.00390625, 0.9916229248046875, 0.9925066232681274
6.630117079010233, 0.0, 0.0, -0.00390625, 0.9906768798828125, 0.9925066232681274
6.640386793995276, 0.0, 0.0, -0.00390625, 0.9906768798828125, 0.9925066232681274
6.650231180014089, 0.0, 0.0, -0.00390625, 0.9906768798828125, 0.9925066232681274
6.660194830968976, 0.0, 0.0, -0.0, 0.990966796875, 0.9925066232681274
6.6701736089307815, 0.0, 0.0, -0.0, 0.990966796875, 0.9925066232681274
6.680148879997432, 0.0, 0.0, -0.0, 0.990966796875, 0.9925066232681274
6.690351582947187, 0.0, 0.0, -0.0, 0.990966796875, 0.9925066232681274
6.700425602961332, 0.0, 0.0, -0.0, 0.99053955078125, 0.9925066232681274
6.710374734015204, 0.0, 0.0, -0.0, 0.99053955078125, 0.9925066232681274
6.7203855369007215, 0.0, 0.0, -0.0, 0.99053955078125, 0.9923640489578247
6.730313619947992, 0.0, 0.0, -0.00390625, 0.9908447265625, 0.9923640489578247
6.740438957000151, 0.0, 0.0, -0.00390625, 0.9908447265625, 0.9923640489578247
6.750407573999837, 0.0, 0.0, -0.00390625, 0.9908447265625, 0.9923640489578247
6.760179311968386, 0.0, 0.0, -0.00390625, 0.9908447265625, 0.9923640489578247
6.770193169941194, 0.0, 0.0, -0.00390625, 0.9913787841796875, 0.9923640489578247
6.780352953937836, 0.0, 0.0, -0.00390625, 0.9913787841796875, 0.9923640489578247
6.790501735988073, 0.0, 0.0, -0.0078125, 0.9910888671875, 0.9923640489578247
6.800145456916653, 0.0, 0.0, -0.0078125, 0.9910888671875, 0.9923640489578247
6.810117537970655, 0.0, 0.0, -0.0078125, 0.9910888671875, 0.9923640489578247
6.820092225912958, 0.0, 0.0, -0.0078125, 0.9910888671875, 0.9923640489578247
6.830356498947367, 0.0, 0.0, -0.0078125, 0.99017333984375, 0.9923640489578247
6.840601941919886, 0.0, 0.0, -0.0078125, 0.99017333984375, 0.9923640489578247
6.850639389944263, 0.0, 0.0, -0.0078125, 0.99017333984375, 0.9923640489578247
6.860467745922506, 0.0, 0.0, -0.0078125, 0.99017333984375, 0.9923640489578247
6.870729794958606, 0.0, 0.0, -0.01171875, 0.9898681640625, 0.9923640489578247
6.880547237000428, 0.0, 0.0, -0.01171875, 0.9898681640625, 0.9923640489578247
6.890226116986014, 0.0, 0.0, -0.01171875, 0.9898681640625, 0.9923640489578247
6.900497653987259, 0.0, 0.0, -0.01171875, 0.9904327392578125, 0.9923640489578247
6.910188113921322, 0.0, 0.0, -0.01171875, 0.9904327392578125, 0.9923640489578247
6.9202542239800096, 0.0, 0.0, -0.01171875, 0.9904327392578125, 0.9915441274642944
6.930165324010886, 0.0, 0.0, -0.01171875, 0.9904327392578125, 0.9915441274642944
6.940546569996513, 0.0, 0.0, -0.01171875, 0.9896240234375, 0.9915441274642944
6.95023051998578, 0.0, 0.0, -0.01171875, 0.9896240234375, 0.9915441274642944
6.96017351699993, 0.0, 0.0, -0.01171875, 0.9896240234375, 0.9915441274642944
6.970650197006762, 0.0, 0.0, -0.015625, 0.9894561767578125, 0.9915441274642944
6.980314206914045, 0.0, 0.0, -0.015625, 0.9894561767578125, 0.9915441274642944
6.990143131930381, 0.0, 0.0, -0.015625, 0.9894561767578125, 0.9915441274642944
7.000625407905318, 0.0, 0.0, -0.01171875, 0.98944091796875, 0.9915441274642944
