time, reference_vz, command_gaz, speed_z, altitude, altitude_above_to
0.0, 0.0, 0.0, 0.0, 0.0, 0.0
0.010647435090504587, 0.36000001430511475, 0.36000001430511475, -0.0, 0.8004913330078125, 0.6601444482803345
0.020701721077784896, 0.36000001430511475, 0.36000001430511475, -0.0, 0.8004913330078125, 0.6601444482803345
0.03026314207818359, 0.36000001430511475, 0.36000001430511475, -0.0, 0.8004913330078125, 0.659349799156189
0.04046366410329938, 0.36000001430511475, 0.36000001430511475, -0.0, 0.8004608154296875, 0.659349799156189
0.05050250003114343, 0.36000001430511475, 0.36000001430511475, -0.0, 0.8004608154296875, 0.659349799156189
0.060360353090800345, 0.36000001430511475, 0.36000001430511475, -0.0, 0.8004608154296875, 0.659349799156189
0.070188396028243, 0.36000001430511475, 0.36000001430511475, -0.0, 0.8016510009765625, 0.659349799156189
0.0801527900621295, 0.36000001430511475, 0.36000001430511475, -0.0, 0.8016510009765625, 0.659349799156189
0.0902126980945468, 0.36000001430511475, 0.36000001430511475, -0.0, 0.8016510009765625, 0.659349799156189
0.1003449100535363, 0.36000001430511475, 0.36000001430511475, -0.0, 0.8015289306640625, 0.659349799156189
0.11019760509952903, 0.36000001430511475, 0.36000001430511475, -0.0, 0.8015289306640625, 0.659349799156189
0.12020491110160947, 0.36000001430511475, 0.36000001430511475, -0.0, 0.8015289306640625, 0.659349799156189
0.1301831800956279, 0.36000001430511475, 0.36000001430511475, -0.00390625, 0.8008575439453125, 0.659349799156189
0.14014284301083535, 0.36000001430511475, 0.36000001430511475, -0.00390625, 0.8008575439453125, 0.659349799156189
0.15034880908206105, 0.36000001430511475, 0.36000001430511475, -0.00390625, 0.8008575439453125, 0.659349799156189
0.1604791780700907, 0.36000001430511475, 0.36000001430511475, 0.03515625, 0.8011322021484375, 0.659349799156189
0.1702821491053328, 0.36000001430511475, 0.36000001430511475, 0.03515625, 0.8011322021484375, 0.659349799156189
0.18028865510132164, 0.36000001430511475, 0.36000001430511475, 0.03515625, 0.8011322021484375, 0.659349799156189
0.19020227307919413, 0.36000001430511475, 0.36000001430511475, 0.03515625, 0.8011322021484375, 0.659349799156189
0.20016149303410202, 0.36000001430511475, 0.36000001430511475, 0.14453125, 0.8042449951171875, 0.659349799156189
0.21024381299503148, 0.36000001430511475, 0.36000001430511475, 0.14453125, 0.8042449951171875, 0.659349799156189
0.22024254803545773, 0.36000001430511475, 0.36000001430511475, 0.14453125, 0.8042449951171875, 0.659349799156189
0.2302332380786538, 0.36000001430511475, 0.36000001430511475, 0.2421875, 0.81036376953125, 0.6804527640342712
0.24051910801790655, 0.36000001430511475, 0.36000001430511475, 0.2421875, 0.81036376953125, 0.6804527640342712
0.25018398405518383, 0.36000001430511475, 0.36000001430511475, 0.2421875, 0.81036376953125, 0.6804527640342712
0.26014122006017715, 0.36000001430511475, 0.36000001430511475, 0.2421875, 0.81036376953125, 0.6804527640342712
0.2701482700649649, 0.36000001430511475, 0.36000001430511475, 0.30859375, 0.82293701171875, 0.6804527640342712
0.28037467203103006, 0.36000001430511475, 0.36000001430511475, 0.30859375, 0.82293701171875, 0.6804527640342712
0.2902013970306143, 0.36000001430511475, 0.36000001430511475, 0.30859375, 0.82293701171875, 0.6804527640342712
0.30008666205685586, 0.36000001430511475, 0.36000001430511475, 0.32421875, 0.8324737548828125, 0.6804527640342712
0.3102152009960264, 0.36000001430511475, 0.36000001430511475, 0.32421875, 0.8324737548828125, 0.6804527640342712
0.3201565990457311, 0.36000001430511475, 0.36000001430511475, 0.32421875, 0.8324737548828125, 0.6804527640342712
0.3301487769931555, 0.36000001430511475, 0.36000001430511475, 0.328125, 0.8425445556640625, 0.6804527640342712
0.3402476171031594, 0.36000001430511475, 0.36000001430511475, 0.328125, 0.8425445556640625, 0.6804527640342712
0.35015126201324165, 0.36000001430511475, 0.36000001430511475, 0.328125, 0.8425445556640625, 0.6804527640342712
0.3601597480010241, 0.36000001430511475, 0.36000001430511475, 0.328125, 0.8425445556640625, 0.6804527640342712
0.3701625930843875, 0.36000001430511475, 0.36000001430511475, 0.33203125, 0.8542022705078125, 0.6804527640342712
0.38011362799443305, 0.36000001430511475, 0.36000001430511475, 0.33203125, 0.8542022705078125, 0.6804527640342712
0.3904440480982885, 0.36000001430511475, 0.36000001430511475, 0.33203125, 0.8542022705078125, 0.6804527640342712
0.40019012801349163, 0.36000001430511475, 0.36000001430511475, 0.33203125, 0.8629913330078125, 0.6804527640342712
0.410480713006109, 0.36000001430511475, 0.36000001430511475, 0.33203125, 0.8629913330078125, 0.6804527640342712
0.42018299805931747, 0.36000001430511475, 0.36000001430511475, 0.33203125, 0.8629913330078125, 0.6804527640342712
0.43040306004695594, 0.36000001430511475, 0.36000001430511475, 0.33203125, 0.8730316162109375, 0.7449357509613037
0.4401968130841851, 0.36000001430511475, 0.36000001430511475, 0.33203125, 0.8730316162109375, 0.7449357509613037
0.4503097360720858, 0.36000001430511475, 0.36000001430511475, 0.33203125, 0.8730316162109375, 0.7449357509613037
0.46023087203502655, 0.36000001430511475, 0.36000001430511475, 0.33203125, 0.8730316162109375, 0.7449357509613037
0.4701504440745339, 0.36000001430511475, 0.36000001430511475, 0.3359375, 0.884521484375, 0.7449357509613037
0.48036260600201786, 0.36000001430511475, 0.36000001430511475, 0.3359375, 0.884521484375, 0.7449357509613037
0.4904063150752336, 0.36000001430511475, 0.36000001430511475, 0.3359375, 0.884521484375, 0.7449357509613037
0.500273812096566, 0.36000001430511475, 0.36000001430511475, 0.33984375, 0.894622802734375, 0.7449357509613037
0.5101852110819891, 0.36000001430511475, 0.36000001430511475, 0.33984375, 0.894622802734375, 0.7449357509613037
0.5201128420885652, 0.36000001430511475, 0.36000001430511475, 0.33984375, 0.894622802734375, 0.7449357509613037
0.5301796010462567, 0.36000001430511475, 0.36000001430511475, 0.33984375, 0.90350341796875, 0.7449357509613037
0.5404931730590761, 0.36000001430511475, 0.36000001430511475, 0.33984375, 0.90350341796875, 0.7449357509613037
0.5501849700231105, 0.36000001430511475, 0.36000001430511475, 0.33984375, 0.90350341796875, 0.7449357509613037
0.5601687340531498, 0.36000001430511475, 0.36000001430511475, 0.33984375, 0.90350341796875, 0.7449357509613037
0.5702286360319704, 0.36000001430511475, 0.36000001430511475, 0.34375, 0.917449951171875, 0.7449357509613037
0.5802938370034099, 0.36000001430511475, 0.36000001430511475, 0.34375, 0.917449951171875, 0.7449357509613037
0.5901707221055403, 0.36000001430511475, 0.36000001430511475, 0.34375, 0.917449951171875, 0.7449357509613037
0.6001523960148916, 0.36000001430511475, 0.36000001430511475, 0.34765625, 0.9277496337890625, 0.7449357509613037
0.6101442370563745, 0.36000001430511475, 0.36000001430511475, 0.34765625, 0.9277496337890625, 0.7449357509613037
0.6201282910769805, 0.36000001430511475, 0.36000001430511475, 0.34765625, 0.9277496337890625, 0.7449357509613037
0.6304430291056633, 0.36000001430511475, 0.36000001430511475, 0.3515625, 0.9371795654296875, 0.8114978671073914
0.6401791441021487, 0.36000001430511475, 0.36000001430511475, 0.3515625, 0.9371795654296875, 0.8114978671073914
0.6502096940530464, 0.36000001430511475, 0.36000001430511475, 0.3515625, 0.9371795654296875, 0.8114978671073914
0.660205090069212, 0.36000001430511475, 0.36000001430511475, 0.3515625, 0.9371795654296875, 0.8114978671073914
0.6701825089985505, 0.36000001430511475, 0.36000001430511475, 0.3515625, 0.949493408203125, 0.8114978671073914
0.6801371440524235, 0.36000001430511475, 0.36000001430511475, 0.3515625, 0.949493408203125, 0.8114978671073914
0.690290900063701, 0.36000001430511475, 0.36000001430511475, 0.3515625, 0.949493408203125, 0.8114978671073914
0.7001305751036853, 0.36000001430511475, 0.36000001430511475, 0.3515625, 0.9586944580078125, 0.8114978671073914
0.7101671890122816, 0.36000001430511475, 0.36000001430511475, 0.3515625, 0.9586944580078125, 0.8114978671073914
0.7201751220272854, 0.36000001430511475, 0.36000001430511475, 0.3515625, 0.9586944580078125, 0.8114978671073914
0.7302523920079693, 0.36000001430511475, 0.36000001430511475, 0.3515625, 0.9586944580078125, 0.8114978671073914
0.7404922220157459, 0.36000001430511475, 0.36000001430511475, 0.35546875, 0.9709930419921875, 0.8114978671073914
0.7504244589945301, 0.36000001430511475, 0.36000001430511475, 0.35546875, 0.9709930419921875, 0.8114978671073914
0.7603483540005982, 0.36000001430511475, 0.36000001430511475, 0.35546875, 0.9709930419921875, 0.8114978671073914
0.7701926711015403, 0.36000001430511475, 0.36000001430511475, 0.35546875, 0.9827728271484375, 0.8114978671073914
0.7802653930848464, 0.36000001430511475, 0.36000001430511475, 0.35546875, 0.9827728271484375, 0.8114978671073914
0.7901990790851414, 0.36000001430511475, 0.36000001430511475, 0.35546875, 0.9827728271484375, 0.8114978671073914
0.800448079011403, 0.36000001430511475, 0.36000001430511475, 0.359375, 0.9935455322265625, 0.8114978671073914
0.810237214085646, 0.36000001430511475, 0.36000001430511475, 0.359375, 0.9935455322265625, 0.8114978671073914
0.8202461700420827, 0.36000001430511475, 0.36000001430511475, 0.359375, 0.9935455322265625, 0.8114978671073914
0.8301962130935863, 0.36000001430511475, 0.36000001430511475, 0.359375, 0.9935455322265625, 0.8824387192726135
0.840132579091005, 0.36000001430511475, 0.36000001430511475, 0.359375, 1.00347900390625, 0.8824387192726135
0.8502944280626252, 0.36000001430511475, 0.36000001430511475, 0.359375, 1.00347900390625, 0.8824387192726135
0.8608546170871705, 0.36000001430511475, 0.36000001430511475, 0.359375, 1.00347900390625, 0.8824387192726135
0.8707474860129878, 0.36000001430511475, 0.36000001430511475, 0.36328125, 1.0179901123046875, 0.8824387192726135
0.8804577380651608, 0.36000001430511475, 0.36000001430511475, 0.36328125, 1.0179901123046875, 0.8824387192726135
0.890169613994658, 0.36000001430511475, 0.36000001430511475, 0.36328125, 1.0179901123046875, 0.8824387192726135
0.9006319009931758, 0.36000001430511475, 0.36000001430511475, 0.36328125, 1.0279998779296875, 0.8824387192726135
0.9103232030756772, 0.36000001430511475, 0.36000001430511475, 0.36328125, 1.0279998779296875, 0.8824387192726135
0.9201777570415288, 0.36000001430511475, 0.36000001430511475, 0.36328125, 1.0279998779296875, 0.8824387192726135
0.9301911660004407, 0.36000001430511475, 0.36000001430511475, 0.36328125, 1.0279998779296875, 0.8824387192726135
0.9402186759980395, 0.36000001430511475, 0.36000001430511475, 0.3671875, 1.040924072265625, 0.8824387192726135
0.9501514130970463, 0.36000001430511475, 0.36000001430511475, 0.3671875, 1.040924072265625, 0.8824387192726135
0.9603906529955566, 0.36000001430511475, 0.36000001430511475, 0.3671875, 1.040924072265625, 0.8824387192726135
0.9703836319968104, 0.36000001430511475, 0.36000001430511475, 0.375, 1.0551300048828125, 0.8824387192726135
0.9805668630870059, 0.36000001430511475, 0.36000001430511475, 0.375, 1.0551300048828125, 0.8824387192726135
0.9902052379911765, 0.36000001430511475, 0.36000001430511475, 0.375, 1.0551300048828125, 0.8824387192726135
1.0003216980258003, 0.36000001430511475, 0.36000001430511475, 0.375, 1.064544677734375, 0.8824387192726135
1.0101963150082156, 0.36000001430511475, 0.36000001430511475, 0.375, 1.064544677734375, 0.8824387192726135
1.0203029840486124, 0.36000001430511475, 0.36000001430511475, 0.375, 1.064544677734375, 0.8824387192726135
1.0301755130058154, 0.36000001430511475, 0.36000001430511475, 0.375, 1.064544677734375, 0.8824387192726135
1.0401388549944386, 0.36000001430511475, 0.36000001430511475, 0.375, 1.064544677734375, 0.9545727372169495
1.0502259790664539, 0.36000001430511475, 0.36000001430511475, 0.375, 1.077728271484375, 0.9545727372169495
1.0601745250169188, 0.36000001430511475, 0.36000001430511475, 0.375, 1.077728271484375, 0.9545727372169495
1.0701198671013117, 0.36000001430511475, 0.36000001430511475, 0.37890625, 1.08831787109375, 0.9545727372169495
1.0802047440083697, 0.36000001430511475, 0.36000001430511475, 0.37890625, 1.08831787109375, 0.9545727372169495
1.0901682790135965, 0.36000001430511475, 0.36000001430511475, 0.37890625, 1.08831787109375, 0.9545727372169495
1.1001583900069818, 0.36000001430511475, 0.36000001430511475, 0.37890625, 1.08831787109375, 0.9545727372169495
1.1103175490861759, 0.36000001430511475, 0.36000001430511475, 0.37890625, 1.0996856689453125, 0.9545727372169495
1.1202411270933226, 0.36000001430511475, 0.36000001430511475, 0.37890625, 1.0996856689453125, 0.9545727372169495
1.1301718120230362, 0.36000001430511475, 0.36000001430511475, 0.37890625, 1.0996856689453125, 0.9545727372169495
1.140331621048972, 0.36000001430511475, 0.36000001430511475, 0.37890625, 1.0996856689453125, 0.9545727372169495
1.1502779750153422, 0.36000001430511475, 0.36000001430511475, 0.37890625, 1.114990234375, 0.9545727372169495
1.160261359065771, 0.36000001430511475, 0.36000001430511475, 0.37890625, 1.114990234375, 0.9545727372169495
1.1701944750966504, 0.36000001430511475, 0.36000001430511475, 0.37890625, 1.114990234375, 0.9545727372169495
1.1808523200452328, 0.36000001430511475, 0.36000001430511475, 0.375, 1.1281890869140625, 0.9545727372169495
1.1903707260498777, 0.36000001430511475, 0.36000001430511475, 0.375, 1.1281890869140625, 0.9545727372169495
1.2005313140107319, 0.36000001430511475, 0.36000001430511475, 0.375, 1.1281890869140625, 0.9545727372169495
1.2101415320066735, 0.36000001430511475, 0.36000001430511475, 0.37109375, 1.1383514404296875, 0.9545727372169495
1.2201473549939692, 0.36000001430511475, 0.36000001430511475, 0.37109375, 1.1383514404296875, 0.9545727372169495
1.2304699680535123, 0.36000001430511475, 0.36000001430511475, 0.37109375, 1.1383514404296875, 1.0285279750823975
1.2401786160189658, 0.36000001430511475, 0.36000001430511475, 0.37109375, 1.1531524658203125, 1.0285279750823975
1.2502728630788624, 0.36000001430511475, 0.36000001430511475, 0.37109375, 1.1531524658203125, 1.0285279750823975
1.260147424065508, 0.36000001430511475, 0.36000001430511475, 0.37109375, 1.1635894775390625, 1.0285279750823975
1.2701624950859696, 0.36000001430511475, 0.36000001430511475, 0.37109375, 1.1635894775390625, 1.0285279750823975
1.2804037790047005, 0.36000001430511475, 0.36000001430511475, 0.37109375, 1.1635894775390625, 1.0285279750823975
1.290753401000984, 0.36000001430511475, 0.36000001430511475, 0.37109375, 1.1635894775390625, 1.0285279750823975
1.3004361800849438, 0.36000001430511475, 0.36000001430511475, 0.37109375, 1.17474365234375, 1.0285279750823975
1.3104652320034802, 0.36000001430511475, 0.36000001430511475, 0.37109375, 1.17474365234375, 1.0285279750823975
1.320426742080599, 0.36000001430511475, 0.36000001430511475, 0.37109375, 1.17474365234375, 1.0285279750823975
1.330192124005407, 0.36000001430511475, 0.36000001430511475, 0.37109375, 1.17474365234375, 1.0285279750823975
1.3401529780821875, 0.36000001430511475, 0.36000001430511475, 0.37109375, 1.19000244140625, 1.0285279750823975
1.3502750199986622, 0.36000001430511475, 0.36000001430511475, 0.37109375, 1.19000244140625, 1.0285279750823975
1.3604382780613378, 0.36000001430511475, 0.36000001430511475, 0.375, 1.2012481689453125, 1.0285279750823975
1.3701857550768182, 0.36000001430511475, 0.36000001430511475, 0.375, 1.2012481689453125, 1.0285279750823975
1.3801314040319994, 0.36000001430511475, 0.36000001430511475, 0.375, 1.2012481689453125, 1.0285279750823975
1.3902044190326706, 0.36000001430511475, 0.36000001430511475, 0.375, 1.2012481689453125, 1.0285279750823975
1.4001336270011961, 0.36000001430511475, 0.36000001430511475, 0.375, 1.210235595703125, 1.0285279750823975
1.410215042065829, 0.36000001430511475, 0.36000001430511475, 0.375, 1.210235595703125, 1.0285279750823975
1.4201970550930128, 0.36000001430511475, 0.36000001430511475, 0.375, 1.210235595703125, 1.0285279750823975
1.4301835290389135, 0.36000001430511475, 0.36000001430511475, 0.375, 1.210235595703125, 1.1018155813217163
1.4401502590626478, 0.36000001430511475, 0.36000001430511475, 0.375, 1.2278289794921875, 1.1018155813217163
1.450180103071034, 0.36000001430511475, 0.36000001430511475, 0.375, 1.2278289794921875, 1.1018155813217163
1.4601752450689673, 0.36000001430511475, 0.36000001430511475, 0.375, 1.2278289794921875, 1.1018155813217163
1.4701669530477375, 0.36000001430511475, 0.36000001430511475, 0.37890625, 1.237274169921875, 1.1018155813217163
1.480466781067662, 0.36000001430511475, 0.36000001430511475, 0.37890625, 1.237274169921875, 1.1018155813217163
1.4906988790025935, 0.36000001430511475, 0.36000001430511475, 0.37890625, 1.237274169921875, 1.1018155813217163
1.5004023790825158, 0.36000001430511475, 0.36000001430511475, 0.37890625, 1.237274169921875, 1.1018155813217163
1.5109222769970074, 0.36000001430511475, 0.36000001430511475, 0.37890625, 1.246856689453125, 1.1018155813217163
1.5203238379908726, 0.36000001430511475, 0.36000001430511475, 0.37890625, 1.246856689453125, 1.1018155813217163
1.53023568703793, 0.36000001430511475, 0.36000001430511475, 0.37890625, 1.246856689453125, 1.1018155813217163
1.5402094010496512, 0.36000001430511475, 0.36000001430511475, 0.37890625, 1.2620391845703125, 1.1018155813217163
1.5504190780920908, 0.36000001430511475, 0.36000001430511475, 0.37890625, 1.2620391845703125, 1.1018155813217163
1.5605102240806445, 0.36000001430511475, 0.36000001430511475, 0.37890625, 1.2620391845703125, 1.1018155813217163
1.5701812480110675, 0.36000001430511475, 0.36000001430511475, 0.375, 1.2708587646484375, 1.1018155813217163
1.5803716040682048, 0.36000001430511475, 0.36000001430511475, 0.375, 1.2708587646484375, 1.1018155813217163
1.5902139859972522, 0.36000001430511475, 0.36000001430511475, 0.375, 1.2708587646484375, 1.1018155813217163
1.6002430240623653, 0.36000001430511475, 0.36000001430511475, 0.375, 1.28216552734375, 1.1018155813217163
1.6103431209921837, 0.36000001430511475, 0.36000001430511475, 0.375, 1.28216552734375, 1.1018155813217163
1.620181612088345, 0.36000001430511475, 0.36000001430511475, 0.375, 1.28216552734375, 1.1018155813217163
1.6301636140560731, 0.36000001430511475, 0.36000001430511475, 0.375, 1.28216552734375, 1.1743314266204834
1.6402060521068051, 0.36000001430511475, 0.36000001430511475, 0.375, 1.28216552734375, 1.1743314266204834
1.650179243995808, 0.36000001430511475, 0.36000001430511475, 0.37109375, 1.2957763671875, 1.1743314266204834
1.660129540017806, 0.36000001430511475, 0.36000001430511475, 0.37109375, 1.2957763671875, 1.1743314266204834
1.6701842671027407, 0.36000001430511475, 0.36000001430511475, 0.3671875, 1.306884765625, 1.1743314266204834
1.6802307270700112, 0.36000001430511475, 0.36000001430511475, 0.3671875, 1.306884765625, 1.1743314266204834
1.6902162360493094, 0.36000001430511475, 0.36000001430511475, 0.3671875, 1.306884765625, 1.1743314266204834
1.700198617996648, 0.36000001430511475, 0.36000001430511475, 0.36328125, 1.316314697265625, 1.1743314266204834
1.7103184449952096, 0.36000001430511475, 0.36000001430511475, 0.36328125, 1.316314697265625, 1.1743314266204834
1.7201762510230765, 0.36000001430511475, 0.36000001430511475, 0.36328125, 1.316314697265625, 1.1743314266204834
1.7301391790388152, 0.36000001430511475, 0.36000001430511475, 0.36328125, 1.316314697265625, 1.1743314266204834
1.7402713251067325, 0.36000001430511475, 0.36000001430511475, 0.359375, 1.33258056640625, 1.1743314266204834
1.7501784460619092, 0.36000001430511475, 0.36000001430511475, 0.359375, 1.33258056640625, 1.1743314266204834
1.7603157000849023, 0.36000001430511475, 0.36000001430511475, 0.359375, 1.33258056640625, 1.1743314266204834
1.7703067660331726, 0.36000001430511475, 0.36000001430511475, 0.35546875, 1.3427734375, 1.1743314266204834
1.7801847060909495, 0.36000001430511475, 0.36000001430511475, 0.35546875, 1.3427734375, 1.1743314266204834
1.790191366104409, 0.36000001430511475, 0.36000001430511475, 0.35546875, 1.3427734375, 1.1743314266204834
1.8005024200538173, 0.36000001430511475, 0.36000001430511475, 0.35546875, 1.353546142578125, 1.1743314266204834
1.810586285078898, 0.36000001430511475, 0.36000001430511475, 0.35546875, 1.353546142578125, 1.1743314266204834
1.8202001070603728, 0.36000001430511475, 0.36000001430511475, 0.35546875, 1.353546142578125, 1.1743314266204834
1.830469086067751, 0.36000001430511475, 0.36000001430511475, 0.35546875, 1.353546142578125, 1.2449017763137817
1.8402724020415917, 0.36000001430511475, 0.36000001430511475, 0.35546875, 1.353546142578125, 1.2449017763137817
1.8505408390192315, 0.36000001430511475, 0.36000001430511475, 0.35546875, 1.3687591552734375, 1.2449017763137817
1.860313888057135, 0.36000001430511475, 0.36000001430511475, 0.35546875, 1.3687591552734375, 1.2449017763137817
1.8701835680985823, 0.36000001430511475, 0.36000001430511475, 0.35546875, 1.3794097900390625, 1.2449017763137817
1.8802414250094444, 0.36000001430511475, 0.36000001430511475, 0.35546875, 1.3794097900390625, 1.2449017763137817
1.8902785910759121, 0.36000001430511475, 0.36000001430511475, 0.35546875, 1.3794097900390625, 1.2449017763137817
1.9002576790517196, 0.36000001430511475, 0.36000001430511475, 0.35546875, 1.3794097900390625, 1.2449017763137817
1.910178204998374, 0.36000001430511475, 0.36000001430511475, 0.35546875, 1.4615478515625, 1.2449017763137817
1.9202220391016454, 0.36000001430511475, 0.36000001430511475, 0.35546875, 1.4615478515625, 1.2449017763137817
1.930197924026288, 0.36000001430511475, 0.36000001430511475, 0.35546875, 1.4615478515625, 1.2449017763137817
1.9401433010352775, 0.36000001430511475, 0.36000001430511475, 0.35546875, 1.5341644287109375, 1.2449017763137817
1.9502129030879587, 0.36000001430511475, 0.36000001430511475, 0.35546875, 1.5341644287109375, 1.2449017763137817
1.960169039084576, 0.36000001430511475, 0.36000001430511475, 0.35546875, 1.5341644287109375, 1.2449017763137817
1.9701386539964005, 0.36000001430511475, 0.36000001430511475, 0.35546875, 1.5448455810546875, 1.2449017763137817
1.9801307420711964, 0.36000001430511475, 0.36000001430511475, 0.35546875, 1.5448455810546875, 1.2449017763137817
1.9901556860422716, 0.36000001430511475, 0.36000001430511475, 0.35546875, 1.5448455810546875, 1.2449017763137817
2.0001858510077, 0.36000001430511475, 0.36000001430511475, 0.35546875, 1.5448455810546875, 1.2449017763137817
2.0102133720647544, -0.36000001430511475, -0.36000001430511475, 0.3515625, 1.559051513671875, 1.2449017763137817
2.0203987600980327, -0.36000001430511475, -0.36000001430511475, 0.3515625, 1.559051513671875, 1.2449017763137817
2.0303049710346386, -0.36000001430511475, -0.36000001430511475, 0.3515625, 1.559051513671875, 1.3159961700439453
2.0403228810755536, -0.36000001430511475, -0.36000001430511475, 0.3515625, 1.559051513671875, 1.3159961700439453
2.05027817201335, -0.36000001430511475, -0.36000001430511475, 0.3515625, 1.5697174072265625, 1.3159961700439453
2.060461357003078, -0.36000001430511475, -0.36000001430511475, 0.3515625, 1.5697174072265625, 1.3159961700439453
2.070409393054433, -0.36000001430511475, -0.36000001430511475, 0.3515625, 1.788299560546875, 1.3159961700439453
2.0801737590227276, -0.36000001430511475, -0.36000001430511475, 0.3515625, 1.788299560546875, 1.3159961700439453
2.090225977008231, -0.36000001430511475, -0.36000001430511475, 0.3515625, 1.788299560546875, 1.3159961700439453
2.10020007006824, -0.36000001430511475, -0.36000001430511475, 0.3515625, 1.788299560546875, 1.3159961700439453
2.1101804160280153, -0.36000001430511475, -0.36000001430511475, 0.3515625, 1.802337646484375, 1.3159961700439453
2.1202396760927513, -0.36000001430511475, -0.36000001430511475, 0.3515625, 1.802337646484375, 1.3159961700439453
2.130421367008239, -0.36000001430511475, -0.36000001430511475, 0.3515625, 1.802337646484375, 1.3159961700439453
2.1401579109951854, -0.36000001430511475, -0.36000001430511475, 0.3515625, 1.802337646484375, 1.3159961700439453
2.150341982021928, -0.36000001430511475, -0.36000001430511475, 0.3515625, 1.814544677734375, 1.3159961700439453
2.1613773270510137, -0.36000001430511475, -0.36000001430511475, 0.3515625, 1.814544677734375, 1.3159961700439453
2.1705272920662537, -0.36000001430511475, -0.36000001430511475, 0.3515625, 1.814544677734375, 1.3159961700439453
2.1801407280145213, -0.36000001430511475, -0.36000001430511475, 0.3125, 1.824615478515625, 1.3159961700439453
2.190540680079721, -0.36000001430511475, -0.36000001430511475, 0.3125, 1.824615478515625, 1.3159961700439453
2.2001652410253882, -0.36000001430511475, -0.36000001430511475, 0.3125, 1.824615478515625, 1.3159961700439453
2.2101744670653716, -0.36000001430511475, -0.36000001430511475, 0.1953125, 1.83245849609375, 1.3159961700439453
2.220135066076182, -0.36000001430511475, -0.36000001430511475, 0.1953125, 1.83245849609375, 1.3159961700439453
2.230237707030028, -0.36000001430511475, -0.36000001430511475, 0.1953125, 1.83245849609375, 1.3585978746414185
2.2402025300543755, -0.36000001430511475, -0.36000001430511475, 0.0546875, 1.835968017578125, 1.3585978746414185
2.2502447480801493, -0.36000001430511475, -0.36000001430511475, 0.0546875, 1.835968017578125, 1.3585978746414185
2.260133558069356, -0.36000001430511475, -0.36000001430511475, 0.0546875, 1.835968017578125, 1.3585978746414185
2.270409304066561, -0.36000001430511475, -0.36000001430511475, -0.09375, 1.832550048828125, 1.3585978746414185
2.28028605110012, -0.36000001430511475, -0.36000001430511475, -0.09375, 1.832550048828125, 1.3585978746414185
2.2901431450154632, -0.36000001430511475, -0.36000001430511475, -0.09375, 1.832550048828125, 1.3585978746414185
2.3003103520022705, -0.36000001430511475, -0.36000001430511475, -0.09375, 1.832550048828125, 1.3585978746414185
2.3108121410477906, -0.36000001430511475, -0.36000001430511475, -0.234375, 1.8251495361328125, 1.3585978746414185
2.3204238560283557, -0.36000001430511475, -0.36000001430511475, -0.234375, 1.8251495361328125, 1.3585978746414185
2.3303140240022913, -0.36000001430511475, -0.36000001430511475, -0.234375, 1.8251495361328125, 1.3585978746414185
2.3402174580842257, -0.36000001430511475, -0.36000001430511475, -0.28125, 1.8172607421875, 1.3585978746414185
2.3501952131045982, -0.36000001430511475, -0.36000001430511475, -0.28125, 1.8172607421875, 1.3585978746414185
2.36020852799993, -0.36000001430511475, -0.36000001430511475, -0.30859375, 1.8083343505859375, 1.3585978746414185
2.3701786370947957, -0.36000001430511475, -0.36000001430511475, -0.30859375, 1.8083343505859375, 1.3585978746414185
2.380308940075338, -0.36000001430511475, -0.36000001430511475, -0.30859375, 1.8083343505859375, 1.3585978746414185
2.390179529087618, -0.36000001430511475, -0.36000001430511475, -0.30859375, 1.8083343505859375, 1.3585978746414185
2.4001806190935895, -0.36000001430511475, -0.36000001430511475, -0.30859375, 1.8083343505859375, 1.3585978746414185
2.4101679110899568, -0.36000001430511475, -0.36000001430511475, -0.3203125, 1.475738525390625, 1.3585978746414185
2.4202981010312214, -0.36000001430511475, -0.36000001430511475, -0.3203125, 1.475738525390625, 1.3585978746414185
2.430186160025187, -0.36000001430511475, -0.36000001430511475, -0.3203125, 1.475738525390625, 1.300713300704956
2.4401539800455794, -0.36000001430511475, -0.36000001430511475, -0.3203125, 1.466094970703125, 1.300713300704956
2.450138946995139, -0.36000001430511475, -0.36000001430511475, -0.3203125, 1.466094970703125, 1.300713300704956
2.460126364021562, -0.36000001430511475, -0.36000001430511475, -0.3203125, 1.466094970703125, 1.300713300704956
2.4702787240967155, -0.36000001430511475, -0.36000001430511475, -0.32421875, 1.456573486328125, 1.300713300704956
2.480836694012396, -0.36000001430511475, -0.36000001430511475, -0.32421875, 1.456573486328125, 1.300713300704956
2.490134456078522, -0.36000001430511475, -0.36000001430511475, -0.32421875, 1.456573486328125, 1.300713300704956
2.5003072060644627, -0.36000001430511475, -0.36000001430511475, -0.32421875, 1.456573486328125, 1.300713300704956
2.5101783151039854, -0.36000001430511475, -0.36000001430511475, -0.3203125, 1.444183349609375, 1.300713300704956
2.520364460069686, -0.36000001430511475, -0.36000001430511475, -0.3203125, 1.444183349609375, 1.300713300704956
2.530150104081258, -0.36000001430511475, -0.36000001430511475, -0.3203125, 1.444183349609375, 1.300713300704956
2.5403984570875764, -0.36000001430511475, -0.36000001430511475, -0.32421875, 1.4327545166015625, 1.300713300704956
2.550165642052889, -0.36000001430511475, -0.36000001430511475, -0.32421875, 1.4327545166015625, 1.300713300704956
2.5606156330322847, -0.36000001430511475, -0.36000001430511475, -0.3203125, 1.4235076904296875, 1.300713300704956
2.570162022020668, -0.36000001430511475, -0.36000001430511475, -0.3203125, 1.4235076904296875, 1.300713300704956
2.5801367750391364, -0.36000001430511475, -0.36000001430511475, -0.3203125, 1.4235076904296875, 1.300713300704956
2.5901559530757368, -0.36000001430511475, -0.36000001430511475, -0.3203125, 1.4235076904296875, 1.300713300704956
2.6001368880970404, -0.36000001430511475, -0.36000001430511475, -0.3203125, 1.4235076904296875, 1.300713300704956
2.6102313990704715, -0.36000001430511475, -0.36000001430511475, -0.3203125, 1.4088287353515625, 1.300713300704956
2.6201337090460584, -0.36000001430511475, -0.36000001430511475, -0.3203125, 1.4088287353515625, 1.300713300704956
2.630126396077685, -0.36000001430511475, -0.36000001430511475, -0.3203125, 1.4088287353515625, 1.2351230382919312
2.6401338370051235, -0.36000001430511475, -0.36000001430511475, -0.3203125, 1.4088287353515625, 1.2351230382919312
2.6502112559974194, -0.36000001430511475, -0.36000001430511475, -0.32421875, 1.3965911865234375, 1.2351230382919312
2.660130796022713, -0.36000001430511475, -0.36000001430511475, -0.32421875, 1.3965911865234375, 1.2351230382919312
2.670469697099179, -0.36000001430511475, -0.36000001430511475, -0.32421875, 1.3898468017578125, 1.2351230382919312
2.6802147401031107, -0.36000001430511475, -0.36000001430511475, -0.32421875, 1.3898468017578125, 1.2351230382919312
2.690293299034238, -0.36000001430511475, -0.36000001430511475, -0.32421875, 1.3898468017578125, 1.2351230382919312
2.700295568094589, -0.36000001430511475, -0.36000001430511475, -0.32421875, 1.3898468017578125, 1.2351230382919312
2.7104754970641807, -0.36000001430511475, -0.36000001430511475, -0.328125, 1.376495361328125, 1.2351230382919312
2.720207605045289, -0.36000001430511475, -0.36000001430511475, -0.328125, 1.376495361328125, 1.2351230382919312
2.730226014042273, -0.36000001430511475, -0.36000001430511475, -0.328125, 1.376495361328125, 1.2351230382919312
2.740432568010874, -0.36000001430511475, -0.36000001430511475, -0.328125, 1.376495361328125, 1.2351230382919312
2.7505534200463444, -0.36000001430511475, -0.36000001430511475, -0.328125, 1.366424560546875, 1.2351230382919312
2.761005179025233, -0.36000001430511475, -0.36000001430511475, -0.33203125, 1.355072021484375, 1.2351230382919312
2.7701617940329015, -0.36000001430511475, -0.36000001430511475, -0.33203125, 1.355072021484375, 1.2351230382919312
2.78009323310107, -0.36000001430511475, -0.36000001430511475, -0.33203125, 1.355072021484375, 1.2351230382919312
2.7905359230935574, -0.36000001430511475, -0.36000001430511475, -0.33203125, 1.355072021484375, 1.2351230382919312
2.800163773004897, -0.36000001430511475, -0.36000001430511475, -0.33203125, 1.355072021484375, 1.2351230382919312
2.810091432998888, -0.36000001430511475, -0.36000001430511475, -0.33203125, 1.34344482421875, 1.2351230382919312
2.8201275100000203, -0.36000001430511475, -0.36000001430511475, -0.33203125, 1.34344482421875, 1.2351230382919312
2.8304609110346064, -0.36000001430511475, -0.36000001430511475, -0.33203125, 1.34344482421875, 1.1702053546905518
2.840328471036628, -0.36000001430511475, -0.36000001430511475, -0.33203125, 1.3337554931640625, 1.1702053546905518
2.850183464004658, -0.36000001430511475, -0.36000001430511475, -0.33203125, 1.3337554931640625, 1.1702053546905518
2.860208881087601, -0.36000001430511475, -0.36000001430511475, -0.33203125, 1.3337554931640625, 1.1702053546905518
2.870178797049448, -0.36000001430511475, -0.36000001430511475, -0.3359375, 1.32525634765625, 1.1702053546905518
2.8801359980134293, -0.36000001430511475, -0.36000001430511475, -0.3359375, 1.32525634765625, 1.1702053546905518
2.8901756720151752, -0.36000001430511475, -0.36000001430511475, -0.3359375, 1.32525634765625, 1.1702053546905518
2.9002555400365964, -0.36000001430511475, -0.36000001430511475, -0.3359375, 1.32525634765625, 1.1702053546905518
2.9102359029930085, -0.36000001430511475, -0.36000001430511475, -0.3359375, 1.311676025390625, 1.1702053546905518
2.920164854032919, -0.36000001430511475, -0.36000001430511475, -0.3359375, 1.311676025390625, 1.1702053546905518
2.930370429996401, -0.36000001430511475, -0.36000001430511475, -0.3359375, 1.311676025390625, 1.1702053546905518
2.940168072003871, -0.36000001430511475, -0.36000001430511475, -0.3359375, 1.311676025390625, 1.1702053546905518
2.950247335014865, -0.36000001430511475, -0.36000001430511475, -0.33984375, 1.3053741455078125, 1.1702053546905518
2.960350295994431, -0.36000001430511475, -0.36000001430511475, -0.33984375, 1.3053741455078125, 1.1702053546905518
2.9701616020174697, -0.36000001430511475, -0.36000001430511475, -0.33984375, 1.3053741455078125, 1.1702053546905518
2.980282591073774, -0.36000001430511475, -0.36000001430511475, -0.34375, 1.29156494140625, 1.1702053546905518
2.990314726019278, -0.36000001430511475, -0.36000001430511475, -0.34375, 1.29156494140625, 1.1702053546905518
3.000364085077308, -0.36000001430511475, -0.36000001430511475, -0.34765625, 1.2842254638671875, 1.1702053546905518
3.010191601002589, -0.36000001430511475, -0.36000001430511475, -0.34765625, 1.2842254638671875, 1.1702053546905518
3.0202058180002496, -0.36000001430511475, -0.36000001430511475, -0.34765625, 1.2842254638671875, 1.1702053546905518
3.0301729009952396, -0.36000001430511475, -0.36000001430511475, -0.34765625, 1.2842254638671875, 1.102340817451477
3.040150691056624, -0.36000001430511475, -0.36000001430511475, -0.3515625, 1.273834228515625, 1.102340817451477
3.050318396068178, -0.36000001430511475, -0.36000001430511475, -0.3515625, 1.273834228515625, 1.102340817451477
3.0601289190817624, -0.36000001430511475, -0.36000001430511475, -0.3515625, 1.273834228515625, 1.102340817451477
3.070142305106856, -0.36000001430511475, -0.36000001430511475, -0.35546875, 1.3294830322265625, 1.102340817451477
3.080164256040007, -0.36000001430511475, -0.36000001430511475, -0.35546875, 1.3294830322265625, 1.102340817451477
3.090558240073733, -0.36000001430511475, -0.36000001430511475, -0.35546875, 1.3294830322265625, 1.102340817451477
3.10020162910223, -0.36000001430511475, -0.36000001430511475, -0.35546875, 1.318603515625, 1.102340817451477
3.110738169052638, -0.36000001430511475, -0.36000001430511475, -0.35546875, 1.318603515625, 1.102340817451477
3.1201508491067216, -0.36000001430511475, -0.36000001430511475, -0.35546875, 1.318603515625, 1.102340817451477
3.1302021120209247, -0.36000001430511475, -0.36000001430511475, -0.35546875, 1.318603515625, 1.102340817451477
3.1401761720189825, -0.36000001430511475, -0.36000001430511475, -0.359375, 1.2939605712890625, 1.102340817451477
3.150136018055491, -0.36000001430511475, -0.36000001430511475, -0.359375, 1.2939605712890625, 1.102340817451477
3.160418398096226, -0.36000001430511475, -0.36000001430511475, -0.359375, 1.2939605712890625, 1.102340817451477
3.1703686910914257, -0.36000001430511475, -0.36000001430511475, -0.359375, 1.2939605712890625, 1.102340817451477
3.180269831093028, -0.36000001430511475, -0.36000001430511475, -0.359375, 1.27935791015625, 1.102340817451477
3.1902351970784366, -0.36000001430511475, -0.36000001430511475, -0.359375, 1.27935791015625, 1.102340817451477
3.200189188006334, -0.36000001430511475, -0.36000001430511475, -0.359375, 1.27935791015625, 1.102340817451477
3.211240183096379, -0.36000001430511475, -0.36000001430511475, -0.359375, 1.258087158203125, 1.102340817451477
3.2204552619950846, -0.36000001430511475, -0.36000001430511475, -0.359375, 1.258087158203125, 1.102340817451477
3.230212763068266, -0.36000001430511475, -0.36000001430511475, -0.359375, 1.258087158203125, 1.0297034978866577
3.2403023310471326, -0.36000001430511475, -0.36000001430511475, -0.359375, 1.24676513671875, 1.0297034978866577
3.2501784270862117, -0.36000001430511475, -0.36000001430511475, -0.359375, 1.24676513671875, 1.0297034978866577
3.26016384200193, -0.36000001430511475, -0.36000001430511475, -0.359375, 1.24676513671875, 1.0297034978866577
3.2702190660638735, -0.36000001430511475, -0.36000001430511475, -0.359375, 1.24676513671875, 1.0297034978866577
3.2805645969929174, -0.36000001430511475, -0.36000001430511475, -0.35546875, 1.2250213623046875, 1.0297034978866577
3.290314707090147, -0.36000001430511475, -0.36000001430511475, -0.35546875, 1.2250213623046875, 1.0297034978866577
3.300155970035121, -0.36000001430511475, -0.36000001430511475, -0.35546875, 1.2250213623046875, 1.0297034978866577
3.310811732080765, -0.36000001430511475, -0.36000001430511475, -0.3515625, 1.2045135498046875, 1.0297034978866577
3.3201494140084833, -0.36000001430511475, -0.36000001430511475, -0.3515625, 1.2045135498046875, 1.0297034978866577
3.330284340074286, -0.36000001430511475, -0.36000001430511475, -0.3515625, 1.2045135498046875, 1.0297034978866577
3.340198953053914, -0.36000001430511475, -0.36000001430511475, -0.3515625, 1.195465087890625, 1.0297034978866577
3.350454358034767, -0.36000001430511475, -0.36000001430511475, -0.3515625, 1.195465087890625, 1.0297034978866577
3.3601536380592734, -0.36000001430511475, -0.36000001430511475, -0.3515625, 1.195465087890625, 1.0297034978866577
3.370285807061009, -0.36000001430511475, -0.36000001430511475, -0.34765625, 1.178314208984375, 1.0297034978866577
3.3801704340148717, -0.36000001430511475, -0.36000001430511475, -0.34765625, 1.178314208984375, 1.0297034978866577
3.3901870700065047, -0.36000001430511475, -0.36000001430511475, -0.34765625, 1.178314208984375, 1.0297034978866577
3.400132236070931, -0.36000001430511475, -0.36000001430511475, -0.34765625, 1.165313720703125, 1.0297034978866577
3.4101299759931862, -0.36000001430511475, -0.36000001430511475, -0.34765625, 1.165313720703125, 1.0297034978866577
3.4203148290980607, -0.36000001430511475, -0.36000001430511475, -0.34765625, 1.165313720703125, 0.9593610167503357
3.430918418103829, -0.36000001430511475, -0.36000001430511475, -0.34765625, 1.165313720703125, 0.9593610167503357
3.440279046073556, -0.36000001430511475, -0.36000001430511475, -0.34375, 1.1535491943359375, 0.9593610167503357
3.4503902019932866, -0.36000001430511475, -0.36000001430511475, -0.34375, 1.1535491943359375, 0.9593610167503357
3.4602070330874994, -0.36000001430511475, -0.36000001430511475, -0.34375, 1.1535491943359375, 0.9593610167503357
3.4701901000225917, -0.36000001430511475, -0.36000001430511475, -0.34375, 1.1535491943359375, 0.9593610167503357
3.4804012970998883, -0.36000001430511475, -0.36000001430511475, -0.33984375, 1.1401824951171875, 0.9593610167503357
3.4902129661059007, -0.36000001430511475, -0.36000001430511475, -0.33984375, 1.1401824951171875, 0.9593610167503357
3.500167034100741, -0.36000001430511475, -0.36000001430511475, -0.33984375, 1.1401824951171875, 0.9593610167503357
3.5107476700795814, -0.36000001430511475, -0.36000001430511475, -0.3359375, 1.1265106201171875, 0.9593610167503357
3.5204142060829327, -0.36000001430511475, -0.36000001430511475, -0.3359375, 1.1265106201171875, 0.9593610167503357
3.5303191679995507, -0.36000001430511475, -0.36000001430511475, -0.3359375, 1.1265106201171875, 0.9593610167503357
3.5404551880201325, -0.36000001430511475, -0.36000001430511475, -0.33984375, 1.1160736083984375, 0.9593610167503357
3.550138346035965, -0.36000001430511475, -0.36000001430511475, -0.33984375, 1.1160736083984375, 0.9593610167503357
3.5602577780373394, -0.36000001430511475, -0.36000001430511475, -0.33984375, 1.1160736083984375, 0.9593610167503357
3.5702665511053056, -0.36000001430511475, -0.36000001430511475, -0.3359375, 1.10028076171875, 0.9593610167503357
3.5803084990475327, -0.36000001430511475, -0.36000001430511475, -0.3359375, 1.10028076171875, 0.9593610167503357
3.5901648070430383, -0.36000001430511475, -0.36000001430511475, -0.3359375, 1.10028076171875, 0.9593610167503357
3.600145198055543, -0.36000001430511475, -0.36000001430511475, -0.3359375, 1.10028076171875, 0.9593610167503357
3.610531243029982, -0.36000001430511475, -0.36000001430511475, -0.33984375, 1.089630126953125, 0.9593610167503357
3.6202460190979764, -0.36000001430511475, -0.36000001430511475, -0.33984375, 1.089630126953125, 0.9593610167503357
3.6301717940950766, -0.36000001430511475, -0.36000001430511475, -0.33984375, 1.089630126953125, 0.8947291374206543
3.6401608460582793, -0.36000001430511475, -0.36000001430511475, -0.3359375, 1.0780792236328125, 0.8947291374206543
3.6502725350437686, -0.36000001430511475, -0.36000001430511475, -0.3359375, 1.0780792236328125, 0.8947291374206543
3.6608440580312163, -0.36000001430511475, -0.36000001430511475, -0.3359375, 1.0780792236328125, 0.8947291374206543
3.670194267993793, -0.36000001430511475, -0.36000001430511475, -0.3359375, 1.0780792236328125, 0.8947291374206543
3.680559568107128, -0.36000001430511475, -0.36000001430511475, -0.33984375, 1.06622314453125, 0.8947291374206543
3.6902175010181963, -0.36000001430511475, -0.36000001430511475, -0.33984375, 1.06622314453125, 0.8947291374206543
3.7004770960193127, -0.36000001430511475, -0.36000001430511475, -0.33984375, 1.06622314453125, 0.8947291374206543
3.710139759001322, -0.36000001430511475, -0.36000001430511475, -0.33984375, 1.0563201904296875, 0.8947291374206543
3.7201559190871194, -0.36000001430511475, -0.36000001430511475, -0.33984375, 1.0563201904296875, 0.8947291374206543
3.730402037035674, -0.36000001430511475, -0.36000001430511475, -0.33984375, 1.0563201904296875, 0.8947291374206543
3.7404282160568982, -0.36000001430511475, -0.36000001430511475, -0.34375, 1.0454559326171875, 0.8947291374206543
3.750176359084435, -0.36000001430511475, -0.36000001430511475, -0.34375, 1.0454559326171875, 0.8947291374206543
3.7604436280671507, -0.36000001430511475, -0.36000001430511475, -0.34375, 1.0454559326171875, 0.8947291374206543
3.7703389551024884, -0.36000001430511475, -0.36000001430511475, -0.34375, 1.0454559326171875, 0.8947291374206543
3.780947301071137, -0.36000001430511475, -0.36000001430511475, -0.34375, 1.028076171875, 0.8947291374206543
3.790430744062178, -0.36000001430511475, -0.36000001430511475, -0.34375, 1.028076171875, 0.8947291374206543
3.8001945740543306, -0.36000001430511475, -0.36000001430511475, -0.34375, 1.028076171875, 0.8947291374206543
3.8104697710368782, -0.36000001430511475, -0.36000001430511475, -0.34765625, 1.018798828125, 0.8947291374206543
3.8202103780349717, -0.36000001430511475, -0.36000001430511475, -0.34765625, 1.018798828125, 0.8947291374206543
3.8301710030063987, -0.36000001430511475, -0.36000001430511475, -0.34765625, 1.018798828125, 0.8298211097717285
3.8402323430636898, -0.36000001430511475, -0.36000001430511475, -0.34765625, 1.018798828125, 0.8298211097717285
3.8501675369916484, -0.36000001430511475, -0.36000001430511475, -0.3515625, 1.010101318359375, 0.8298211097717285
3.8604301790473983, -0.36000001430511475, -0.36000001430511475, -0.3515625, 1.010101318359375, 0.8298211097717285
3.870296818087809, -0.36000001430511475, -0.36000001430511475, -0.3515625, 1.010101318359375, 0.8298211097717285
3.8805055430857465, -0.36000001430511475, -0.36000001430511475, -0.35546875, 0.997833251953125, 0.8298211097717285
3.8902844530530274, -0.36000001430511475, -0.36000001430511475, -0.35546875, 0.997833251953125, 0.8298211097717285
3.9001726420829073, -0.36000001430511475, -0.36000001430511475, -0.35546875, 0.997833251953125, 0.8298211097717285
3.9105577640002593, -0.36000001430511475, -0.36000001430511475, -0.36328125, 0.9849700927734375, 0.8298211097717285
3.920249719056301, -0.36000001430511475, -0.36000001430511475, -0.36328125, 0.9849700927734375, 0.8298211097717285
3.930916242999956, -0.36000001430511475, -0.36000001430511475, -0.36328125, 0.9849700927734375, 0.8298211097717285
3.9406342710135505, -0.36000001430511475, -0.36000001430511475, -0.36328125, 0.9849700927734375, 0.8298211097717285
3.9505675700493157, -0.36000001430511475, -0.36000001430511475, -0.3671875, 0.9736328125, 0.8298211097717285
3.960455451044254, -0.36000001430511475, -0.36000001430511475, -0.3671875, 0.9736328125, 0.8298211097717285
3.971005641040392, -0.36000001430511475, -0.36000001430511475, -0.37109375, 0.9623260498046875, 0.8298211097717285
3.980838271090761, -0.36000001430511475, -0.36000001430511475, -0.37109375, 0.9623260498046875, 0.8298211097717285
3.990231072064489, -0.36000001430511475, -0.36000001430511475, -0.37109375, 0.9623260498046875, 0.8298211097717285
4.000315446057357, -0.36000001430511475, -0.36000001430511475, -0.37109375, 0.9623260498046875, 0.8298211097717285
4.010536125046201, 0.0, 0.0, -0.375, 0.9538116455078125, 0.8298211097717285
4.02030656603165, 0.0, 0.0, -0.375, 0.9538116455078125, 0.8298211097717285
4.030377831077203, 0.0, 0.0, -0.375, 0.9538116455078125, 0.7615399956703186
4.040179931093007, 0.0, 0.0, -0.375, 0.9538116455078125, 0.7615399956703186
4.050560399075039, 0.0, 0.0, -0.38671875, 0.9365386962890625, 0.7615399956703186
4.060763593995944, 0.0, 0.0, -0.38671875, 0.9365386962890625, 0.7615399956703186
4.07038797007408, 0.0, 0.0, -0.38671875, 0.9365386962890625, 0.7615399956703186
4.080192394088954, 0.0, 0.0, -0.38671875, 0.9296112060546875, 0.7615399956703186
4.0902490901062265, 0.0, 0.0, -0.38671875, 0.9296112060546875, 0.7615399956703186
4.100528759998269, 0.0, 0.0, -0.39453125, 0.9159088134765625, 0.7615399956703186
4.110879823099822, 0.0, 0.0, -0.39453125, 0.9159088134765625, 0.7615399956703186
4.120272068073973, 0.0, 0.0, -0.39453125, 0.9159088134765625, 0.7615399956703186
4.130204747081734, 0.0, 0.0, -0.39453125, 0.9159088134765625, 0.7615399956703186
4.140205339062959, 0.0, 0.0, -0.39453125, 0.9159088134765625, 0.7615399956703186
4.150525586097501, 0.0, 0.0, -0.39453125, 0.900238037109375, 0.7615399956703186
4.16038743709214, 0.0, 0.0, -0.39453125, 0.900238037109375, 0.7615399956703186
4.170183410053141, 0.0, 0.0, -0.39453125, 0.900238037109375, 0.7615399956703186
4.180166503065266, 0.0, 0.0, -0.33984375, 0.889373779296875, 0.7615399956703186
4.1901774409925565, 0.0, 0.0, -0.33984375, 0.889373779296875, 0.7615399956703186
4.200485020992346, 0.0, 0.0, -0.24609375, 0.8824005126953125, 0.7615399956703186
4.210110329091549, 0.0, 0.0, -0.24609375, 0.8824005126953125, 0.7615399956703186
4.22015580709558, 0.0, 0.0, -0.24609375, 0.8824005126953125, 0.7615399956703186
4.230222066049464, 0.0, 0.0, -0.24609375, 0.8824005126953125, 0.7090175747871399
4.240187355084345, 0.0, 0.0, -0.24609375, 0.8824005126953125, 0.7090175747871399
4.250204118085094, 0.0, 0.0, -0.12109375, 0.8745574951171875, 0.7090175747871399
4.260489523992874, 0.0, 0.0, -0.12109375, 0.8745574951171875, 0.7090175747871399
4.27047053608112, 0.0, 0.0, -0.0859375, 0.8715057373046875, 0.7090175747871399
4.280157032073475, 0.0, 0.0, -0.0859375, 0.8715057373046875, 0.7090175747871399
4.290164833073504, 0.0, 0.0, -0.0859375, 0.8715057373046875, 0.7090175747871399
4.300175403011963, 0.0, 0.0, -0.07421875, 0.868804931640625, 0.7090175747871399
4.310209530056454, 0.0, 0.0, -0.07421875, 0.868804931640625, 0.7090175747871399
4.3201628170209005, 0.0, 0.0, -0.07421875, 0.868804931640625, 0.7090175747871399
4.330335170030594, 0.0, 0.0, -0.07421875, 0.868804931640625, 0.7090175747871399
4.340262270066887, 0.0, 0.0, -0.07421875, 0.868804931640625, 0.7090175747871399
4.350351065048017, 0.0, 0.0, -0.0625, 0.865447998046875, 0.7090175747871399
4.36030901200138, 0.0, 0.0, -0.0625, 0.865447998046875, 0.7090175747871399
4.370193597045727, 0.0, 0.0, -0.05859375, 0.86175537109375, 0.7090175747871399
4.380334028042853, 0.0, 0.0, -0.05859375, 0.86175537109375, 0.7090175747871399
4.390265985042788, 0.0, 0.0, -0.05859375, 0.86175537109375, 0.7090175747871399
4.400186726008542, 0.0, 0.0, -0.05859375, 0.8594512939453125, 0.7090175747871399
4.410534084076062, 0.0, 0.0, -0.05859375, 0.8594512939453125, 0.7090175747871399
4.420423595001921, 0.0, 0.0, -0.05859375, 0.8594512939453125, 0.7090175747871399
4.430194674991071, 0.0, 0.0, -0.05859375, 0.8594512939453125, 0.6969483494758606
4.440522828022949, 0.0, 0.0, -0.05859375, 0.8594512939453125, 0.6969483494758606
4.450202692067251, 0.0, 0.0, -0.05078125, 0.8558502197265625, 0.6969483494758606
4.460250736097805, 0.0, 0.0, -0.05078125, 0.8558502197265625, 0.6969483494758606
4.470317966071889, 0.0, 0.0, -0.05078125, 0.8558502197265625, 0.6969483494758606
4.4805321380263194, 0.0, 0.0, -0.046875, 0.85406494140625, 0.6969483494758606
4.490288344095461, 0.0, 0.0, -0.046875, 0.85406494140625, 0.6969483494758606
4.500185351003893, 0.0, 0.0, -0.046875, 0.85406494140625, 0.6969483494758606
4.510174930095673, 0.0, 0.0, -0.04296875, 0.8523712158203125, 0.6969483494758606
4.52028161007911, 0.0, 0.0, -0.04296875, 0.8523712158203125, 0.6969483494758606
4.53013450501021, 0.0, 0.0, -0.04296875, 0.8523712158203125, 0.6969483494758606
4.540134882088751, 0.0, 0.0, -0.0390625, 0.850830078125, 0.6969483494758606
4.550118012004532, 0.0, 0.0, -0.0390625, 0.850830078125, 0.6969483494758606
4.560221961000934, 0.0, 0.0, -0.03515625, 0.849517822265625, 0.6969483494758606
4.570199562003836, 0.0, 0.0, -0.03515625, 0.849517822265625, 0.6969483494758606
4.580638359999284, 0.0, 0.0, -0.03515625, 0.849517822265625, 0.6969483494758606
4.590250584995374, 0.0, 0.0, -0.03515625, 0.849517822265625, 0.6969483494758606
4.600309566012584, 0.0, 0.0, -0.03515625, 0.8482513427734375, 0.6969483494758606
4.6101807340746745, 0.0, 0.0, -0.03515625, 0.8482513427734375, 0.6969483494758606
4.620327998069115, 0.0, 0.0, -0.03515625, 0.8482513427734375, 0.6969483494758606
4.630212356103584, 0.0, 0.0, -0.03515625, 0.8482513427734375, 0.6897428631782532
4.640174985048361, 0.0, 0.0, -0.03515625, 0.8482513427734375, 0.6897428631782532
4.6505127580603585, 0.0, 0.0, -0.03125, 0.8443145751953125, 0.6897428631782532
4.660172422998585, 0.0, 0.0, -0.03125, 0.8443145751953125, 0.6897428631782532
4.6701655220240355, 0.0, 0.0, -0.02734375, 0.8419647216796875, 0.6897428631782532
4.68017399602104, 0.0, 0.0, -0.02734375, 0.8419647216796875, 0.6897428631782532
4.690203870064579, 0.0, 0.0, -0.02734375, 0.8419647216796875, 0.6897428631782532
4.701192104024813, 0.0, 0.0, -0.0234375, 0.841278076171875, 0.6897428631782532
4.710666935076006, 0.0, 0.0, -0.0234375, 0.841278076171875, 0.6897428631782532
4.720168619998731, 0.0, 0.0, -0.0234375, 0.841278076171875, 0.6897428631782532
4.730155405006371, 0.0, 0.0, -0.0234375, 0.841278076171875, 0.6897428631782532
4.740129545098171, 0.0, 0.0, -0.01953125, 0.83868408203125, 0.6897428631782532
4.750339406076819, 0.0, 0.0, -0.01953125, 0.83868408203125, 0.6897428631782532
4.760127509012818, 0.0, 0.0, -0.01953125, 0.83868408203125, 0.6897428631782532
4.7701365450629964, 0.0, 0.0, -0.015625, 0.8379364013671875, 0.6897428631782532
4.7802745120134205, 0.0, 0.0, -0.015625, 0.8379364013671875, 0.6897428631782532
4.790210611070506, 0.0, 0.0, -0.015625, 0.8379364013671875, 0.6897428631782532
4.8004278630251065, 0.0, 0.0, -0.01171875, 0.8356781005859375, 0.6897428631782532
4.810231999028474, 0.0, 0.0, -0.01171875, 0.8356781005859375, 0.6897428631782532
4.820321278064512, 0.0, 0.0, -0.01171875, 0.8356781005859375, 0.6897428631782532
4.83043114002794, 0.0, 0.0, -0.01171875, 0.8356781005859375, 0.6846691370010376
4.840368665056303, 0.0, 0.0, -0.01171875, 0.835174560546875, 0.6846691370010376
4.8502689430024475, 0.0, 0.0, -0.01171875, 0.835174560546875, 0.6846691370010376
4.86088977009058, 0.0, 0.0, -0.01171875, 0.833251953125, 0.6846691370010376
4.87021776905749, 0.0, 0.0, -0.01171875, 0.833251953125, 0.6846691370010376
4.880256258067675, 0.0, 0.0, -0.01171875, 0.833251953125, 0.6846691370010376
4.890354885021225, 0.0, 0.0, -0.01171875, 0.833251953125, 0.6846691370010376
4.900141517049633, 0.0, 0.0, -0.0078125, 0.8328857421875, 0.6846691370010376
4.910173836047761, 0.0, 0.0, -0.0078125, 0.8328857421875, 0.6846691370010376
4.9205487640574574, 0.0, 0.0, -0.0078125, 0.8328857421875, 0.6846691370010376
4.930213015060872, 0.0, 0.0, -0.0078125, 0.8328857421875, 0.6846691370010376
4.940359621075913, 0.0, 0.0, -0.0078125, 0.8310089111328125, 0.6846691370010376
4.950136732077226, 0.0, 0.0, -0.0078125, 0.8310089111328125, 0.6846691370010376
4.9601544990437105, 0.0, 0.0, -0.0078125, 0.8310089111328125, 0.6846691370010376
4.970214331056923, 0.0, 0.0, -0.0078125, 0.830535888671875, 0.6846691370010376
4.980276641086675, 0.0, 0.0, -0.0078125, 0.830535888671875, 0.6846691370010376
4.990199835039675, 0.0, 0.0, -0.0078125, 0.830535888671875, 0.6846691370010376
5.000174011103809, 0.0, 0.0, -0.0078125, 0.82952880859375, 0.6846691370010376
5.010299065033905, 0.0, 0.0, -0.0078125, 0.82952880859375, 0.6846691370010376
5.0209794820984825, 0.0, 0.0, -0.0078125, 0.82952880859375, 0.6846691370010376
5.030880300095305, 0.0, 0.0, -0.0078125, 0.82952880859375, 0.6846691370010376
5.040296740015037, 0.0, 0.0, -0.0078125, 0.82952880859375, 0.6812714338302612
5.0502329600276425, 0.0, 0.0, -0.0, 0.829345703125, 0.6812714338302612
5.0602030460722744, 0.0, 0.0, -0.0, 0.826873779296875, 0.6812714338302612
5.070293794036843, 0.0, 0.0, -0.0, 0.826873779296875, 0.6812714338302612
5.080183346057311, 0.0, 0.0, -0.0, 0.826873779296875, 0.6812714338302612
5.090202343999408, 0.0, 0.0, -0.0, 0.826873779296875, 0.6812714338302612
5.10069456207566, 0.0, 0.0, -0.0, 0.82537841796875, 0.6812714338302612
5.110895802034065, 0.0, 0.0, -0.0, 0.82537841796875, 0.6812714338302612
5.120457626064308, 0.0, 0.0, -0.0, 0.82537841796875, 0.6812714338302612
5.130433439044282, 0.0, 0.0, -0.0, 0.82537841796875, 0.6812714338302612
5.140168201061897, 0.0, 0.0, 0.00390625, 0.8253936767578125, 0.6812714338302612
5.150184962083586, 0.0, 0.0, 0.00390625, 0.8253936767578125, 0.6812714338302612
5.160376275074668, 0.0, 0.0, 0.00390625, 0.8253936767578125, 0.6812714338302612
5.170187829062343, 0.0, 0.0, 0.00390625, 0.82452392578125, 0.6812714338302612
5.180156588088721, 0.0, 0.0, 0.00390625, 0.82452392578125, 0.6812714338302612
5.190207141102292, 0.0, 0.0, 0.00390625, 0.82452392578125, 0.6812714338302612
5.200383433024399, 0.0, 0.0, 0.00390625, 0.82452392578125, 0.6812714338302612
5.210433162050322, 0.0, 0.0, 0.00390625, 0.8245391845703125, 0.6812714338302612
5.220708093023859, 0.0, 0.0, 0.00390625, 0.8245391845703125, 0.6812714338302612
5.230170781025663, 0.0, 0.0, 0.00390625, 0.8245391845703125, 0.6801385879516602
5.2403778560692444, 0.0, 0.0, 0.00390625, 0.8237457275390625, 0.6801385879516602
5.250212207087316, 0.0, 0.0, 0.00390625, 0.8237457275390625, 0.6801385879516602
5.260114517994225, 0.0, 0.0, 0.00390625, 0.8237457275390625, 0.6801385879516602
5.270166511065327, 0.0, 0.0, -0.0, 0.8238677978515625, 0.6801385879516602
5.280234889010899, 0.0, 0.0, -0.0, 0.8238677978515625, 0.6801385879516602
5.290176959009841, 0.0, 0.0, -0.0, 0.8238677978515625, 0.6801385879516602
5.300228036008775, 0.0, 0.0, -0.0, 0.8238677978515625, 0.6801385879516602
5.310630614054389, 0.0, 0.0, 0.00390625, 0.823486328125, 0.6801385879516602
5.320362734026276, 0.0, 0.0, 0.00390625, 0.823486328125, 0.6801385879516602
5.330283972085454, 0.0, 0.0, 0.00390625, 0.823486328125, 0.6801385879516602
5.340819991077296, 0.0, 0.0, 0.00390625, 0.823516845703125, 0.6801385879516602
5.350410718005151, 0.0, 0.0, 0.00390625, 0.823516845703125, 0.6801385879516602
5.360134280053899, 0.0, 0.0, -0.0, 0.8231658935546875, 0.6801385879516602
5.370196927106008, 0.0, 0.0, -0.0, 0.8231658935546875, 0.6801385879516602
5.380133236059919, 0.0, 0.0, -0.0, 0.8231658935546875, 0.6801385879516602
5.390177882043645, 0.0, 0.0, -0.0, 0.8231658935546875, 0.6801385879516602
5.4005700160050765, 0.0, 0.0, -0.0, 0.8231658935546875, 0.6801385879516602
5.41025661805179, 0.0, 0.0, -0.0, 0.8232269287109375, 0.6801385879516602
5.420175073086284, 0.0, 0.0, -0.0, 0.8232269287109375, 0.6801385879516602
5.43017885601148, 0.0, 0.0, -0.0, 0.8232269287109375, 0.6788459420204163
5.440263409051113, 0.0, 0.0, -0.0, 0.8232269287109375, 0.6788459420204163
5.45018521102611, 0.0, 0.0, -0.0, 0.8223114013671875, 0.6788459420204163
5.460225008078851, 0.0, 0.0, -0.0, 0.8223114013671875, 0.6788459420204163
5.470291744102724, 0.0, 0.0, -0.0, 0.822265625, 0.6788459420204163
5.480189661029726, 0.0, 0.0, -0.0, 0.822265625, 0.6788459420204163
5.490328024025075, 0.0, 0.0, -0.0, 0.822265625, 0.6788459420204163
5.500187614001334, 0.0, 0.0, -0.0, 0.822265625, 0.6788459420204163
5.510428170091473, 0.0, 0.0, -0.0, 0.8214874267578125, 0.6788459420204163
5.520166801055893, 0.0, 0.0, -0.0, 0.8214874267578125, 0.6788459420204163
5.530361611046828, 0.0, 0.0, -0.0, 0.8214874267578125, 0.6788459420204163
5.54021350806579, 0.0, 0.0, -0.0, 0.8213958740234375, 0.6788459420204163
5.550703115994111, 0.0, 0.0, -0.0, 0.8213958740234375, 0.6788459420204163
5.560392614104785, 0.0, 0.0, -0.0, 0.8213958740234375, 0.6788459420204163
5.570570813026279, 0.0, 0.0, -0.0, 0.82183837890625, 0.6788459420204163
5.580236787092872, 0.0, 0.0, -0.0, 0.82183837890625, 0.6788459420204163
5.590281176031567, 0.0, 0.0, -0.0, 0.82183837890625, 0.6788459420204163
5.600339021068066, 0.0, 0.0, -0.0, 0.82183837890625, 0.6788459420204163
5.610392561997287, 0.0, 0.0, -0.0, 0.8201904296875, 0.6788459420204163
5.620405039051548, 0.0, 0.0, -0.0, 0.8201904296875, 0.6788459420204163
5.630192185053602, 0.0, 0.0, -0.0, 0.8201904296875, 0.6766241788864136
5.640197423053905, 0.0, 0.0, -0.0, 0.820098876953125, 0.6766241788864136
5.650224428041838, 0.0, 0.0, -0.0, 0.820098876953125, 0.6766241788864136
5.660842695040628, 0.0, 0.0, -0.0, 0.820098876953125, 0.6766241788864136
5.670192874036729, 0.0, 0.0, -0.0, 0.820098876953125, 0.6766241788864136
5.680162098025903, 0.0, 0.0, -0.0, 0.8190765380859375, 0.6766241788864136
5.690393317025155, 0.0, 0.0, -0.0, 0.8190765380859375, 0.6766241788864136
5.700207831105217, 0.0, 0.0, 0.00390625, 0.8192138671875, 0.6766241788864136
5.710201276000589, 0.0, 0.0, 0.00390625, 0.8192138671875, 0.6766241788864136
5.720171749009751, 0.0, 0.0, 0.00390625, 0.8192138671875, 0.6766241788864136
5.730201588012278, 0.0, 0.0, 0.00390625, 0.8192138671875, 0.6766241788864136
5.740314927068539, 0.0, 0.0, 0.00390625, 0.81903076171875, 0.6766241788864136
5.750246160081588, 0.0, 0.0, 0.00390625, 0.81903076171875, 0.6766241788864136
5.760351680102758, 0.0, 0.0, 0.00390625, 0.8192596435546875, 0.6766241788864136
5.770308737992309, 0.0, 0.0, 0.00390625, 0.8192596435546875, 0.6766241788864136
5.780173078062944, 0.0, 0.0, 0.00390625, 0.8192596435546875, 0.6766241788864136
5.7903368840925395, 0.0, 0.0, 0.00390625, 0.8192596435546875, 0.6766241788864136
5.8002258921042085, 0.0, 0.0, 0.00390625, 0.8192596435546875, 0.6766241788864136
5.81023033708334, 0.0, 0.0, 0.00390625, 0.8192596435546875, 0.6766241788864136
5.820404888014309, 0.0, 0.0, 0.00390625, 0.8197784423828125, 0.6766241788864136
5.830385248060338, 0.0, 0.0, 0.00390625, 0.8197784423828125, 0.6766241788864136
5.840170462033711, 0.0, 0.0, 0.0078125, 0.8200225830078125, 0.6767711043357849
5.850278455996886, 0.0, 0.0, 0.0078125, 0.8200225830078125, 0.6767711043357849
5.860266527044587, 0.0, 0.0, 0.0078125, 0.8195343017578125, 0.6767711043357849
5.870344529044814, 0.0, 0.0, 0.0078125, 0.8195343017578125, 0.6767711043357849
5.880435333005153, 0.0, 0.0, 0.0078125, 0.8195343017578125, 0.6767711043357849
5.890588732087053, 0.0, 0.0, 0.0078125, 0.8195343017578125, 0.6767711043357849
5.900503379991278, 0.0, 0.0, 0.0078125, 0.8198699951171875, 0.6767711043357849
5.910212595015764, 0.0, 0.0, 0.0078125, 0.8198699951171875, 0.6767711043357849
5.920230013085529, 0.0, 0.0, 0.0078125, 0.8198699951171875, 0.6767711043357849
5.930164247052744, 0.0, 0.0, 0.01171875, 0.8194580078125, 0.6767711043357849
5.940203637001105, 0.0, 0.0, 0.01171875, 0.8194580078125, 0.6767711043357849
5.9502218960551545, 0.0, 0.0, 0.01171875, 0.8194580078125, 0.6767711043357849
5.96027922607027, 0.0, 0.0, 0.01171875, 0.8194580078125, 0.6767711043357849
5.970589208067395, 0.0, 0.0, 0.01171875, 0.819793701171875, 0.6767711043357849
5.982519968063571, 0.0, 0.0, 0.01171875, 0.819793701171875, 0.6767711043357849
5.990822874009609, 0.0, 0.0, 0.01171875, 0.819793701171875, 0.6767711043357849
6.0002340520732105, 0.0, 0.0, 0.0078125, 0.819976806640625, 0.6767711043357849
6.010150565998629, 0.0, 0.0, 0.0078125, 0.819976806640625, 0.6767711043357849
6.020482677035034, 0.0, 0.0, 0.0078125, 0.819976806640625, 0.6767711043357849
6.030203335103579, 0.0, 0.0, 0.0078125, 0.819976806640625, 0.6773669123649597
6.0404477250995114, 0.0, 0.0, 0.0078125, 0.82025146484375, 0.6773669123649597
6.050190451089293, 0.0, 0.0, 0.0078125, 0.82025146484375, 0.6773669123649597
6.060296902083792, 0.0, 0.0, 0.0078125, 0.82025146484375, 0.6773669123649597
6.070144164026715, 0.0, 0.0, 0.00390625, 0.8206634521484375, 0.6773669123649597
6.080174780101515, 0.0, 0.0, 0.00390625, 0.8206634521484375, 0.6773669123649597
6.090205912012607, 0.0, 0.0, 0.00390625, 0.8206634521484375, 0.6773669123649597
6.100196081097238, 0.0, 0.0, 0.00390625, 0.8206634521484375, 0.6773669123649597
6.11015350103844, 0.0, 0.0, 0.00390625, 0.8199005126953125, 0.6773669123649597
6.120141152059659, 0.0, 0.0, 0.00390625, 0.8199005126953125, 0.6773669123649597
6.1301419120281935, 0.0, 0.0, 0.00390625, 0.8199005126953125, 0.6773669123649597
6.140203391085379, 0.0, 0.0, 0.00390625, 0.8200225830078125, 0.6773669123649597
6.1501560440519825, 0.0, 0.0, 0.00390625, 0.8200225830078125, 0.6773669123649597
6.160128538031131, 0.0, 0.0, 0.00390625, 0.8200225830078125, 0.6773669123649597
6.17014610406477, 0.0, 0.0, 0.00390625, 0.8200225830078125, 0.6773669123649597
6.180404826998711, 0.0, 0.0, 0.00390625, 0.81890869140625, 0.6773669123649597
6.190377307008021, 0.0, 0.0, 0.00390625, 0.81890869140625, 0.6773669123649597
6.20023406506516, 0.0, 0.0, 0.00390625, 0.81890869140625, 0.6773669123649597
6.210168682038784, 0.0, 0.0, 0.0078125, 0.819244384765625, 0.6773669123649597
6.220268595032394, 0.0, 0.0, 0.0078125, 0.819244384765625, 0.6768472194671631
6.230390301090665, 0.0, 0.0, 0.0078125, 0.819244384765625, 0.6768472194671631
6.24034246604424, 0.0, 0.0, 0.0078125, 0.8179168701171875, 0.6768472194671631
6.250343558029272, 0.0, 0.0, 0.0078125, 0.8179168701171875, 0.6768472194671631
6.260321582085453, 0.0, 0.0, 0.0078125, 0.8179168701171875, 0.6768472194671631
6.270283250021748, 0.0, 0.0, 0.0078125, 0.8182830810546875, 0.6768472194671631
6.280433802050538, 0.0, 0.0, 0.0078125, 0.8182830810546875, 0.6768472194671631
6.290182588039897, 0.0, 0.0, 0.0078125, 0.8182830810546875, 0.6768472194671631
6.30040445306804, 0.0, 0.0, 0.0078125, 0.8171844482421875, 0.6768472194671631
6.310460881097242, 0.0, 0.0, 0.0078125, 0.8171844482421875, 0.6768472194671631
6.3201895920792595, 0.0, 0.0, 0.0078125, 0.8171844482421875, 0.6768472194671631
6.330192660097964, 0.0, 0.0, 0.0078125, 0.8171844482421875, 0.6768472194671631
6.340414201025851, 0.0, 0.0, 0.01171875, 0.8175506591796875, 0.6768472194671631
6.350171857047826, 0.0, 0.0, 0.01171875, 0.8175506591796875, 0.6768472194671631
6.3601488480344415, 0.0, 0.0, 0.01171875, 0.8175506591796875, 0.6768472194671631
6.370248684077524, 0.0, 0.0, 0.01171875, 0.8175506591796875, 0.6768472194671631
6.380128825083375, 0.0, 0.0, 0.01171875, 0.815460205078125, 0.6768472194671631
6.39012994710356, 0.0, 0.0, 0.01171875, 0.815460205078125, 0.6768472194671631
6.4001321831019595, 0.0, 0.0, 0.015625, 0.815887451171875, 0.6768472194671631
6.410248569096439, 0.0, 0.0, 0.015625, 0.815887451171875, 0.6768472194671631
6.420216609025374, 0.0, 0.0, 0.015625, 0.815887451171875, 0.6768472194671631
6.430458812043071, 0.0, 0.0, 0.015625, 0.815887451171875, 0.6762035489082336
6.440382838016376, 0.0, 0.0, 0.015625, 0.8154296875, 0.6762035489082336
6.45017439906951, 0.0, 0.0, 0.015625, 0.8154296875, 0.6762035489082336
6.460153262014501, 0.0, 0.0, 0.015625, 0.8154296875, 0.6762035489082336
6.4702856950461864, 0.0, 0.0, 0.01953125, 0.81561279296875, 0.6762035489082336
6.480133478995413, 0.0, 0.0, 0.01953125, 0.81561279296875, 0.6762035489082336
6.490231815027073, 0.0, 0.0, 0.01953125, 0.81561279296875, 0.6762035489082336
6.500194102991372, 0.0, 0.0, 0.015625, 0.8160247802734375, 0.6762035489082336
6.510131574003026, 0.0, 0.0, 0.015625, 0.8160247802734375, 0.6762035489082336
6.520099270041101, 0.0, 0.0, 0.015625, 0.8160247802734375, 0.6762035489082336
6.5301794110564515, 0.0, 0.0, 0.015625, 0.8168487548828125, 0.6762035489082336
6.540353688993491, 0.0, 0.0, 0.015625, 0.8168487548828125, 0.6762035489082336
6.550212859059684, 0.0, 0.0, 0.015625, 0.8168487548828125, 0.6762035489082336
6.560507778078318, 0.0, 0.0, 0.015625, 0.8168487548828125, 0.6762035489082336
6.570201553055085, 0.0, 0.0, 0.015625, 0.8175506591796875, 0.6762035489082336
6.580575333093293, 0.0, 0.0, 0.015625, 0.8175506591796875, 0.6762035489082336
6.590281426091678, 0.0, 0.0, 0.015625, 0.8175506591796875, 0.6762035489082336
6.60027517110575, 0.0, 0.0, 0.015625, 0.8175506591796875, 0.6762035489082336
6.6105835071066394, 0.0, 0.0, 0.015625, 0.818450927734375, 0.6762035489082336
6.6208765470655635, 0.0, 0.0, 0.015625, 0.818450927734375, 0.6762035489082336
6.630575673072599, 0.0, 0.0, 0.015625, 0.818450927734375, 0.6762035489082336
6.640756214037538, 0.0, 0.0, 0.015625, 0.8190460205078125, 0.6785393357276917
6.650164751103148, 0.0, 0.0, 0.015625, 0.8190460205078125, 0.6785393357276917
6.660301094991155, 0.0, 0.0, 0.015625, 0.8190460205078125, 0.6785393357276917
6.670461343019269, 0.0, 0.0, 0.0078125, 0.820159912109375, 0.6785393357276917
6.680168625083752, 0.0, 0.0, 0.0078125, 0.820159912109375, 0.6785393357276917
6.690277737099677, 0.0, 0.0, 0.0078125, 0.820159912109375, 0.6785393357276917
6.700573170091957, 0.0, 0.0, 0.00390625, 0.8203887939453125, 0.6785393357276917
6.71023376006633, 0.0, 0.0, 0.00390625, 0.8203887939453125, 0.6785393357276917
6.720342486049049, 0.0, 0.0, 0.00390625, 0.8203887939453125, 0.6785393357276917
6.730237724026665, 0.0, 0.0, 0.00390625, 0.8203887939453125, 0.6785393357276917
6.740682035102509, 0.0, 0.0, -0.0, 0.82012939453125, 0.6785393357276917
6.750710851047188, 0.0, 0.0, -0.0, 0.82012939453125, 0.6785393357276917
6.760413432028145, 0.0, 0.0, -0.0, 0.82012939453125, 0.6785393357276917
6.770826604100876, 0.0, 0.0, -0.0, 0.8202362060546875, 0.6785393357276917
6.780193828046322, 0.0, 0.0, -0.0, 0.8202362060546875, 0.6785393357276917
6.790109546040185, 0.0, 0.0, -0.0, 0.8202362060546875, 0.6785393357276917
6.800214378046803, 0.0, 0.0, -0.0, 0.8202362060546875, 0.6785393357276917
6.810253695002757, 0.0, 0.0, -0.0, 0.8193817138671875, 0.6785393357276917
6.820137817063369, 0.0, 0.0, -0.0, 0.8193817138671875, 0.6785393357276917
6.830179462092929, 0.0, 0.0, -0.0, 0.8193817138671875, 0.6770009398460388
6.84013737202622, 0.0, 0.0, -0.0, 0.8194427490234375, 0.6770009398460388
6.85019716899842, 0.0, 0.0, -0.0, 0.8194427490234375, 0.6770009398460388
6.860091547016054, 0.0, 0.0, -0.0, 0.8194427490234375, 0.6770009398460388
6.870327965007164, 0.0, 0.0, 0.00390625, 0.8167572021484375, 0.6770009398460388
6.880227481015027, 0.0, 0.0, 0.00390625, 0.8167572021484375, 0.6770009398460388
6.890165488002822, 0.0, 0.0, 0.00390625, 0.8167572021484375, 0.6770009398460388
6.900121652055532, 0.0, 0.0, 0.00390625, 0.81689453125, 0.6770009398460388
6.910166190005839, 0.0, 0.0, 0.00390625, 0.81689453125, 0.6770009398460388
6.920220512081869, 0.0, 0.0, 0.00390625, 0.81689453125, 0.6770009398460388
6.930302147055045, 0.0, 0.0, 0.00390625, 0.81689453125, 0.6770009398460388
6.940716181998141, 0.0, 0.0, 0.0078125, 0.8162078857421875, 0.6770009398460388
6.9505198140395805, 0.0, 0.0, 0.0078125, 0.8162078857421875, 0.6770009398460388
6.960700861993246, 0.0, 0.0, 0.0078125, 0.8162078857421875, 0.6770009398460388
6.970140959019773, 0.0, 0.0, 0.01171875, 0.8139190673828125, 0.6770009398460388
6.980134279001504, 0.0, 0.0, 0.01171875, 0.8139190673828125, 0.6770009398460388
6.990190147073008, 0.0, 0.0, 0.01171875, 0.8139190673828125, 0.6770009398460388
7.0001387119991705, 0.0, 0.0, 0.01171875, 0.814300537109375, 0.6770009398460388
