time, reference_vz, command_gaz, speed_z, altitude, altitude_above_to
0.0, 0.0, 0.0, 0.0, 0.0, 0.0
0.01053275796584785, 0.36000001430511475, 0.36000001430511475, 0.0004750695079565048, 0.7788116931915283, 0.7446482181549072
0.02037792804185301, 0.36000001430511475, 0.36000001430511475, 0.0004750695079565048, 0.7788116931915283, 0.7446482181549072
0.03021557303145528, 0.36000001430511475, 0.36000001430511475, 0.0004750695079565048, 0.7788116931915283, 0.7446482181549072
0.04055004904512316, 0.36000001430511475, 0.36000001430511475, 0.001774358213879168, 0.7791348695755005, 0.7446482181549072
0.05082705698441714, 0.36000001430511475, 0.36000001430511475, 0.001774358213879168, 0.7791348695755005, 0.7446482181549072
0.0601714450167492, 0.36000001430511475, 0.36000001430511475, 0.001774358213879168, 0.7791348695755005, 0.7446482181549072
0.07017269998323172, 0.36000001430511475, 0.36000001430511475, 0.001774358213879168, 0.7791348695755005, 0.7446482181549072
0.08011017204262316, 0.36000001430511475, 0.36000001430511475, 0.001774358213879168, 0.7791348695755005, 0.7446482181549072
0.09016399004030973, 0.36000001430511475, 0.36000001430511475, 0.001774358213879168, 0.7791348695755005, 0.7446482181549072
0.10027486796025187, 0.36000001430511475, 0.36000001430511475, 0.001774358213879168, 0.7791348695755005, 0.745964765548706
0.1101887080585584, 0.36000001430511475, 0.36000001430511475, 0.0036650404799729586, 0.7793745398521423, 0.745964765548706
0.12032717897091061, 0.36000001430511475, 0.36000001430511475, 0.0036650404799729586, 0.7793745398521423, 0.745964765548706
0.13016277505084872, 0.36000001430511475, 0.36000001430511475, 0.0036650404799729586, 0.7793745398521423, 0.745964765548706
0.1400926070054993, 0.36000001430511475, 0.36000001430511475, 0.0036650404799729586, 0.7793745398521423, 0.745964765548706
0.1502982140518725, 0.36000001430511475, 0.36000001430511475, 0.0036650404799729586, 0.7793745398521423, 0.745964765548706
0.16017500404268503, 0.36000001430511475, 0.36000001430511475, 0.0036650404799729586, 0.7793745398521423, 0.745964765548706
0.17048214306123555, 0.36000001430511475, 0.36000001430511475, 0.003090757643803954, 0.7797366380691528, 0.745964765548706
0.18018020398449153, 0.36000001430511475, 0.36000001430511475, 0.003090757643803954, 0.7797366380691528, 0.745964765548706
0.19034216506406665, 0.36000001430511475, 0.36000001430511475, 0.003090757643803954, 0.7797366380691528, 0.745964765548706
0.20023146807216108, 0.36000001430511475, 0.36000001430511475, 0.003090757643803954, 0.7797366380691528, 0.745964765548706
0.21020108798984438, 0.36000001430511475, 0.36000001430511475, 0.003090757643803954, 0.7797366380691528, 0.745964765548706
0.22025508899241686, 0.36000001430511475, 0.36000001430511475, 0.003090757643803954, 0.7797366380691528, 0.745964765548706
0.23020588397048414, 0.36000001430511475, 0.36000001430511475, 0.003090757643803954, 0.7797366380691528, 0.745964765548706
0.2404938630061224, 0.36000001430511475, 0.36000001430511475, 0.003090757643803954, 0.7797366380691528, 0.745964765548706
0.2502077310346067, 0.36000001430511475, 0.36000001430511475, 0.003090757643803954, 0.7797366380691528, 0.745964765548706
0.26021576405037194, 0.36000001430511475, 0.36000001430511475, 0.001013775123283267, 0.7795552611351013, 0.745964765548706
0.2702594440197572, 0.36000001430511475, 0.36000001430511475, 0.0005332910222932696, 0.7795668244361877, 0.745964765548706
0.28014654701109976, 0.36000001430511475, 0.36000001430511475, 0.0005332910222932696, 0.7795668244361877, 0.745964765548706
0.2901770720491186, 0.36000001430511475, 0.36000001430511475, 0.0005332910222932696, 0.7795668244361877, 0.7495822906494141
0.3002263429807499, 0.36000001430511475, 0.36000001430511475, 0.0005332910222932696, 0.7795668244361877, 0.7495822906494141
0.31018477596808225, 0.36000001430511475, 0.36000001430511475, 0.0005332910222932696, 0.7795668244361877, 0.7495822906494141
0.3201798889786005, 0.36000001430511475, 0.36000001430511475, 0.0005332910222932696, 0.7795668244361877, 0.7495822906494141
0.3301981050753966, 0.36000001430511475, 0.36000001430511475, 0.0005332910222932696, 0.7795668244361877, 0.7495822906494141
0.34021605097223073, 0.36000001430511475, 0.36000001430511475, 0.0005332910222932696, 0.7795668244361877, 0.7495822906494141
0.3504147049970925, 0.36000001430511475, 0.36000001430511475, 0.0005332910222932696, 0.7795668244361877, 0.7495822906494141
0.3601687940536067, 0.36000001430511475, 0.36000001430511475, 0.0033761088270694017, 0.7800658345222473, 0.7495822906494141
0.37168493203353137, 0.36000001430511475, 0.36000001430511475, 0.004876961465924978, 0.7799772024154663, 0.7495822906494141
0.3802608629921451, 0.36000001430511475, 0.36000001430511475, 0.004876961465924978, 0.7799772024154663, 0.7495822906494141
0.39023291296325624, 0.36000001430511475, 0.36000001430511475, 0.00939294695854187, 0.7807211875915527, 0.7495822906494141
0.40029329899698496, 0.36000001430511475, 0.36000001430511475, 0.00939294695854187, 0.7807211875915527, 0.7495822906494141
0.410083272960037, 0.36000001430511475, 0.36000001430511475, 0.00939294695854187, 0.7807211875915527, 0.7495822906494141
0.4202483750414103, 0.36000001430511475, 0.36000001430511475, 0.00939294695854187, 0.7807211875915527, 0.7495822906494141
0.4301847320748493, 0.36000001430511475, 0.36000001430511475, 0.012270466424524784, 0.7813771963119507, 0.7495822906494141
0.44031484704464674, 0.36000001430511475, 0.36000001430511475, 0.014486070722341537, 0.7813613414764404, 0.7495822906494141
0.450161527027376, 0.36000001430511475, 0.36000001430511475, 0.014486070722341537, 0.7813613414764404, 0.7495822906494141
0.460134826018475, 0.36000001430511475, 0.36000001430511475, 0.014486070722341537, 0.7813613414764404, 0.7495822906494141
0.470154543989338, 0.36000001430511475, 0.36000001430511475, 0.014486070722341537, 0.7813613414764404, 0.7495822906494141
0.48015252803452313, 0.36000001430511475, 0.36000001430511475, 0.014486070722341537, 0.7813613414764404, 0.7988526821136475
0.49032758502289653, 0.36000001430511475, 0.36000001430511475, 0.014486070722341537, 0.7813613414764404, 0.7988526821136475
0.5001859510084614, 0.36000001430511475, 0.36000001430511475, 0.014172063209116459, 0.7821127772331238, 0.7988526821136475
0.510209355968982, 0.36000001430511475, 0.36000001430511475, 0.013800149783492088, 0.7826913595199585, 0.7988526821136475
0.5201825420372188, 0.36000001430511475, 0.36000001430511475, 0.013800149783492088, 0.7826913595199585, 0.7988526821136475
0.5302582080475986, 0.36000001430511475, 0.36000001430511475, 0.013800149783492088, 0.7826913595199585, 0.7988526821136475
0.5402094590244815, 0.36000001430511475, 0.36000001430511475, 0.013800149783492088, 0.7826913595199585, 0.7988526821136475
0.5501642019953579, 0.36000001430511475, 0.36000001430511475, 0.013800149783492088, 0.7826913595199585, 0.7988526821136475
0.5602199740242213, 0.36000001430511475, 0.36000001430511475, 0.013800149783492088, 0.7826913595199585, 0.7988526821136475
0.5703719049924985, 0.36000001430511475, 0.36000001430511475, 0.013800149783492088, 0.7826913595199585, 0.7988526821136475
0.580339937005192, 0.36000001430511475, 0.36000001430511475, 0.013800149783492088, 0.7826913595199585, 0.7988526821136475
0.5901693199994043, 0.36000001430511475, 0.36000001430511475, 0.027996834367513657, 0.7830977439880371, 0.7988526821136475
0.6003701010486111, 0.36000001430511475, 0.36000001430511475, 0.09898220747709274, 0.7852108478546143, 0.7988526821136475
0.6102646429790184, 0.36000001430511475, 0.36000001430511475, 0.09898220747709274, 0.7852108478546143, 0.7988526821136475
0.6202069540740922, 0.36000001430511475, 0.36000001430511475, 0.09898220747709274, 0.7852108478546143, 0.7988526821136475
0.630431120051071, 0.36000001430511475, 0.36000001430511475, 0.09898220747709274, 0.7852108478546143, 0.7988526821136475
0.6406904039904475, 0.36000001430511475, 0.36000001430511475, 0.17349983751773834, 0.7894625067710876, 0.7988526821136475
0.6509674789849669, 0.36000001430511475, 0.36000001430511475, 0.23497706651687622, 0.7969479560852051, 0.7988526821136475
0.6608972799731418, 0.36000001430511475, 0.36000001430511475, 0.23497706651687622, 0.7969479560852051, 0.7988526821136475
0.6709116550628096, 0.36000001430511475, 0.36000001430511475, 0.27509576082229614, 0.8061803579330444, 0.7988526821136475
0.680183810996823, 0.36000001430511475, 0.36000001430511475, 0.27509576082229614, 0.8061803579330444, 0.7988526821136475
0.6901632570661604, 0.36000001430511475, 0.36000001430511475, 0.27509576082229614, 0.8061803579330444, 0.8662366271018982
0.7001680240500718, 0.36000001430511475, 0.36000001430511475, 0.27509576082229614, 0.8061803579330444, 0.8662366271018982
0.7101536990376189, 0.36000001430511475, 0.36000001430511475, 0.27509576082229614, 0.8061803579330444, 0.8662366271018982
0.7202804860426113, 0.36000001430511475, 0.36000001430511475, 0.27509576082229614, 0.8061803579330444, 0.8662366271018982
0.7301872370298952, 0.36000001430511475, 0.36000001430511475, 0.27509576082229614, 0.8061803579330444, 0.8662366271018982
0.7413394310278818, 0.36000001430511475, 0.36000001430511475, 0.296937495470047, 0.8146114945411682, 0.8662366271018982
0.7502116420073435, 0.36000001430511475, 0.36000001430511475, 0.296937495470047, 0.8146114945411682, 0.8662366271018982
0.7601952459663153, 0.36000001430511475, 0.36000001430511475, 0.31381767988204956, 0.8252971768379211, 0.8662366271018982
0.7701482230331749, 0.36000001430511475, 0.36000001430511475, 0.32347214221954346, 0.8358842134475708, 0.8662366271018982
0.7801853440469131, 0.36000001430511475, 0.36000001430511475, 0.32347214221954346, 0.8358842134475708, 0.8662366271018982
0.7901646620593965, 0.36000001430511475, 0.36000001430511475, 0.32347214221954346, 0.8358842134475708, 0.8662366271018982
0.8001545460429043, 0.36000001430511475, 0.36000001430511475, 0.32347214221954346, 0.8358842134475708, 0.8662366271018982
0.8101805939804763, 0.36000001430511475, 0.36000001430511475, 0.32977190613746643, 0.8445330858230591, 0.8662366271018982
0.8205129030393437, 0.36000001430511475, 0.36000001430511475, 0.32977190613746643, 0.8445330858230591, 0.8662366271018982
0.8301717579597607, 0.36000001430511475, 0.36000001430511475, 0.32977190613746643, 0.8445330858230591, 0.8662366271018982
0.8401692140614614, 0.36000001430511475, 0.36000001430511475, 0.32977190613746643, 0.8445330858230591, 0.8662366271018982
0.8501471540657803, 0.36000001430511475, 0.36000001430511475, 0.32977190613746643, 0.8445330858230591, 0.8662366271018982
0.8601841570343822, 0.36000001430511475, 0.36000001430511475, 0.32977190613746643, 0.8445330858230591, 0.8662366271018982
0.8701876190025359, 0.36000001430511475, 0.36000001430511475, 0.32977190613746643, 0.8445330858230591, 0.8662366271018982
0.8802187880501151, 0.36000001430511475, 0.36000001430511475, 0.32977190613746643, 0.8445330858230591, 0.8662366271018982
0.8902320350753143, 0.36000001430511475, 0.36000001430511475, 0.32977190613746643, 0.8445330858230591, 0.8662366271018982
0.900302494992502, 0.36000001430511475, 0.36000001430511475, 0.3354209363460541, 0.8565226793289185, 0.936026930809021
0.9102193319704384, 0.36000001430511475, 0.36000001430511475, 0.34033721685409546, 0.8681643009185791, 0.936026930809021
0.9201832610415295, 0.36000001430511475, 0.36000001430511475, 0.34033721685409546, 0.8681643009185791, 0.936026930809021
0.9302202409598976, 0.36000001430511475, 0.36000001430511475, 0.34033721685409546, 0.8681643009185791, 0.936026930809021
0.9402805659919977, 0.36000001430511475, 0.36000001430511475, 0.34033721685409546, 0.8681643009185791, 0.936026930809021
0.9501913069980219, 0.36000001430511475, 0.36000001430511475, 0.34258338809013367, 0.878314733505249, 0.936026930809021
0.960336790070869, 0.36000001430511475, 0.36000001430511475, 0.3448098599910736, 0.8910893201828003, 0.936026930809021
0.9702360010705888, 0.36000001430511475, 0.36000001430511475, 0.3448098599910736, 0.8910893201828003, 0.936026930809021
0.9801833080127835, 0.36000001430511475, 0.36000001430511475, 0.3448098599910736, 0.8910893201828003, 0.936026930809021
0.9903270690701902, 0.36000001430511475, 0.36000001430511475, 0.3448098599910736, 0.8910893201828003, 0.936026930809021
1.0006309520686045, 0.36000001430511475, 0.36000001430511475, 0.3448098599910736, 0.8910893201828003, 0.936026930809021
1.0104444730095565, 0.36000001430511475, 0.36000001430511475, 0.3448098599910736, 0.8910893201828003, 0.936026930809021
1.0202079589944333, 0.36000001430511475, 0.36000001430511475, 0.3448098599910736, 0.8910893201828003, 0.936026930809021
1.0302603200543672, 0.36000001430511475, 0.36000001430511475, 0.3448098599910736, 0.8910893201828003, 0.936026930809021
1.0401665499666706, 0.36000001430511475, 0.36000001430511475, 0.34430626034736633, 0.9030426144599915, 0.936026930809021
1.0501648769713938, 0.36000001430511475, 0.36000001430511475, 0.3452315330505371, 0.9131808280944824, 0.936026930809021
1.0602602480212227, 0.36000001430511475, 0.36000001430511475, 0.3448518216609955, 0.9249953627586365, 0.936026930809021
1.0705732479691505, 0.36000001430511475, 0.36000001430511475, 0.3448518216609955, 0.9249953627586365, 1.0025991201400757
1.080163207021542, 0.36000001430511475, 0.36000001430511475, 0.3448518216609955, 0.9249953627586365, 1.0025991201400757
1.0914737969869748, 0.36000001430511475, 0.36000001430511475, 0.3424842655658722, 0.9373312592506409, 1.0025991201400757
1.1001770680304617, 0.36000001430511475, 0.36000001430511475, 0.3424842655658722, 0.9373312592506409, 1.0025991201400757
1.110194743028842, 0.36000001430511475, 0.36000001430511475, 0.3395448625087738, 0.9475422501564026, 1.0025991201400757
1.1202833469724283, 0.36000001430511475, 0.36000001430511475, 0.3395448625087738, 0.9475422501564026, 1.0025991201400757
1.13013658602722, 0.36000001430511475, 0.36000001430511475, 0.3395448625087738, 0.9475422501564026, 1.0025991201400757
1.140127785038203, 0.36000001430511475, 0.36000001430511475, 0.3395448625087738, 0.9475422501564026, 1.0025991201400757
1.1501733519835398, 0.36000001430511475, 0.36000001430511475, 0.3395448625087738, 0.9475422501564026, 1.0025991201400757
1.1600987879792228, 0.36000001430511475, 0.36000001430511475, 0.33770203590393066, 0.959007978439331, 1.0025991201400757
1.1701941270148382, 0.36000001430511475, 0.36000001430511475, 0.33770203590393066, 0.959007978439331, 1.0025991201400757
1.1801379129756242, 0.36000001430511475, 0.36000001430511475, 0.33770203590393066, 0.959007978439331, 1.0025991201400757
1.1902001079870388, 0.36000001430511475, 0.36000001430511475, 0.33770203590393066, 0.959007978439331, 1.0025991201400757
1.2001916780136526, 0.36000001430511475, 0.36000001430511475, 0.33770203590393066, 0.959007978439331, 1.0025991201400757
1.2101818739902228, 0.36000001430511475, 0.36000001430511475, 0.33770203590393066, 0.959007978439331, 1.0025991201400757
1.2202111979713663, 0.36000001430511475, 0.36000001430511475, 0.33770203590393066, 0.959007978439331, 1.0025991201400757
1.2302763430634513, 0.36000001430511475, 0.36000001430511475, 0.33770203590393066, 0.959007978439331, 1.0025991201400757
1.2403196319937706, 0.36000001430511475, 0.36000001430511475, 0.33770203590393066, 0.959007978439331, 1.0025991201400757
1.2502054950455204, 0.36000001430511475, 0.36000001430511475, 0.33770203590393066, 0.959007978439331, 1.0025991201400757
1.2604273189790547, 0.36000001430511475, 0.36000001430511475, 0.33770203590393066, 0.959007978439331, 1.0025991201400757
1.2704077970702201, 0.36000001430511475, 0.36000001430511475, 0.33839595317840576, 0.9714482426643372, 1.0025991201400757
1.2802477540681139, 0.36000001430511475, 0.36000001430511475, 0.33839595317840576, 0.9714482426643372, 1.0775707960128784
1.2902182850521058, 0.36000001430511475, 0.36000001430511475, 0.33839595317840576, 0.9714482426643372, 1.0775707960128784
1.3005292300367728, 0.36000001430511475, 0.36000001430511475, 0.33839595317840576, 0.9714482426643372, 1.0775707960128784
1.3101790910586715, 0.36000001430511475, 0.36000001430511475, 0.33839595317840576, 0.9714482426643372, 1.0775707960128784
1.3205094060394913, 0.36000001430511475, 0.36000001430511475, 0.33839595317840576, 0.9714482426643372, 1.0775707960128784
1.33029583201278, 0.36000001430511475, 0.36000001430511475, 0.33839595317840576, 0.9714482426643372, 1.0775707960128784
1.340471146046184, 0.36000001430511475, 0.36000001430511475, 0.33839595317840576, 0.9714482426643372, 1.0775707960128784
1.3503395420266315, 0.36000001430511475, 0.36000001430511475, 0.33839595317840576, 0.9714482426643372, 1.0775707960128784
1.3601554189808667, 0.36000001430511475, 0.36000001430511475, 0.33839595317840576, 0.9714482426643372, 1.0775707960128784
1.3703203350305557, 0.36000001430511475, 0.36000001430511475, 0.33839595317840576, 0.9714482426643372, 1.0775707960128784
1.3802993550198153, 0.36000001430511475, 0.36000001430511475, 0.33839595317840576, 0.9714482426643372, 1.0775707960128784
1.3904089500429109, 0.36000001430511475, 0.36000001430511475, 0.33839595317840576, 0.9714482426643372, 1.0775707960128784
1.4001687420532107, 0.36000001430511475, 0.36000001430511475, 0.33839595317840576, 0.9714482426643372, 1.0775707960128784
1.410155231016688, 0.36000001430511475, 0.36000001430511475, 0.33839595317840576, 0.9714482426643372, 1.0775707960128784
1.4202399960486218, 0.36000001430511475, 0.36000001430511475, 0.3395501673221588, 0.9814965724945068, 1.0775707960128784
1.4303052590694278, 0.36000001430511475, 0.36000001430511475, 0.3412429392337799, 0.9935618042945862, 1.0775707960128784
1.440462302067317, 0.36000001430511475, 0.36000001430511475, 0.3412429392337799, 0.9935618042945862, 1.0775707960128784
1.4503963249735534, 0.36000001430511475, 0.36000001430511475, 0.3498102128505707, 1.026749610900879, 1.0775707960128784
1.4601887749740854, 0.36000001430511475, 0.36000001430511475, 0.35642457008361816, 1.0377873182296753, 1.0775707960128784
1.4702123560709879, 0.36000001430511475, 0.36000001430511475, 0.362296998500824, 1.0504827499389648, 1.0775707960128784
1.4801751860650256, 0.36000001430511475, 0.36000001430511475, 0.362296998500824, 1.0504827499389648, 1.0775707960128784
1.4903105749981478, 0.36000001430511475, 0.36000001430511475, 0.362296998500824, 1.0504827499389648, 1.149955153465271
1.5002403700491413, 0.36000001430511475, 0.36000001430511475, 0.36842265725135803, 1.0737603902816772, 1.149955153465271
1.5102054229937494, 0.36000001430511475, 0.36000001430511475, 0.36842265725135803, 1.0737603902816772, 1.149955153465271
1.5203392510302365, 0.36000001430511475, 0.36000001430511475, 0.36842265725135803, 1.0737603902816772, 1.149955153465271
1.5302233620313928, 0.36000001430511475, 0.36000001430511475, 0.36842265725135803, 1.0737603902816772, 1.149955153465271
1.5402018070453778, 0.36000001430511475, 0.36000001430511475, 0.37082573771476746, 1.0869802236557007, 1.149955153465271
1.550394595018588, 0.36000001430511475, 0.36000001430511475, 0.373141348361969, 1.0986970663070679, 1.149955153465271
1.560171177960001, 0.36000001430511475, 0.36000001430511475, 0.373141348361969, 1.0986970663070679, 1.149955153465271
1.570382675039582, 0.36000001430511475, 0.36000001430511475, 0.37293684482574463, 1.1120022535324097, 1.149955153465271
1.580163515987806, 0.36000001430511475, 0.36000001430511475, 0.37293684482574463, 1.1120022535324097, 1.149955153465271
1.5901851929957047, 0.36000001430511475, 0.36000001430511475, 0.37293684482574463, 1.1120022535324097, 1.149955153465271
1.6002195170149207, 0.36000001430511475, 0.36000001430511475, 0.37293684482574463, 1.1120022535324097, 1.149955153465271
1.6101765610510483, 0.36000001430511475, 0.36000001430511475, 0.37293684482574463, 1.1120022535324097, 1.149955153465271
1.6202162300469354, 0.36000001430511475, 0.36000001430511475, 0.37293684482574463, 1.1120022535324097, 1.149955153465271
1.630429813056253, 0.36000001430511475, 0.36000001430511475, 0.37293684482574463, 1.1120022535324097, 1.149955153465271
1.640313321026042, 0.36000001430511475, 0.36000001430511475, 0.3708377480506897, 1.1253688335418701, 1.149955153465271
1.6502395280404016, 0.36000001430511475, 0.36000001430511475, 0.3667835295200348, 1.1362783908843994, 1.149955153465271
1.6602781800320372, 0.36000001430511475, 0.36000001430511475, 0.3667835295200348, 1.1362783908843994, 1.149955153465271
1.670151537982747, 0.36000001430511475, 0.36000001430511475, 0.3614633083343506, 1.1487928628921509, 1.149955153465271
1.6806767630623654, 0.36000001430511475, 0.36000001430511475, 0.3614633083343506, 1.1487928628921509, 1.149955153465271
1.690287888981402, 0.36000001430511475, 0.36000001430511475, 0.3614633083343506, 1.1487928628921509, 1.149955153465271
1.7002764079952613, 0.36000001430511475, 0.36000001430511475, 0.3614633083343506, 1.1487928628921509, 1.2219055891036987
1.7102358400588855, 0.36000001430511475, 0.36000001430511475, 0.3614633083343506, 1.1487928628921509, 1.2219055891036987
1.7202751559671015, 0.36000001430511475, 0.36000001430511475, 0.3614633083343506, 1.1487928628921509, 1.2219055891036987
1.730365160969086, 0.36000001430511475, 0.36000001430511475, 0.3571140468120575, 1.1606230735778809, 1.2219055891036987
1.7402085789944977, 0.36000001430511475, 0.36000001430511475, 0.3571140468120575, 1.1606230735778809, 1.2219055891036987
1.750123769044876, 0.36000001430511475, 0.36000001430511475, 0.3571140468120575, 1.1606230735778809, 1.2219055891036987
1.760200895019807, 0.36000001430511475, 0.36000001430511475, 0.3571140468120575, 1.1606230735778809, 1.2219055891036987
1.7703030550619587, 0.36000001430511475, 0.36000001430511475, 0.3571140468120575, 1.1606230735778809, 1.2219055891036987
1.7802167560439557, 0.36000001430511475, 0.36000001430511475, 0.3571140468120575, 1.1606230735778809, 1.2219055891036987
1.7907087940257043, 0.36000001430511475, 0.36000001430511475, 0.3571140468120575, 1.1606230735778809, 1.2219055891036987
1.800318505964242, 0.36000001430511475, 0.36000001430511475, 0.3571140468120575, 1.1606230735778809, 1.2219055891036987
1.8102884700056165, 0.36000001430511475, 0.36000001430511475, 0.3571140468120575, 1.1606230735778809, 1.2219055891036987
1.8202822980238125, 0.36000001430511475, 0.36000001430511475, 0.3571140468120575, 1.1606230735778809, 1.2219055891036987
1.830221918062307, 0.36000001430511475, 0.36000001430511475, 0.3546392023563385, 1.17039954662323, 1.2219055891036987
1.8406818470684811, 0.36000001430511475, 0.36000001430511475, 0.3546063005924225, 1.182686686515808, 1.2219055891036987
1.8501815450144932, 0.36000001430511475, 0.36000001430511475, 0.3557906746864319, 1.2067943811416626, 1.2219055891036987
1.8601081919623539, 0.36000001430511475, 0.36000001430511475, 0.3557906746864319, 1.2067943811416626, 1.2219055891036987
1.8700984150636941, 0.36000001430511475, 0.36000001430511475, 0.3557906746864319, 1.2067943811416626, 1.2219055891036987
1.8801577560370788, 0.36000001430511475, 0.36000001430511475, 0.3557906746864319, 1.2067943811416626, 1.2219055891036987
1.890160495066084, 0.36000001430511475, 0.36000001430511475, 0.3557906746864319, 1.2067943811416626, 1.2219055891036987
1.900308775017038, 0.36000001430511475, 0.36000001430511475, 0.3557906746864319, 1.2067943811416626, 1.295175313949585
1.910178303020075, 0.36000001430511475, 0.36000001430511475, 0.3557906746864319, 1.2067943811416626, 1.295175313949585
1.9208099090028554, 0.36000001430511475, 0.36000001430511475, 0.35796505212783813, 1.219610571861267, 1.295175313949585
1.9305532639846206, 0.36000001430511475, 0.36000001430511475, 0.36165037751197815, 1.2422614097595215, 1.295175313949585
1.940181621001102, 0.36000001430511475, 0.36000001430511475, 0.36165037751197815, 1.2422614097595215, 1.295175313949585
1.95018937101122, 0.36000001430511475, 0.36000001430511475, 0.36165037751197815, 1.2422614097595215, 1.295175313949585
1.9601943909656256, 0.36000001430511475, 0.36000001430511475, 0.36165037751197815, 1.2422614097595215, 1.295175313949585
1.9702420179964975, 0.36000001430511475, 0.36000001430511475, 0.36165037751197815, 1.2422614097595215, 1.295175313949585
1.980218117008917, 0.36000001430511475, 0.36000001430511475, 0.36165037751197815, 1.2422614097595215, 1.295175313949585
1.9901801269734278, 0.36000001430511475, 0.36000001430511475, 0.36238977313041687, 1.2549923658370972, 1.295175313949585
2.0003108030650765, 0.36000001430511475, 0.36000001430511475, 0.36238977313041687, 1.2549923658370972, 1.295175313949585
2.0103018369991332, -0.36000001430511475, -0.36000001430511475, 0.36374151706695557, 1.2675936222076416, 1.295175313949585
2.020258806995116, -0.36000001430511475, -0.36000001430511475, 0.36374151706695557, 1.2675936222076416, 1.295175313949585
2.030213761026971, -0.36000001430511475, -0.36000001430511475, 0.36374151706695557, 1.2675936222076416, 1.295175313949585
2.0401796550722793, -0.36000001430511475, -0.36000001430511475, 0.36374151706695557, 1.2675936222076416, 1.295175313949585
2.0502593989949673, -0.36000001430511475, -0.36000001430511475, 0.36374151706695557, 1.2675936222076416, 1.295175313949585
2.060186379007064, -0.36000001430511475, -0.36000001430511475, 0.36374151706695557, 1.2675936222076416, 1.36594557762146
2.070254202000797, -0.36000001430511475, -0.36000001430511475, 0.36536532640457153, 1.2787635326385498, 1.36594557762146
2.080137465032749, -0.36000001430511475, -0.36000001430511475, 0.36536532640457153, 1.2787635326385498, 1.36594557762146
2.090386750991456, -0.36000001430511475, -0.36000001430511475, 0.36536532640457153, 1.2787635326385498, 1.36594557762146
2.100194539059885, -0.36000001430511475, -0.36000001430511475, 0.36536532640457153, 1.2787635326385498, 1.36594557762146
2.1103916990105063, -0.36000001430511475, -0.36000001430511475, 0.36536532640457153, 1.2787635326385498, 1.36594557762146
2.120464181061834, -0.36000001430511475, -0.36000001430511475, 0.3667472302913666, 1.3034367561340332, 1.36594557762146
2.1304491580231115, -0.36000001430511475, -0.36000001430511475, 0.3667472302913666, 1.3034367561340332, 1.36594557762146
2.1401969030266628, -0.36000001430511475, -0.36000001430511475, 0.3667472302913666, 1.3034367561340332, 1.36594557762146
2.150190416024998, -0.36000001430511475, -0.36000001430511475, 0.36479657888412476, 1.3163477182388306, 1.36594557762146
2.1603685630252585, -0.36000001430511475, -0.36000001430511475, 0.36479657888412476, 1.3163477182388306, 1.36594557762146
2.170215722057037, -0.36000001430511475, -0.36000001430511475, 0.36479657888412476, 1.3163477182388306, 1.36594557762146
2.1801260840147734, -0.36000001430511475, -0.36000001430511475, 0.36479657888412476, 1.3163477182388306, 1.36594557762146
2.190188155975193, -0.36000001430511475, -0.36000001430511475, 0.36479657888412476, 1.3163477182388306, 1.36594557762146
2.200181177002378, -0.36000001430511475, -0.36000001430511475, 0.36479657888412476, 1.3163477182388306, 1.36594557762146
2.210210265009664, -0.36000001430511475, -0.36000001430511475, 0.36479657888412476, 1.3163477182388306, 1.36594557762146
2.2204089210135862, -0.36000001430511475, -0.36000001430511475, 0.36479657888412476, 1.3163477182388306, 1.36594557762146
2.2305137329967692, -0.36000001430511475, -0.36000001430511475, 0.36479657888412476, 1.3163477182388306, 1.36594557762146
2.240174910053611, -0.36000001430511475, -0.36000001430511475, 0.36116430163383484, 1.3272382020950317, 1.36594557762146
2.250242243055254, -0.36000001430511475, -0.36000001430511475, 0.36116430163383484, 1.3272382020950317, 1.36594557762146
2.2601381350541487, -0.36000001430511475, -0.36000001430511475, 0.36116430163383484, 1.3272382020950317, 1.36594557762146
2.270140951965004, -0.36000001430511475, -0.36000001430511475, 0.3571283221244812, 1.3396656513214111, 1.36594557762146
2.2803502599708736, -0.36000001430511475, -0.36000001430511475, 0.3571283221244812, 1.3396656513214111, 1.43497896194458
2.2902303140144795, -0.36000001430511475, -0.36000001430511475, 0.3571283221244812, 1.3396656513214111, 1.43497896194458
2.3002090320223942, -0.36000001430511475, -0.36000001430511475, 0.3571283221244812, 1.3396656513214111, 1.43497896194458
2.3102097460068762, -0.36000001430511475, -0.36000001430511475, 0.3571283221244812, 1.3396656513214111, 1.43497896194458
2.3203772860579193, -0.36000001430511475, -0.36000001430511475, 0.3571283221244812, 1.3396656513214111, 1.43497896194458
2.330208988976665, -0.36000001430511475, -0.36000001430511475, 0.3571283221244812, 1.3396656513214111, 1.43497896194458
2.34025983302854, -0.36000001430511475, -0.36000001430511475, 0.3571283221244812, 1.3396656513214111, 1.43497896194458
2.3501525570172817, -0.36000001430511475, -0.36000001430511475, 0.3571283221244812, 1.3396656513214111, 1.43497896194458
2.3603325149742886, -0.36000001430511475, -0.36000001430511475, 0.3559094965457916, 1.3518497943878174, 1.43497896194458
2.3701826239703223, -0.36000001430511475, -0.36000001430511475, 0.3559094965457916, 1.3518497943878174, 1.43497896194458
2.3801781369838864, -0.36000001430511475, -0.36000001430511475, 0.3559094965457916, 1.3518497943878174, 1.43497896194458
2.390156797016971, -0.36000001430511475, -0.36000001430511475, 0.3559094965457916, 1.3518497943878174, 1.43497896194458
2.400182840996422, -0.36000001430511475, -0.36000001430511475, 0.3559094965457916, 1.3518497943878174, 1.43497896194458
2.4101835309993476, -0.36000001430511475, -0.36000001430511475, 0.3559094965457916, 1.3518497943878174, 1.43497896194458
2.420422181021422, -0.36000001430511475, -0.36000001430511475, 0.3614751398563385, 1.3868296146392822, 1.43497896194458
2.430271269986406, -0.36000001430511475, -0.36000001430511475, 0.36234256625175476, 1.3980457782745361, 1.43497896194458
2.4401438840432093, -0.36000001430511475, -0.36000001430511475, 0.36194828152656555, 1.4119062423706055, 1.43497896194458
2.4502985610160977, -0.36000001430511475, -0.36000001430511475, 0.36194828152656555, 1.4119062423706055, 1.43497896194458
2.460218650987372, -0.36000001430511475, -0.36000001430511475, 0.36194828152656555, 1.4119062423706055, 1.43497896194458
2.4705444109858945, -0.36000001430511475, -0.36000001430511475, 0.36194828152656555, 1.4119062423706055, 1.43497896194458
2.480358703993261, -0.36000001430511475, -0.36000001430511475, 0.36194828152656555, 1.4119062423706055, 1.43497896194458
2.4902081170585006, -0.36000001430511475, -0.36000001430511475, 0.36194828152656555, 1.4119062423706055, 1.4244518280029297
2.500156369060278, -0.36000001430511475, -0.36000001430511475, 0.36055412888526917, 1.4359480142593384, 1.4244518280029297
2.5101427430054173, -0.36000001430511475, -0.36000001430511475, 0.36055412888526917, 1.4359480142593384, 1.4244518280029297
2.5201355039607733, -0.36000001430511475, -0.36000001430511475, 0.36112868785858154, 1.4475818872451782, 1.4244518280029297
2.530176080064848, -0.36000001430511475, -0.36000001430511475, 0.36112868785858154, 1.4475818872451782, 1.4244518280029297
2.5401700519723818, -0.36000001430511475, -0.36000001430511475, 0.36112868785858154, 1.4475818872451782, 1.4244518280029297
2.5501836590701714, -0.36000001430511475, -0.36000001430511475, 0.36112868785858154, 1.4475818872451782, 1.4244518280029297
2.560171484015882, -0.36000001430511475, -0.36000001430511475, 0.36112868785858154, 1.4475818872451782, 1.4244518280029297
2.570210405974649, -0.36000001430511475, -0.36000001430511475, 0.32424524426460266, 1.4595779180526733, 1.4244518280029297
2.580239449045621, -0.36000001430511475, -0.36000001430511475, 0.32424524426460266, 1.4595779180526733, 1.4244518280029297
2.5904351769713685, -0.36000001430511475, -0.36000001430511475, 0.32424524426460266, 1.4595779180526733, 1.4244518280029297
2.600211192970164, -0.36000001430511475, -0.36000001430511475, 0.32424524426460266, 1.4595779180526733, 1.4244518280029297
2.610177058028057, -0.36000001430511475, -0.36000001430511475, 0.32424524426460266, 1.4595779180526733, 1.4244518280029297
2.620175965013914, -0.36000001430511475, -0.36000001430511475, 0.32424524426460266, 1.4595779180526733, 1.4244518280029297
2.63020532799419, -0.36000001430511475, -0.36000001430511475, 0.32424524426460266, 1.4595779180526733, 1.4244518280029297
2.6402629510266706, -0.36000001430511475, -0.36000001430511475, 0.32424524426460266, 1.4595779180526733, 1.4244518280029297
2.6501494409749284, -0.36000001430511475, -0.36000001430511475, 0.32424524426460266, 1.4595779180526733, 1.4244518280029297
2.6604046339634806, -0.36000001430511475, -0.36000001430511475, 0.32424524426460266, 1.4595779180526733, 1.4244518280029297
2.670203253044747, -0.36000001430511475, -0.36000001430511475, 0.32424524426460266, 1.4595779180526733, 1.4244518280029297
2.68017577403225, -0.36000001430511475, -0.36000001430511475, 0.32424524426460266, 1.4595779180526733, 1.4244518280029297
2.6901372850406915, -0.36000001430511475, -0.36000001430511475, 0.32424524426460266, 1.4595779180526733, 1.4244518280029297
2.7001547269755974, -0.36000001430511475, -0.36000001430511475, 0.25699248909950256, 1.4681549072265625, 1.3586419820785522
2.710382212069817, -0.36000001430511475, -0.36000001430511475, 0.14531244337558746, 1.4757270812988281, 1.3586419820785522
2.720159591990523, -0.36000001430511475, -0.36000001430511475, 0.14531244337558746, 1.4757270812988281, 1.3586419820785522
2.7304645910626277, -0.36000001430511475, -0.36000001430511475, -0.09461100399494171, 1.4763799905776978, 1.3586419820785522
2.7401862690458074, -0.36000001430511475, -0.36000001430511475, -0.17932483553886414, 1.4712315797805786, 1.3586419820785522
2.7504081970546395, -0.36000001430511475, -0.36000001430511475, -0.17932483553886414, 1.4712315797805786, 1.3586419820785522
2.760153647977859, -0.36000001430511475, -0.36000001430511475, -0.23588770627975464, 1.4640082120895386, 1.3586419820785522
2.77016909501981, -0.36000001430511475, -0.36000001430511475, -0.23588770627975464, 1.4640082120895386, 1.3586419820785522
2.7801840440370142, -0.36000001430511475, -0.36000001430511475, -0.23588770627975464, 1.4640082120895386, 1.3586419820785522
2.7902270450722426, -0.36000001430511475, -0.36000001430511475, -0.23588770627975464, 1.4640082120895386, 1.3586419820785522
2.800417975988239, -0.36000001430511475, -0.36000001430511475, -0.23588770627975464, 1.4640082120895386, 1.3586419820785522
2.8101754480740055, -0.36000001430511475, -0.36000001430511475, -0.2699742317199707, 1.457234263420105, 1.3586419820785522
2.8207790850428864, -0.36000001430511475, -0.36000001430511475, -0.2699742317199707, 1.457234263420105, 1.3586419820785522
2.8301916850032285, -0.36000001430511475, -0.36000001430511475, -0.2699742317199707, 1.457234263420105, 1.3586419820785522
2.840222949977033, -0.36000001430511475, -0.36000001430511475, -0.29908671975135803, 1.4476639032363892, 1.3586419820785522
2.850145708071068, -0.36000001430511475, -0.36000001430511475, -0.29908671975135803, 1.4476639032363892, 1.3586419820785522
2.8602721210336313, -0.36000001430511475, -0.36000001430511475, -0.29908671975135803, 1.4476639032363892, 1.3586419820785522
2.8701439229771495, -0.36000001430511475, -0.36000001430511475, -0.29908671975135803, 1.4476639032363892, 1.3586419820785522
2.8803341520251706, -0.36000001430511475, -0.36000001430511475, -0.29908671975135803, 1.4476639032363892, 1.3586419820785522
2.8902225070632994, -0.36000001430511475, -0.36000001430511475, -0.29908671975135803, 1.4476639032363892, 1.3586419820785522
2.900474620051682, -0.36000001430511475, -0.36000001430511475, -0.29908671975135803, 1.4476639032363892, 1.3586419820785522
2.910152973025106, -0.36000001430511475, -0.36000001430511475, -0.29908671975135803, 1.4476639032363892, 1.2860490083694458
2.920327211963013, -0.36000001430511475, -0.36000001430511475, -0.29908671975135803, 1.4476639032363892, 1.2860490083694458
2.9302757820114493, -0.36000001430511475, -0.36000001430511475, -0.31900158524513245, 1.4370691776275635, 1.2860490083694458
2.9401894570328295, -0.36000001430511475, -0.36000001430511475, -0.31900158524513245, 1.4370691776275635, 1.2860490083694458
2.9503778900252655, -0.36000001430511475, -0.36000001430511475, -0.3312380909919739, 1.4286131858825684, 1.2860490083694458
2.9603570280596614, -0.36000001430511475, -0.36000001430511475, -0.3312380909919739, 1.4286131858825684, 1.2860490083694458
2.970415455987677, -0.36000001430511475, -0.36000001430511475, -0.35139480233192444, 1.4037384986877441, 1.2860490083694458
2.9801980040501803, -0.36000001430511475, -0.36000001430511475, -0.35139480233192444, 1.4037384986877441, 1.2860490083694458
2.9902670540614054, -0.36000001430511475, -0.36000001430511475, -0.35139480233192444, 1.4037384986877441, 1.2860490083694458
3.000366518041119, -0.36000001430511475, -0.36000001430511475, -0.35651901364326477, 1.3915361166000366, 1.2860490083694458
3.010262593976222, -0.36000001430511475, -0.36000001430511475, -0.35651901364326477, 1.3915361166000366, 1.2860490083694458
3.0203106809640303, -0.36000001430511475, -0.36000001430511475, -0.35651901364326477, 1.3915361166000366, 1.2860490083694458
3.0301835719728842, -0.36000001430511475, -0.36000001430511475, -0.35651901364326477, 1.3915361166000366, 1.2860490083694458
3.0402213849592954, -0.36000001430511475, -0.36000001430511475, -0.35651901364326477, 1.3915361166000366, 1.2860490083694458
3.0501927570439875, -0.36000001430511475, -0.36000001430511475, -0.35651901364326477, 1.3915361166000366, 1.2860490083694458
3.0604532840661705, -0.36000001430511475, -0.36000001430511475, -0.35651901364326477, 1.3915361166000366, 1.2147401571273804
3.070219827000983, -0.36000001430511475, -0.36000001430511475, -0.35651901364326477, 1.3915361166000366, 1.2147401571273804
3.0802085540490225, -0.36000001430511475, -0.36000001430511475, -0.35923120379447937, 1.3812670707702637, 1.2147401571273804
3.090251232031733, -0.36000001430511475, -0.36000001430511475, -0.3612516224384308, 1.3685468435287476, 1.2147401571273804
3.1002451370004565, -0.36000001430511475, -0.36000001430511475, -0.3612516224384308, 1.3685468435287476, 1.2147401571273804
3.1101612830534577, -0.36000001430511475, -0.36000001430511475, -0.3612516224384308, 1.3685468435287476, 1.2147401571273804
3.1202017599716783, -0.36000001430511475, -0.36000001430511475, -0.36654192209243774, 1.3455997705459595, 1.2147401571273804
3.130152830039151, -0.36000001430511475, -0.36000001430511475, -0.36654192209243774, 1.3455997705459595, 1.2147401571273804
3.1401824300410226, -0.36000001430511475, -0.36000001430511475, -0.36654192209243774, 1.3455997705459595, 1.2147401571273804
3.150425908039324, -0.36000001430511475, -0.36000001430511475, -0.36654192209243774, 1.3455997705459595, 1.2147401571273804
3.1603222619742155, -0.36000001430511475, -0.36000001430511475, -0.36654192209243774, 1.3455997705459595, 1.2147401571273804
3.1702460820088163, -0.36000001430511475, -0.36000001430511475, -0.36654192209243774, 1.3455997705459595, 1.2147401571273804
3.1802012390689924, -0.36000001430511475, -0.36000001430511475, -0.36654192209243774, 1.3455997705459595, 1.2147401571273804
3.190503961057402, -0.36000001430511475, -0.36000001430511475, -0.3678452670574188, 1.3324226140975952, 1.2147401571273804
3.2006010269979015, -0.36000001430511475, -0.36000001430511475, -0.3678452670574188, 1.3324226140975952, 1.2147401571273804
3.2101950580254197, -0.36000001430511475, -0.36000001430511475, -0.3678452670574188, 1.3324226140975952, 1.2147401571273804
3.2203062400221825, -0.36000001430511475, -0.36000001430511475, -0.3620299696922302, 1.310167670249939, 1.2147401571273804
3.23012516903691, -0.36000001430511475, -0.36000001430511475, -0.3620299696922302, 1.310167670249939, 1.2147401571273804
3.2401337700430304, -0.36000001430511475, -0.36000001430511475, -0.3620299696922302, 1.310167670249939, 1.2147401571273804
3.250178868067451, -0.36000001430511475, -0.36000001430511475, -0.3620299696922302, 1.310167670249939, 1.2147401571273804
3.260143568040803, -0.36000001430511475, -0.36000001430511475, -0.3620299696922302, 1.310167670249939, 1.2147401571273804
3.2701362890657037, -0.36000001430511475, -0.36000001430511475, -0.3620299696922302, 1.310167670249939, 1.2147401571273804
3.280399807030335, -0.36000001430511475, -0.36000001430511475, -0.3620299696922302, 1.310167670249939, 1.1461737155914307
3.2901974440319464, -0.36000001430511475, -0.36000001430511475, -0.35750678181648254, 1.2835522890090942, 1.1461737155914307
3.300249897991307, -0.36000001430511475, -0.36000001430511475, -0.35750678181648254, 1.2835522890090942, 1.1461737155914307
3.3101322239963338, -0.36000001430511475, -0.36000001430511475, -0.35750678181648254, 1.2835522890090942, 1.1461737155914307
3.320294553064741, -0.36000001430511475, -0.36000001430511475, -0.35750678181648254, 1.2835522890090942, 1.1461737155914307
3.3302414739737287, -0.36000001430511475, -0.36000001430511475, -0.35750678181648254, 1.2835522890090942, 1.1461737155914307
3.3402006740216166, -0.36000001430511475, -0.36000001430511475, -0.35750678181648254, 1.2835522890090942, 1.1461737155914307
3.350136111024767, -0.36000001430511475, -0.36000001430511475, -0.35750678181648254, 1.2835522890090942, 1.1461737155914307
3.3601953530451283, -0.36000001430511475, -0.36000001430511475, -0.35750678181648254, 1.2835522890090942, 1.1461737155914307
3.3701334920478985, -0.36000001430511475, -0.36000001430511475, -0.35750678181648254, 1.2835522890090942, 1.1461737155914307
3.3801706599770114, -0.36000001430511475, -0.36000001430511475, -0.35750678181648254, 1.2835522890090942, 1.1461737155914307
3.390168027020991, -0.36000001430511475, -0.36000001430511475, -0.35750678181648254, 1.2835522890090942, 1.1461737155914307
3.4002009510295466, -0.36000001430511475, -0.36000001430511475, -0.35750678181648254, 1.2835522890090942, 1.1461737155914307
3.410167725989595, -0.36000001430511475, -0.36000001430511475, -0.35750678181648254, 1.2835522890090942, 1.1461737155914307
3.420250346069224, -0.36000001430511475, -0.36000001430511475, -0.3552214801311493, 1.272619366645813, 1.1461737155914307
3.430268086027354, -0.36000001430511475, -0.36000001430511475, -0.3522825539112091, 1.2598068714141846, 1.1461737155914307
3.4402225479716435, -0.36000001430511475, -0.36000001430511475, -0.3448455333709717, 1.2373780012130737, 1.1461737155914307
3.450280311051756, -0.36000001430511475, -0.36000001430511475, -0.3448455333709717, 1.2373780012130737, 1.1461737155914307
3.4602744140429422, -0.36000001430511475, -0.36000001430511475, -0.3448455333709717, 1.2373780012130737, 1.1461737155914307
3.4701810650294647, -0.36000001430511475, -0.36000001430511475, -0.3420446515083313, 1.225541591644287, 1.1461737155914307
3.4801830330397934, -0.36000001430511475, -0.36000001430511475, -0.3420446515083313, 1.225541591644287, 1.1461737155914307
3.490300153964199, -0.36000001430511475, -0.36000001430511475, -0.3395127058029175, 1.2130299806594849, 1.1461737155914307
3.500169144012034, -0.36000001430511475, -0.36000001430511475, -0.3395127058029175, 1.2130299806594849, 1.0760841369628906
3.5101885909680277, -0.36000001430511475, -0.36000001430511475, -0.3395127058029175, 1.2130299806594849, 1.0760841369628906
3.5201989710330963, -0.36000001430511475, -0.36000001430511475, -0.3395127058029175, 1.2130299806594849, 1.0760841369628906
3.530152798979543, -0.36000001430511475, -0.36000001430511475, -0.33915698528289795, 1.2024133205413818, 1.0760841369628906
3.5401880859863013, -0.36000001430511475, -0.36000001430511475, -0.33915698528289795, 1.2024133205413818, 1.0760841369628906
3.5501806819811463, -0.36000001430511475, -0.36000001430511475, -0.33915698528289795, 1.2024133205413818, 1.0760841369628906
3.5601929089752957, -0.36000001430511475, -0.36000001430511475, -0.33915698528289795, 1.2024133205413818, 1.0760841369628906
3.5701551960082725, -0.36000001430511475, -0.36000001430511475, -0.33812475204467773, 1.1906770467758179, 1.0760841369628906
3.580146405962296, -0.36000001430511475, -0.36000001430511475, -0.33812475204467773, 1.1906770467758179, 1.0760841369628906
3.5907414599787444, -0.36000001430511475, -0.36000001430511475, -0.33812475204467773, 1.1906770467758179, 1.0760841369628906
3.6002797989640385, -0.36000001430511475, -0.36000001430511475, -0.33812475204467773, 1.1906770467758179, 1.0760841369628906
3.6105306970421225, -0.36000001430511475, -0.36000001430511475, -0.3376436233520508, 1.178955316543579, 1.0760841369628906
3.6201529280515388, -0.36000001430511475, -0.36000001430511475, -0.3376436233520508, 1.178955316543579, 1.0760841369628906
3.6301684570498765, -0.36000001430511475, -0.36000001430511475, -0.3376436233520508, 1.178955316543579, 1.0760841369628906
3.640426481026225, -0.36000001430511475, -0.36000001430511475, -0.3387546241283417, 1.16957688331604, 1.0760841369628906
3.6501830340130255, -0.36000001430511475, -0.36000001430511475, -0.3387546241283417, 1.16957688331604, 1.0760841369628906
3.6601701569743454, -0.36000001430511475, -0.36000001430511475, -0.3387546241283417, 1.16957688331604, 1.0760841369628906
3.6701540789799765, -0.36000001430511475, -0.36000001430511475, -0.3387546241283417, 1.16957688331604, 1.0760841369628906
3.680280525004491, -0.36000001430511475, -0.36000001430511475, -0.3387546241283417, 1.16957688331604, 1.0760841369628906
3.690165797015652, -0.36000001430511475, -0.36000001430511475, -0.3387546241283417, 1.16957688331604, 1.0760841369628906
3.7004579469794407, -0.36000001430511475, -0.36000001430511475, -0.3423261046409607, 1.1573725938796997, 1.0015004873275757
3.7104163670446724, -0.36000001430511475, -0.36000001430511475, -0.3423261046409607, 1.1573725938796997, 1.0015004873275757
3.7205772639717907, -0.36000001430511475, -0.36000001430511475, -0.3473426103591919, 1.145212173461914, 1.0015004873275757
3.730212982976809, -0.36000001430511475, -0.36000001430511475, -0.3473426103591919, 1.145212173461914, 1.0015004873275757
3.740276577998884, -0.36000001430511475, -0.36000001430511475, -0.3473426103591919, 1.145212173461914, 1.0015004873275757
3.7501881329808384, -0.36000001430511475, -0.36000001430511475, -0.3473426103591919, 1.145212173461914, 1.0015004873275757
3.760351438075304, -0.36000001430511475, -0.36000001430511475, -0.3473426103591919, 1.145212173461914, 1.0015004873275757
3.770475715980865, -0.36000001430511475, -0.36000001430511475, -0.3473426103591919, 1.145212173461914, 1.0015004873275757
3.780180989066139, -0.36000001430511475, -0.36000001430511475, -0.3473426103591919, 1.145212173461914, 1.0015004873275757
3.7907411850756034, -0.36000001430511475, -0.36000001430511475, -0.35248926281929016, 1.1355235576629639, 1.0015004873275757
3.8004271190147847, -0.36000001430511475, -0.36000001430511475, -0.35248926281929016, 1.1355235576629639, 1.0015004873275757
3.8101726319873706, -0.36000001430511475, -0.36000001430511475, -0.36609911918640137, 1.1102863550186157, 1.0015004873275757
3.820157359004952, -0.36000001430511475, -0.36000001430511475, -0.36609911918640137, 1.1102863550186157, 1.0015004873275757
3.830178631003946, -0.36000001430511475, -0.36000001430511475, -0.3705528676509857, 1.0980299711227417, 1.0015004873275757
3.840245492057875, -0.36000001430511475, -0.36000001430511475, -0.3705528676509857, 1.0980299711227417, 1.0015004873275757
3.8501920020207763, -0.36000001430511475, -0.36000001430511475, -0.3728907108306885, 1.0862910747528076, 1.0015004873275757
3.8601509199943393, -0.36000001430511475, -0.36000001430511475, -0.3728907108306885, 1.0862910747528076, 0.9285001754760742
3.8702246319735423, -0.36000001430511475, -0.36000001430511475, -0.3728907108306885, 1.0862910747528076, 0.9285001754760742
3.8802679589716718, -0.36000001430511475, -0.36000001430511475, -0.3728907108306885, 1.0862910747528076, 0.9285001754760742
3.890174039057456, -0.36000001430511475, -0.36000001430511475, -0.3728907108306885, 1.0862910747528076, 0.9285001754760742
3.9001670150319114, -0.36000001430511475, -0.36000001430511475, -0.3728907108306885, 1.0862910747528076, 0.9285001754760742
3.9102093600668013, -0.36000001430511475, -0.36000001430511475, -0.3728907108306885, 1.0862910747528076, 0.9285001754760742
3.920206136070192, -0.36000001430511475, -0.36000001430511475, -0.3728907108306885, 1.0862910747528076, 0.9285001754760742
3.930206852965057, -0.36000001430511475, -0.36000001430511475, -0.3728907108306885, 1.0862910747528076, 0.9285001754760742
3.9404041210655123, -0.36000001430511475, -0.36000001430511475, -0.3750660717487335, 1.0737429857254028, 0.9285001754760742
3.950295269023627, -0.36000001430511475, -0.36000001430511475, -0.3750660717487335, 1.0737429857254028, 0.9285001754760742
3.9604041259735823, -0.36000001430511475, -0.36000001430511475, -0.37439560890197754, 1.0497974157333374, 0.9285001754760742
3.97029486799147, -0.36000001430511475, -0.36000001430511475, -0.37439560890197754, 1.0497974157333374, 0.9285001754760742
3.9802142929984257, -0.36000001430511475, -0.36000001430511475, -0.37439560890197754, 1.0497974157333374, 0.9285001754760742
3.9901696160668507, -0.36000001430511475, -0.36000001430511475, -0.37439560890197754, 1.0497974157333374, 0.9285001754760742
4.000172263011336, -0.36000001430511475, -0.36000001430511475, -0.37439560890197754, 1.0497974157333374, 0.9285001754760742
4.010148136992939, 0.0, 0.0, -0.37439560890197754, 1.0497974157333374, 0.9285001754760742
4.020178653066978, 0.0, 0.0, -0.37439560890197754, 1.0497974157333374, 0.9285001754760742
4.030859531019814, 0.0, 0.0, -0.373102605342865, 1.0369263887405396, 0.9285001754760742
4.040314364014193, 0.0, 0.0, -0.37194886803627014, 1.0243898630142212, 0.9285001754760742
4.05018221901264, 0.0, 0.0, -0.37194886803627014, 1.0243898630142212, 0.9285001754760742
4.060183294001035, 0.0, 0.0, -0.3710797429084778, 1.0129039287567139, 0.9285001754760742
4.0701787560246885, 0.0, 0.0, -0.3687262535095215, 0.9999302625656128, 0.9285001754760742
4.080147174070589, 0.0, 0.0, -0.3687262535095215, 0.9999302625656128, 0.8555830717086792
4.0903150690719485, 0.0, 0.0, -0.3687262535095215, 0.9999302625656128, 0.8555830717086792
4.100584028987214, 0.0, 0.0, -0.36680662631988525, 0.9870387315750122, 0.8555830717086792
4.110404261038639, 0.0, 0.0, -0.36680662631988525, 0.9870387315750122, 0.8555830717086792
4.120175615069456, 0.0, 0.0, -0.36680662631988525, 0.9870387315750122, 0.8555830717086792
4.13020003400743, 0.0, 0.0, -0.36680662631988525, 0.9870387315750122, 0.8555830717086792
4.140438533038832, 0.0, 0.0, -0.36680662631988525, 0.9870387315750122, 0.8555830717086792
4.15018658596091, 0.0, 0.0, -0.36680662631988525, 0.9870387315750122, 0.8555830717086792
4.160409864969552, 0.0, 0.0, -0.36666667461395264, 0.9770181775093079, 0.8555830717086792
4.170131003018469, 0.0, 0.0, -0.36666667461395264, 0.9770181775093079, 0.8555830717086792
4.180145199061371, 0.0, 0.0, -0.36666667461395264, 0.9770181775093079, 0.8555830717086792
4.190154945012182, 0.0, 0.0, -0.36666667461395264, 0.9770181775093079, 0.8555830717086792
4.200216460041702, 0.0, 0.0, -0.36666667461395264, 0.9770181775093079, 0.8555830717086792
4.2102242830442265, 0.0, 0.0, -0.3679937720298767, 0.9641715288162231, 0.8555830717086792
4.220156108029187, 0.0, 0.0, -0.3697226047515869, 0.9519043564796448, 0.8555830717086792
4.2304080029716715, 0.0, 0.0, -0.3697226047515869, 0.9519043564796448, 0.8555830717086792
4.240209587966092, 0.0, 0.0, -0.3697226047515869, 0.9519043564796448, 0.8555830717086792
4.250257099978626, 0.0, 0.0, -0.3697226047515869, 0.9519043564796448, 0.8555830717086792
4.260234198067337, 0.0, 0.0, -0.3697226047515869, 0.9519043564796448, 0.8555830717086792
4.270184922032058, 0.0, 0.0, -0.3705429434776306, 0.9406735897064209, 0.8555830717086792
4.280793584068306, 0.0, 0.0, -0.370502233505249, 0.9279147386550903, 0.7832319736480713
4.291025680024177, 0.0, 0.0, -0.370502233505249, 0.9279147386550903, 0.7832319736480713
4.300336410989985, 0.0, 0.0, -0.370502233505249, 0.9279147386550903, 0.7832319736480713
4.310261346050538, 0.0, 0.0, -0.36969539523124695, 0.914909839630127, 0.7832319736480713
4.3202633240725845, 0.0, 0.0, -0.36969539523124695, 0.914909839630127, 0.7832319736480713
4.330174672068097, 0.0, 0.0, -0.36969539523124695, 0.914909839630127, 0.7832319736480713
4.340262174024247, 0.0, 0.0, -0.3704170882701874, 0.903227686882019, 0.7832319736480713
4.350313681992702, 0.0, 0.0, -0.3704170882701874, 0.903227686882019, 0.7832319736480713
4.36021580407396, 0.0, 0.0, -0.3704170882701874, 0.903227686882019, 0.7832319736480713
4.370414071017876, 0.0, 0.0, -0.3704170882701874, 0.903227686882019, 0.7832319736480713
4.380217447062023, 0.0, 0.0, -0.3704170882701874, 0.903227686882019, 0.7832319736480713
4.390309103066102, 0.0, 0.0, -0.3704170882701874, 0.903227686882019, 0.7832319736480713
4.400366420042701, 0.0, 0.0, -0.3704170882701874, 0.903227686882019, 0.7832319736480713
4.410183178028092, 0.0, 0.0, -0.3704170882701874, 0.903227686882019, 0.7832319736480713
4.420201166067272, 0.0, 0.0, -0.3704170882701874, 0.903227686882019, 0.7832319736480713
4.430198375019245, 0.0, 0.0, -0.3704170882701874, 0.903227686882019, 0.7832319736480713
4.440207150997594, 0.0, 0.0, -0.3704170882701874, 0.903227686882019, 0.7832319736480713
4.450206095003523, 0.0, 0.0, -0.3704170882701874, 0.903227686882019, 0.7832319736480713
4.460221091052517, 0.0, 0.0, -0.3704170882701874, 0.903227686882019, 0.7832319736480713
4.470170889981091, 0.0, 0.0, -0.3704170882701874, 0.903227686882019, 0.7832319736480713
4.48014736303594, 0.0, 0.0, -0.3704170882701874, 0.903227686882019, 0.7832319736480713
4.490292920032516, 0.0, 0.0, -0.3704170882701874, 0.903227686882019, 0.764784574508667
4.500200954033062, 0.0, 0.0, -0.3704170882701874, 0.903227686882019, 0.764784574508667
4.510469053988345, 0.0, 0.0, -0.3704170882701874, 0.903227686882019, 0.764784574508667
4.520371965016238, 0.0, 0.0, -0.37300369143486023, 0.8903504014015198, 0.764784574508667
4.530377364018932, 0.0, 0.0, -0.37619516253471375, 0.8770337700843811, 0.764784574508667
4.5402644489659, 0.0, 0.0, -0.37619516253471375, 0.8770337700843811, 0.764784574508667
4.550334568019025, 0.0, 0.0, -0.37619516253471375, 0.8770337700843811, 0.764784574508667
4.560484742978588, 0.0, 0.0, -0.37619516253471375, 0.8770337700843811, 0.764784574508667
4.570172243984416, 0.0, 0.0, -0.37619516253471375, 0.8770337700843811, 0.764784574508667
4.580332295969129, 0.0, 0.0, -0.37619516253471375, 0.8770337700843811, 0.764784574508667
4.5902068599825725, 0.0, 0.0, -0.37619516253471375, 0.8770337700843811, 0.764784574508667
4.600188808050007, 0.0, 0.0, -0.37619516253471375, 0.8770337700843811, 0.764784574508667
4.610363916959614, 0.0, 0.0, -0.37619516253471375, 0.8770337700843811, 0.764784574508667
4.620397601975128, 0.0, 0.0, -0.37619516253471375, 0.8770337700843811, 0.764784574508667
4.630527219036594, 0.0, 0.0, -0.3759381175041199, 0.8395537734031677, 0.764784574508667
4.640858102007769, 0.0, 0.0, -0.3759381175041199, 0.8395537734031677, 0.764784574508667
4.650470313965343, 0.0, 0.0, -0.3390233516693115, 0.8289158344268799, 0.764784574508667
4.660265246056952, 0.0, 0.0, -0.3390233516693115, 0.8289158344268799, 0.764784574508667
4.670229480019771, 0.0, 0.0, -0.16478437185287476, 0.8127873539924622, 0.764784574508667
4.680222611990757, 0.0, 0.0, -0.10616454482078552, 0.8081703186035156, 0.764784574508667
4.690298196976073, 0.0, 0.0, -0.10616454482078552, 0.8081703186035156, 0.764784574508667
4.700883175013587, 0.0, 0.0, -0.06967863440513611, 0.8054517507553101, 0.7671672701835632
4.710148000041954, 0.0, 0.0, -0.06967863440513611, 0.8054517507553101, 0.7671672701835632
4.720150951994583, 0.0, 0.0, -0.06967863440513611, 0.8054517507553101, 0.7671672701835632
4.730137837002985, 0.0, 0.0, -0.06967863440513611, 0.8054517507553101, 0.7671672701835632
4.740250710980035, 0.0, 0.0, -0.03809495270252228, 0.8030866384506226, 0.7671672701835632
4.750177031033672, 0.0, 0.0, -0.03809495270252228, 0.8030866384506226, 0.7671672701835632
4.76018743601162, 0.0, 0.0, -0.03809495270252228, 0.8030866384506226, 0.7671672701835632
4.770181879051961, 0.0, 0.0, -0.03809495270252228, 0.8030866384506226, 0.7671672701835632
4.780184417031705, 0.0, 0.0, -0.03809495270252228, 0.8030866384506226, 0.7671672701835632
4.790434165042825, 0.0, 0.0, -0.03809495270252228, 0.8030866384506226, 0.7671672701835632
4.800235370057635, 0.0, 0.0, -0.03809495270252228, 0.8030866384506226, 0.7671672701835632
4.810362752061337, 0.0, 0.0, -0.03809495270252228, 0.8030866384506226, 0.7671672701835632
4.820204989053309, 0.0, 0.0, -0.03809495270252228, 0.8030866384506226, 0.7671672701835632
4.830329885007814, 0.0, 0.0, -0.03809495270252228, 0.8030866384506226, 0.7671672701835632
4.840277338051237, 0.0, 0.0, -0.016702134162187576, 0.8022928237915039, 0.7671672701835632
4.8501556110568345, 0.0, 0.0, -0.0032829176634550095, 0.8024634122848511, 0.7671672701835632
4.860973024042323, 0.0, 0.0, 0.012024263851344585, 0.8023301959037781, 0.7671672701835632
4.870197358075529, 0.0, 0.0, 0.012024263851344585, 0.8023301959037781, 0.7671672701835632
4.880516386008821, 0.0, 0.0, 0.012024263851344585, 0.8023301959037781, 0.7702481746673584
4.890199757996015, 0.0, 0.0, 0.01433092262595892, 0.8018921613693237, 0.7702481746673584
4.9003988350741565, 0.0, 0.0, 0.01433092262595892, 0.8018921613693237, 0.7702481746673584
4.910237463074736, 0.0, 0.0, 0.01433092262595892, 0.8018921613693237, 0.7702481746673584
4.920132001047023, 0.0, 0.0, 0.015271898359060287, 0.8022814393043518, 0.7702481746673584
4.9301492680097, 0.0, 0.0, 0.015271898359060287, 0.8022814393043518, 0.7702481746673584
4.940308031043969, 0.0, 0.0, 0.015271898359060287, 0.8022814393043518, 0.7702481746673584
4.950153963058256, 0.0, 0.0, 0.015271898359060287, 0.8022814393043518, 0.7702481746673584
4.960173842031509, 0.0, 0.0, 0.017326321452856064, 0.8032118082046509, 0.7702481746673584
4.97021488007158, 0.0, 0.0, 0.017326321452856064, 0.8032118082046509, 0.7702481746673584
4.9801687999861315, 0.0, 0.0, 0.017326321452856064, 0.8032118082046509, 0.7702481746673584
4.990753505961038, 0.0, 0.0, 0.017326321452856064, 0.8032118082046509, 0.7702481746673584
5.000201332033612, 0.0, 0.0, 0.017326321452856064, 0.8032118082046509, 0.7702481746673584
5.010219346964732, 0.0, 0.0, 0.01702689379453659, 0.8036659955978394, 0.7702481746673584
5.020172314019874, 0.0, 0.0, 0.01702689379453659, 0.8036659955978394, 0.7702481746673584
5.030175431049429, 0.0, 0.0, 0.01702689379453659, 0.8036659955978394, 0.7702481746673584
5.040178398019634, 0.0, 0.0, 0.01702689379453659, 0.8036659955978394, 0.7702481746673584
5.05021910101641, 0.0, 0.0, 0.01702689379453659, 0.8036659955978394, 0.7702481746673584
5.060468884999864, 0.0, 0.0, 0.01702689379453659, 0.8036659955978394, 0.7706372737884521
5.070299610961229, 0.0, 0.0, 0.01702689379453659, 0.8036659955978394, 0.7706372737884521
5.080329388030805, 0.0, 0.0, 0.01669963262975216, 0.8039138913154602, 0.7706372737884521
5.090216952026822, 0.0, 0.0, 0.01733669638633728, 0.8047537207603455, 0.7706372737884521
5.100206088973209, 0.0, 0.0, 0.01733669638633728, 0.8047537207603455, 0.7706372737884521
5.1102001200197265, 0.0, 0.0, 0.01733669638633728, 0.8047537207603455, 0.7706372737884521
5.12016519298777, 0.0, 0.0, 0.013217207044363022, 0.8059008717536926, 0.7706372737884521
5.130226155044511, 0.0, 0.0, 0.013217207044363022, 0.8059008717536926, 0.7706372737884521
5.140358212054707, 0.0, 0.0, 0.013217207044363022, 0.8059008717536926, 0.7706372737884521
5.15023511799518, 0.0, 0.0, 0.008226086385548115, 0.8061494827270508, 0.7706372737884521
5.16020782396663, 0.0, 0.0, 0.008226086385548115, 0.8061494827270508, 0.7706372737884521
5.170405752025545, 0.0, 0.0, 0.008226086385548115, 0.8061494827270508, 0.7706372737884521
5.180156890070066, 0.0, 0.0, 0.008226086385548115, 0.8061494827270508, 0.7706372737884521
5.19017287006136, 0.0, 0.0, 0.008226086385548115, 0.8061494827270508, 0.7706372737884521
5.200369416968897, 0.0, 0.0, 0.008226086385548115, 0.8061494827270508, 0.7706372737884521
5.210479581961408, 0.0, 0.0, 0.008226086385548115, 0.8061494827270508, 0.7706372737884521
5.220214772038162, 0.0, 0.0, 0.004192396532744169, 0.8067405223846436, 0.7706372737884521
5.230871104053222, 0.0, 0.0, 0.0008759541087783873, 0.8067086935043335, 0.7706372737884521
5.2411008450435475, 0.0, 0.0, -0.0007919355994090438, 0.8064736723899841, 0.7706372737884521
5.2506898189894855, 0.0, 0.0, -0.0007919355994090438, 0.8064736723899841, 0.7706372737884521
5.260202698991634, 0.0, 0.0, -0.0007919355994090438, 0.8064736723899841, 0.7706304788589478
5.270377787994221, 0.0, 0.0, -0.0007919355994090438, 0.8064736723899841, 0.7706304788589478
5.280525904963724, 0.0, 0.0, 0.0003061466559302062, 0.8064121007919312, 0.7706304788589478
5.290196140063927, 0.0, 0.0, 0.0003061466559302062, 0.8064121007919312, 0.7706304788589478
5.300359421991743, 0.0, 0.0, 0.0020903940312564373, 0.8060285449028015, 0.7706304788589478
5.310209173010662, 0.0, 0.0, 0.0020903940312564373, 0.8060285449028015, 0.7706304788589478
5.3201448790496215, 0.0, 0.0, 0.0020903940312564373, 0.8060285449028015, 0.7706304788589478
5.330427923006937, 0.0, 0.0, 0.0020903940312564373, 0.8060285449028015, 0.7706304788589478
5.3401982800569385, 0.0, 0.0, 0.0020903940312564373, 0.8060285449028015, 0.7706304788589478
5.350696183042601, 0.0, 0.0, 0.0026535557117313147, 0.8060197830200195, 0.7706304788589478
5.36018186097499, 0.0, 0.0, 0.0026535557117313147, 0.8060197830200195, 0.7706304788589478
5.370197030017152, 0.0, 0.0, 0.0014605827163904905, 0.8058528304100037, 0.7706304788589478
5.380328673054464, 0.0, 0.0, 0.0014605827163904905, 0.8058528304100037, 0.7706304788589478
5.390218644984998, 0.0, 0.0, 0.0014605827163904905, 0.8058528304100037, 0.7706304788589478
5.400133589981124, 0.0, 0.0, 0.0014605827163904905, 0.8058528304100037, 0.7706304788589478
5.410182013991289, 0.0, 0.0, 0.0006722846883349121, 0.8057398200035095, 0.7706304788589478
5.42037148505915, 0.0, 0.0, 0.0006722846883349121, 0.8057398200035095, 0.7706304788589478
5.430376183008775, 0.0, 0.0, 0.0006722846883349121, 0.8057398200035095, 0.7706304788589478
5.44033146800939, 0.0, 0.0, 0.0006722846883349121, 0.8057398200035095, 0.7706304788589478
5.450190486968495, 0.0, 0.0, 0.0006722846883349121, 0.8057398200035095, 0.7706304788589478
5.460395071073435, 0.0, 0.0, 0.0006722846883349121, 0.8057398200035095, 0.7706304788589478
5.470448962994851, 0.0, 0.0, 0.0006722846883349121, 0.8057398200035095, 0.7706304788589478
5.480470377020538, 0.0, 0.0, 0.0006722846883349121, 0.8057398200035095, 0.7701907753944397
5.4901630349922925, 0.0, 0.0, 0.0006722846883349121, 0.8057398200035095, 0.7701907753944397
5.500224933959544, 0.0, 0.0, 0.0006722846883349121, 0.8057398200035095, 0.7701907753944397
5.510165092069656, 0.0, 0.0, 0.0006722846883349121, 0.8057398200035095, 0.7701907753944397
5.520107461023144, 0.0, 0.0, 0.0006722846883349121, 0.8057398200035095, 0.7701907753944397
5.530194045044482, 0.0, 0.0, 0.0006722846883349121, 0.8057398200035095, 0.7701907753944397
5.540359231992625, 0.0, 0.0, 0.0006722846883349121, 0.8057398200035095, 0.7701907753944397
5.550337858963758, 0.0, 0.0, 0.0006722846883349121, 0.8057398200035095, 0.7701907753944397
5.560491973068565, 0.0, 0.0, 0.0006722846883349121, 0.8057398200035095, 0.7701907753944397
5.570325440028682, 0.0, 0.0, 0.0006722846883349121, 0.8057398200035095, 0.7701907753944397
5.580319329048507, 0.0, 0.0, 0.0006529717356897891, 0.8058319687843323, 0.7701907753944397
5.590425695059821, 0.0, 0.0, 0.0006529717356897891, 0.8058319687843323, 0.7701907753944397
5.600152909988537, 0.0, 0.0, 0.0010394628625363111, 0.8060804605484009, 0.7701907753944397
5.610172713059001, 0.0, 0.0, 0.0010394628625363111, 0.8060804605484009, 0.7701907753944397
5.620136184967123, 0.0, 0.0, 0.0010394628625363111, 0.8060804605484009, 0.7701907753944397
5.630135713960044, 0.0, 0.0, 0.0010394628625363111, 0.8060804605484009, 0.7701907753944397
5.640165691962466, 0.0, 0.0, 0.0010394628625363111, 0.8060804605484009, 0.7701907753944397
5.650194316986017, 0.0, 0.0, 0.0010394628625363111, 0.8060804605484009, 0.7701907753944397
5.660147949005477, 0.0, 0.0, -0.0021602448541671038, 0.8058114051818848, 0.7701907753944397
5.670232943026349, 0.0, 0.0, -0.0029658921994268894, 0.8058841824531555, 0.7701907753944397
5.6801501819863915, 0.0, 0.0, -0.002964806742966175, 0.8059219121932983, 0.7701907753944397
5.690338219050318, 0.0, 0.0, -0.002964806742966175, 0.8059219121932983, 0.7701907753944397
5.700133556034416, 0.0, 0.0, -0.002964806742966175, 0.8059219121932983, 0.7671235799789429
5.710131642059423, 0.0, 0.0, -0.002964806742966175, 0.8059219121932983, 0.7671235799789429
5.720130130066536, 0.0, 0.0, -0.002964806742966175, 0.8059219121932983, 0.7671235799789429
5.7301878000143915, 0.0, 0.0, -0.002964806742966175, 0.8059219121932983, 0.7671235799789429
5.7403061060467735, 0.0, 0.0, -0.00364624778740108, 0.8056352138519287, 0.7671235799789429
5.7501414970029145, 0.0, 0.0, -0.00364624778740108, 0.8056352138519287, 0.7671235799789429
5.760178645025007, 0.0, 0.0, -0.00364624778740108, 0.8056352138519287, 0.7671235799789429
5.770172073040158, 0.0, 0.0, -0.00364624778740108, 0.8056352138519287, 0.7671235799789429
5.780595256015658, 0.0, 0.0, -0.008218065835535526, 0.8049014806747437, 0.7671235799789429
5.79040076804813, 0.0, 0.0, -0.008218065835535526, 0.8049014806747437, 0.7671235799789429
5.800140843028203, 0.0, 0.0, -0.011419082060456276, 0.8041195869445801, 0.7671235799789429
5.810132913058624, 0.0, 0.0, -0.011419082060456276, 0.8041195869445801, 0.7671235799789429
5.820173084037378, 0.0, 0.0, -0.011419082060456276, 0.8041195869445801, 0.7671235799789429
5.83046931901481, 0.0, 0.0, -0.011419082060456276, 0.8041195869445801, 0.7671235799789429
5.840462601045147, 0.0, 0.0, -0.013540477491915226, 0.8038016557693481, 0.7671235799789429
5.850486753042787, 0.0, 0.0, -0.013540477491915226, 0.8038016557693481, 0.7671235799789429
5.860212842002511, 0.0, 0.0, -0.013540477491915226, 0.8038016557693481, 0.7671235799789429
5.870194833027199, 0.0, 0.0, -0.013540477491915226, 0.8038016557693481, 0.7671235799789429
5.880614580004476, 0.0, 0.0, -0.014532657340168953, 0.8035703897476196, 0.7671235799789429
5.890280524035916, 0.0, 0.0, -0.014532657340168953, 0.8035703897476196, 0.7671235799789429
5.900200966047123, 0.0, 0.0, -0.014532657340168953, 0.8035703897476196, 0.7631810307502747
5.910213351016864, 0.0, 0.0, -0.014532657340168953, 0.8035703897476196, 0.7631810307502747
5.920198478968814, 0.0, 0.0, -0.014532657340168953, 0.8035703897476196, 0.7631810307502747
5.930289195035584, 0.0, 0.0, -0.014532657340168953, 0.8035703897476196, 0.7631810307502747
5.940472546033561, 0.0, 0.0, -0.015198085457086563, 0.8030239939689636, 0.7631810307502747
5.950451928074472, 0.0, 0.0, -0.015198085457086563, 0.8030239939689636, 0.7631810307502747
5.960495956009254, 0.0, 0.0, -0.015198085457086563, 0.8030239939689636, 0.7631810307502747
5.970190308056772, 0.0, 0.0, -0.015198085457086563, 0.8030239939689636, 0.7631810307502747
5.980259313015267, 0.0, 0.0, -0.015198085457086563, 0.8030239939689636, 0.7631810307502747
5.990509624010883, 0.0, 0.0, -0.015198085457086563, 0.8030239939689636, 0.7631810307502747
6.00063763698563, 0.0, 0.0, -0.015328866429626942, 0.8018226623535156, 0.7631810307502747
6.010185788967647, 0.0, 0.0, -0.015328866429626942, 0.8018226623535156, 0.7631810307502747
6.020200361032039, 0.0, 0.0, -0.015328866429626942, 0.8018226623535156, 0.7631810307502747
6.0309261929942295, 0.0, 0.0, -0.015328866429626942, 0.8018226623535156, 0.7631810307502747
6.040331803960726, 0.0, 0.0, -0.015328866429626942, 0.8018226623535156, 0.7631810307502747
6.050199370016344, 0.0, 0.0, -0.015328866429626942, 0.8018226623535156, 0.7631810307502747
6.0601327429758385, 0.0, 0.0, -0.015328866429626942, 0.8018226623535156, 0.7631810307502747
6.070189259015024, 0.0, 0.0, -0.015328866429626942, 0.8018226623535156, 0.7631810307502747
6.080228263977915, 0.0, 0.0, -0.015328866429626942, 0.8018226623535156, 0.7631810307502747
6.090260565048084, 0.0, 0.0, -0.015328866429626942, 0.8018226623535156, 0.7631810307502747
6.100284704007208, 0.0, 0.0, -0.015328866429626942, 0.8018226623535156, 0.7588485479354858
6.110159115050919, 0.0, 0.0, -0.017495134845376015, 0.800308883190155, 0.7588485479354858
6.1202053090091795, 0.0, 0.0, -0.019020825624465942, 0.7998758554458618, 0.7588485479354858
6.130152425961569, 0.0, 0.0, -0.019020825624465942, 0.7998758554458618, 0.7588485479354858
6.1404885170049965, 0.0, 0.0, -0.02467852644622326, 0.7977593541145325, 0.7588485479354858
6.150189285050146, 0.0, 0.0, -0.02467852644622326, 0.7977593541145325, 0.7588485479354858
6.160175375058316, 0.0, 0.0, -0.02467852644622326, 0.7977593541145325, 0.7588485479354858
6.170213227975182, 0.0, 0.0, -0.02467852644622326, 0.7977593541145325, 0.7588485479354858
6.180336254066788, 0.0, 0.0, -0.02467852644622326, 0.7977593541145325, 0.7588485479354858
6.190348432050087, 0.0, 0.0, -0.025843743234872818, 0.7972946763038635, 0.7588485479354858
6.200217755977064, 0.0, 0.0, -0.025843743234872818, 0.7972946763038635, 0.7588485479354858
6.210515510989353, 0.0, 0.0, -0.025392556563019753, 0.7957556843757629, 0.7588485479354858
6.22035010298714, 0.0, 0.0, -0.025392556563019753, 0.7957556843757629, 0.7588485479354858
6.230518406024203, 0.0, 0.0, -0.025392556563019753, 0.7957556843757629, 0.7588485479354858
6.240219095023349, 0.0, 0.0, -0.025392556563019753, 0.7957556843757629, 0.7588485479354858
6.250360726960935, 0.0, 0.0, -0.02299116924405098, 0.7947840690612793, 0.7588485479354858
6.260211801971309, 0.0, 0.0, -0.02299116924405098, 0.7947840690612793, 0.7600489258766174
6.270159931969829, 0.0, 0.0, -0.02299116924405098, 0.7947840690612793, 0.7600489258766174
6.280354551039636, 0.0, 0.0, -0.02299116924405098, 0.7947840690612793, 0.7600489258766174
6.29029040900059, 0.0, 0.0, -0.02299116924405098, 0.7947840690612793, 0.7600489258766174
6.300226683029905, 0.0, 0.0, -0.02299116924405098, 0.7947840690612793, 0.7600489258766174
6.310180976986885, 0.0, 0.0, -0.02299116924405098, 0.7947840690612793, 0.7600489258766174
6.320688973064534, 0.0, 0.0, -0.019932566210627556, 0.7943156957626343, 0.7600489258766174
6.330251352977939, 0.0, 0.0, -0.019932566210627556, 0.7943156957626343, 0.7600489258766174
6.340340121067129, 0.0, 0.0, -0.016995541751384735, 0.7930649518966675, 0.7600489258766174
6.3504207719815895, 0.0, 0.0, -0.012994264252483845, 0.7914760112762451, 0.7600489258766174
6.360229543060996, 0.0, 0.0, -0.012994264252483845, 0.7914760112762451, 0.7600489258766174
6.370195958064869, 0.0, 0.0, -0.012994264252483845, 0.7914760112762451, 0.7600489258766174
6.3807409959845245, 0.0, 0.0, -0.012994264252483845, 0.7914760112762451, 0.7600489258766174
6.390171693987213, 0.0, 0.0, -0.012994264252483845, 0.7914760112762451, 0.7600489258766174
6.400171153014526, 0.0, 0.0, -0.012994264252483845, 0.7914760112762451, 0.7600489258766174
6.410147821065038, 0.0, 0.0, -0.012994264252483845, 0.7914760112762451, 0.7600489258766174
6.420149184996262, 0.0, 0.0, -0.0054901763796806335, 0.790902316570282, 0.7600489258766174
6.430132654029876, 0.0, 0.0, 0.0031685426365584135, 0.7914643287658691, 0.7600489258766174
6.440192803973332, 0.0, 0.0, 0.0031685426365584135, 0.7914643287658691, 0.7600489258766174
6.450240563019179, 0.0, 0.0, 0.0031685426365584135, 0.7914643287658691, 0.7600489258766174
6.4601764580002055, 0.0, 0.0, 0.0031685426365584135, 0.7914643287658691, 0.7600489258766174
6.471328701009043, 0.0, 0.0, 0.00886987242847681, 0.791897177696228, 0.7618439793586731
6.480156252044253, 0.0, 0.0, 0.00886987242847681, 0.791897177696228, 0.7618439793586731
6.490180860040709, 0.0, 0.0, 0.00886987242847681, 0.791897177696228, 0.7618439793586731
6.500346209970303, 0.0, 0.0, 0.00886987242847681, 0.791897177696228, 0.7618439793586731
6.510395904071629, 0.0, 0.0, 0.00886987242847681, 0.791897177696228, 0.7618439793586731
6.520365801989101, 0.0, 0.0, 0.00886987242847681, 0.791897177696228, 0.7618439793586731
6.530189695069566, 0.0, 0.0, 0.012365932576358318, 0.7926428914070129, 0.7618439793586731
6.540202848962508, 0.0, 0.0, 0.012365932576358318, 0.7926428914070129, 0.7618439793586731
6.550140246981755, 0.0, 0.0, 0.013941947370767593, 0.7923333644866943, 0.7618439793586731
6.56017636298202, 0.0, 0.0, 0.014795094728469849, 0.7914515733718872, 0.7618439793586731
6.570240207016468, 0.0, 0.0, 0.014795094728469849, 0.7914515733718872, 0.7618439793586731
6.580257322988473, 0.0, 0.0, 0.014795094728469849, 0.7914515733718872, 0.7618439793586731
6.590307150036097, 0.0, 0.0, 0.014795094728469849, 0.7914515733718872, 0.7618439793586731
6.600317195057869, 0.0, 0.0, 0.014795094728469849, 0.7914515733718872, 0.7618439793586731
6.610181202995591, 0.0, 0.0, 0.014795094728469849, 0.7914515733718872, 0.7618439793586731
6.620155747979879, 0.0, 0.0, 0.014795094728469849, 0.7914515733718872, 0.7618439793586731
6.630188741022721, 0.0, 0.0, 0.014795094728469849, 0.7914515733718872, 0.7618439793586731
6.64053488697391, 0.0, 0.0, 0.013577568344771862, 0.7932726144790649, 0.7618439793586731
6.650178408017382, 0.0, 0.0, 0.013577568344771862, 0.7932726144790649, 0.7618439793586731
6.660178272053599, 0.0, 0.0, 0.013577568344771862, 0.7932726144790649, 0.7618439793586731
6.670167547999881, 0.0, 0.0, 0.013577568344771862, 0.7932726144790649, 0.7618439793586731
6.680161555996165, 0.0, 0.0, 0.013577568344771862, 0.7932726144790649, 0.7618439793586731
6.690263425000012, 0.0, 0.0, 0.013577568344771862, 0.7932726144790649, 0.7622624635696411
6.700352741056122, 0.0, 0.0, 0.013577568344771862, 0.7932726144790649, 0.7622624635696411
6.710181041038595, 0.0, 0.0, 0.013577568344771862, 0.7932726144790649, 0.7622624635696411
6.720191844040528, 0.0, 0.0, 0.011617586947977543, 0.7934272885322571, 0.7622624635696411
6.730330219026655, 0.0, 0.0, 0.01025103498250246, 0.7946498990058899, 0.7622624635696411
6.740247896988876, 0.0, 0.0, 0.010354677215218544, 0.7948896884918213, 0.7622624635696411
6.750175516004674, 0.0, 0.0, 0.010354677215218544, 0.7948896884918213, 0.7622624635696411
6.760190651984885, 0.0, 0.0, 0.010354677215218544, 0.7948896884918213, 0.7622624635696411
6.7701488609891385, 0.0, 0.0, 0.010354677215218544, 0.7948896884918213, 0.7622624635696411
6.780154644045979, 0.0, 0.0, 0.010354677215218544, 0.7948896884918213, 0.7622624635696411
6.790427259984426, 0.0, 0.0, 0.010354677215218544, 0.7948896884918213, 0.7622624635696411
6.800192550057545, 0.0, 0.0, 0.010810730047523975, 0.7956727147102356, 0.7622624635696411
6.81100448302459, 0.0, 0.0, 0.00959039106965065, 0.7951098084449768, 0.7622624635696411
6.820168561069295, 0.0, 0.0, 0.00959039106965065, 0.7951098084449768, 0.7622624635696411
6.830218627001159, 0.0, 0.0, 0.0088866101577878, 0.7963401675224304, 0.7622624635696411
6.840181541978382, 0.0, 0.0, 0.0088866101577878, 0.7963401675224304, 0.7622624635696411
6.8501734170131385, 0.0, 0.0, 0.0088866101577878, 0.7963401675224304, 0.7622624635696411
6.860132299014367, 0.0, 0.0, 0.0088866101577878, 0.7963401675224304, 0.7622624635696411
6.870241772965528, 0.0, 0.0, 0.0088866101577878, 0.7963401675224304, 0.7622624635696411
6.880478642066009, 0.0, 0.0, 0.0088866101577878, 0.7963401675224304, 0.7622624635696411
6.890218873042613, 0.0, 0.0, 0.0088866101577878, 0.7963401675224304, 0.7622624635696411
6.900260371970944, 0.0, 0.0, 0.0088866101577878, 0.7963401675224304, 0.7620669603347778
6.910377493011765, 0.0, 0.0, 0.0088866101577878, 0.7963401675224304, 0.7620669603347778
6.920622359961271, 0.0, 0.0, 0.007708325050771236, 0.795505166053772, 0.7620669603347778
6.930263229063712, 0.0, 0.0, 0.007708325050771236, 0.795505166053772, 0.7620669603347778
6.940339750028215, 0.0, 0.0, 0.005339851602911949, 0.795020341873169, 0.7620669603347778
6.950184292974882, 0.0, 0.0, 0.005339851602911949, 0.795020341873169, 0.7620669603347778
6.960493096965365, 0.0, 0.0, 0.005339851602911949, 0.795020341873169, 0.7620669603347778
6.970198538969271, 0.0, 0.0, 0.003107965225353837, 0.7942029237747192, 0.7620669603347778
6.98014628700912, 0.0, 0.0, 0.0025938532780855894, 0.7953141331672668, 0.7620669603347778
6.99033950897865, 0.0, 0.0, 0.002961295424029231, 0.7959581017494202, 0.7620669603347778
7.00065230706241, 0.0, 0.0, 0.002961295424029231, 0.7959581017494202, 0.7620669603347778
