time, reference_yaw, command_yaw, quaternion_x, quaternion_y, quaternion_z, quaternion_w, yaw, yaw_slow
0.0, 0.0, 0.0, 0.0, 0.0, 0.0, 1.0, 0.0, 0.0
0.010141295031644404, 200.0, 200.0, -0.0008544921875, 0.00445556640625, -0.2503662109375, 0.96807861328125, -28.998030208545014, -28.97201296850953
0.02015973604284227, 200.0, 200.0, -0.0008544921875, 0.00445556640625, -0.2503662109375, 0.96807861328125, -28.998030208545014, -28.97201296850953
0.030193880083970726, 200.0, 200.0, -0.0008544921875, 0.00445556640625, -0.2503662109375, 0.96807861328125, -28.998030208545014, -28.97201296850953
0.04017726506572217, 200.0, 200.0, -0.0008544921875, 0.00445556640625, -0.2503662109375, 0.96807861328125, -28.998030208545014, -28.97201296850953
0.05016838200390339, 200.0, 200.0, -0.0010986328125, 0.0054931640625, -0.250244140625, 0.9681396484375, -28.98511820148051, -28.97201296850953
0.061174903996288776, 200.0, 200.0, -0.0010986328125, 0.0054931640625, -0.250244140625, 0.9681396484375, -28.98511820148051, -29.006375650223866
0.0702100390335545, 200.0, 200.0, -0.0010986328125, 0.0054931640625, -0.250244140625, 0.9681396484375, -28.98511820148051, -29.006375650223866
0.08019667898770422, 200.0, 200.0, -0.000732421875, 0.00604248046875, -0.25018310546875, 0.9681396484375, -28.977689001699563, -29.006375650223866
0.09023249300662428, 200.0, 200.0, -0.000732421875, 0.00604248046875, -0.25018310546875, 0.9681396484375, -28.977689001699563, -29.006375650223866
0.10019542009104043, 200.0, 200.0, -0.000732421875, 0.00604248046875, -0.25018310546875, 0.9681396484375, -28.977689001699563, -29.006375650223866
0.11022918403614312, 200.0, 200.0, 6.103515625e-05, 0.0062255859375, -0.2503662109375, 0.96807861328125, -28.998660844893674, -29.006375650223866
0.12017341109458357, 200.0, 200.0, 6.103515625e-05, 0.0062255859375, -0.2503662109375, 0.96807861328125, -28.998660844893674, -29.006375650223866
0.13027328008320183, 200.0, 200.0, 6.103515625e-05, 0.0062255859375, -0.2503662109375, 0.96807861328125, -28.998660844893674, -29.006375650223866
0.14020417199935764, 200.0, 200.0, 6.103515625e-05, 0.0062255859375, -0.2503662109375, 0.96807861328125, -28.998660844893674, -29.006375650223866
0.150218743016012, 200.0, 200.0, 0.00115966796875, 0.0064697265625, -0.25054931640625, 0.968017578125, -29.019449889281333, -29.006375650223866
0.16012263006996363, 200.0, 200.0, 0.00115966796875, 0.0064697265625, -0.25054931640625, 0.968017578125, -29.019449889281333, -29.006375650223866
0.17013748304452747, 200.0, 200.0, 0.00115966796875, 0.0064697265625, -0.25054931640625, 0.968017578125, -29.019449889281333, -29.006375650223866
0.18016264506150037, 200.0, 200.0, 0.00146484375, 0.00628662109375, -0.249755859375, 0.96826171875, -28.926217892065626, -29.006375650223866
0.19021266303025186, 200.0, 200.0, 0.00146484375, 0.00628662109375, -0.249755859375, 0.96826171875, -28.926217892065626, -29.006375650223866
0.20014125003945082, 200.0, 200.0, 0.00146484375, 0.00628662109375, -0.249755859375, 0.96826171875, -28.926217892065626, -29.006375650223866
0.210133858025074, 200.0, 200.0, 0.0009765625, 0.005859375, -0.24725341796875, 0.9688720703125, -28.629436220510186, -29.006375650223866
0.22032389300875366, 200.0, 200.0, 0.0009765625, 0.005859375, -0.24725341796875, 0.9688720703125, -28.629436220510186, -29.006375650223866
0.23016552603803575, 200.0, 200.0, 0.0009765625, 0.005859375, -0.24725341796875, 0.9688720703125, -28.629436220510186, -29.006375650223866
0.24016216199379414, 200.0, 200.0, 0.0009765625, 0.005859375, -0.24725341796875, 0.9688720703125, -28.629436220510186, -29.006375650223866
0.25016025302466005, 200.0, 200.0, -0.0001220703125, 0.00531005859375, -0.23895263671875, 0.97100830078125, -27.650474060763866, -29.006375650223866
0.26015610701870173, 200.0, 200.0, -0.0001220703125, 0.00531005859375, -0.23895263671875, 0.97100830078125, -27.650474060763866, -24.759527948850018
0.2701550950296223, 200.0, 200.0, -0.0001220703125, 0.00531005859375, -0.23895263671875, 0.97100830078125, -27.650474060763866, -24.759527948850018
0.2802154819946736, 200.0, 200.0, -0.00128173828125, 0.00531005859375, -0.2276611328125, 0.97369384765625, -26.319866340238516, -24.759527948850018
0.29034474305808544, 200.0, 200.0, -0.00128173828125, 0.00531005859375, -0.2276611328125, 0.97369384765625, -26.319866340238516, -24.759527948850018
0.30017829802818596, 200.0, 200.0, -0.00128173828125, 0.00531005859375, -0.2276611328125, 0.97369384765625, -26.319866340238516, -24.759527948850018
0.310244775027968, 200.0, 200.0, -0.00128173828125, 0.00531005859375, -0.2276611328125, 0.97369384765625, -26.319866340238516, -24.759527948850018
0.3202456400031224, 200.0, 200.0, -0.0023193359375, 0.00555419921875, -0.2113037109375, 0.97735595703125, -24.398910370158955, -24.759527948850018
0.33029200008604676, 200.0, 200.0, -0.0023193359375, 0.00555419921875, -0.2113037109375, 0.97735595703125, -24.398910370158955, -24.759527948850018
0.34011573903262615, 200.0, 200.0, -0.0023193359375, 0.00555419921875, -0.2113037109375, 0.97735595703125, -24.398910370158955, -24.759527948850018
0.3502164970850572, 200.0, 200.0, -0.0035400390625, 0.00616455078125, -0.18603515625, 0.98248291015625, -21.445706135324116, -24.759527948850018
0.36028194706887007, 200.0, 200.0, -0.0035400390625, 0.00616455078125, -0.18603515625, 0.98248291015625, -21.445706135324116, -24.759527948850018
0.37017503601964563, 200.0, 200.0, -0.0035400390625, 0.00616455078125, -0.18603515625, 0.98248291015625, -21.445706135324116, -24.759527948850018
0.38014446198940277, 200.0, 200.0, -0.0035400390625, 0.00616455078125, -0.18603515625, 0.98248291015625, -21.445706135324116, -24.759527948850018
0.3901446870295331, 200.0, 200.0, -0.0048828125, 0.00677490234375, -0.15936279296875, 0.98712158203125, -18.343370743106515, -24.759527948850018
0.40025317401159555, 200.0, 200.0, -0.0048828125, 0.00677490234375, -0.15936279296875, 0.98712158203125, -18.343370743106515, -24.759527948850018
0.4101983270375058, 200.0, 200.0, -0.0048828125, 0.00677490234375, -0.15936279296875, 0.98712158203125, -18.343370743106515, -24.759527948850018
0.4201596260536462, 200.0, 200.0, -0.00665283203125, 0.00750732421875, -0.12860107421875, 0.9915771484375, -14.783004896918035, -24.759527948850018
0.4301382669946179, 200.0, 200.0, -0.00665283203125, 0.00750732421875, -0.12860107421875, 0.9915771484375, -14.783004896918035, -24.759527948850018
0.44011947605758905, 200.0, 200.0, -0.00665283203125, 0.00750732421875, -0.12860107421875, 0.9915771484375, -14.783004896918035, -24.759527948850018
0.4501113190781325, 200.0, 200.0, -0.00665283203125, 0.00750732421875, -0.12860107421875, 0.9915771484375, -14.783004896918035, -24.759527948850018
0.46121270407456905, 200.0, 200.0, -0.00885009765625, 0.0086669921875, -0.08172607421875, 0.99652099609375, -9.384413823739731, -0.1263024974301271
0.47011352400295436, 200.0, 200.0, -0.00885009765625, 0.0086669921875, -0.08172607421875, 0.99652099609375, -9.384413823739731, -0.1263024974301271
0.48025669099297374, 200.0, 200.0, -0.00885009765625, 0.0086669921875, -0.08172607421875, 0.99652099609375, -9.384413823739731, -0.1263024974301271
0.4902100490871817, 200.0, 200.0, -0.00946044921875, 0.00982666015625, -0.0291748046875, 0.99945068359375, -3.3545303438142433, -0.1263024974301271
0.5017080580582842, 200.0, 200.0, -0.00946044921875, 0.00982666015625, -0.0291748046875, 0.99945068359375, -3.3545303438142433, -0.1263024974301271
0.510208826046437, 200.0, 200.0, -0.00946044921875, 0.00982666015625, -0.0291748046875, 0.99945068359375, -3.3545303438142433, -0.1263024974301271
0.5203120410442352, 200.0, 200.0, -0.0086669921875, 0.0107421875, 0.006103515625, 0.9998779296875, 0.688834356297816, -0.1263024974301271
0.5301303390879184, 200.0, 200.0, -0.0086669921875, 0.0107421875, 0.006103515625, 0.9998779296875, 0.688834356297816, -0.1263024974301271
0.540271993028, 200.0, 200.0, -0.0086669921875, 0.0107421875, 0.006103515625, 0.9998779296875, 0.688834356297816, -0.1263024974301271
0.55033561703749, 200.0, 200.0, -0.0086669921875, 0.0107421875, 0.006103515625, 0.9998779296875, 0.688834356297816, -0.1263024974301271
0.5602304220665246, 200.0, 200.0, -0.00677490234375, 0.01165771484375, 0.057861328125, 0.9981689453125, 6.62590668675338, -0.1263024974301271
0.5706733800470829, 200.0, 200.0, -0.00677490234375, 0.01165771484375, 0.057861328125, 0.9981689453125, 6.62590668675338, -0.1263024974301271
0.5802698420593515, 200.0, 200.0, -0.00677490234375, 0.01165771484375, 0.057861328125, 0.9981689453125, 6.62590668675338, -0.1263024974301271
0.590199790080078, 200.0, 200.0, -0.00396728515625, 0.01287841796875, 0.11126708984375, 0.99365234375, 12.77349956425629, -0.1263024974301271
0.6002191150328144, 200.0, 200.0, -0.00396728515625, 0.01287841796875, 0.11126708984375, 0.99365234375, 12.77349956425629, -0.1263024974301271
0.6102122740121558, 200.0, 200.0, -0.00396728515625, 0.01287841796875, 0.11126708984375, 0.99365234375, 12.77349956425629, -0.1263024974301271
0.6202061460353434, 200.0, 200.0, -0.0006103515625, 0.0135498046875, 0.158203125, 0.9873046875, 12.77349956425629, -0.1263024974301271
0.6303953770548105, 200.0, 200.0, -0.0006103515625, 0.0135498046875, 0.158203125, 0.9873046875, 18.209148320014005, -0.1263024974301271
0.6401438250904903, 200.0, 200.0, -0.0006103515625, 0.0135498046875, 0.158203125, 0.9873046875, 18.209148320014005, -0.1263024974301271
0.6501643770607188, 200.0, 200.0, -0.0006103515625, 0.0135498046875, 0.158203125, 0.9873046875, 18.209148320014005, -0.1263024974301271
0.6602693030145019, 200.0, 200.0, 0.00347900390625, 0.0140380859375, 0.21380615234375, 0.97674560546875, 24.702609563727812, 35.24886460819746
0.6702197410631925, 200.0, 200.0, 0.00347900390625, 0.0140380859375, 0.21380615234375, 0.97674560546875, 24.702609563727812, 35.24886460819746
0.6801224160008132, 200.0, 200.0, 0.00677490234375, 0.01446533203125, 0.26202392578125, 0.96490478515625, 24.702609563727812, 35.24886460819746
0.6901184940943494, 200.0, 200.0, 0.00677490234375, 0.01446533203125, 0.26202392578125, 0.96490478515625, 30.39814116463675, 35.24886460819746
0.7001829170621932, 200.0, 200.0, 0.00677490234375, 0.01446533203125, 0.26202392578125, 0.96490478515625, 30.39814116463675, 35.24886460819746
0.7101406820584089, 200.0, 200.0, 0.00677490234375, 0.01446533203125, 0.26202392578125, 0.96490478515625, 30.39814116463675, 35.24886460819746
0.7201171380002052, 200.0, 200.0, 0.00677490234375, 0.01446533203125, 0.26202392578125, 0.96490478515625, 30.39814116463675, 35.24886460819746
0.7303104409947991, 200.0, 200.0, 0.0115966796875, 0.01495361328125, 0.34271240234375, 0.939208984375, 40.109185754489644, 35.24886460819746
0.7401563770836219, 200.0, 200.0, 0.0115966796875, 0.01495361328125, 0.34271240234375, 0.939208984375, 40.109185754489644, 35.24886460819746
0.7503333260538056, 200.0, 200.0, 0.0115966796875, 0.01495361328125, 0.34271240234375, 0.939208984375, 40.109185754489644, 35.24886460819746
0.760158424032852, 200.0, 200.0, 0.01300048828125, 0.014892578125, 0.38214111328125, 0.923828125, 44.95785221236128, 35.24886460819746
0.7702680490911007, 200.0, 200.0, 0.01300048828125, 0.014892578125, 0.38214111328125, 0.923828125, 44.95785221236128, 35.24886460819746
0.7801986440317705, 200.0, 200.0, 0.01361083984375, 0.01397705078125, 0.42901611328125, 0.903076171875, 50.83454616921602, 35.24886460819746
0.7901230379939079, 200.0, 200.0, 0.01361083984375, 0.01397705078125, 0.42901611328125, 0.903076171875, 50.83454616921602, 35.24886460819746
0.8001130640041083, 200.0, 200.0, 0.01361083984375, 0.01397705078125, 0.42901611328125, 0.903076171875, 50.83454616921602, 35.24886460819746
0.8101504840888083, 200.0, 200.0, 0.01361083984375, 0.01397705078125, 0.42901611328125, 0.903076171875, 50.83454616921602, 35.24886460819746
0.8202330800704658, 200.0, 200.0, 0.01361083984375, 0.01397705078125, 0.42901611328125, 0.903076171875, 50.83454616921602, 35.24886460819746
0.8301452749874443, 200.0, 200.0, 0.0130615234375, 0.01263427734375, 0.48284912109375, 0.87542724609375, 57.76070064392469, 35.24886460819746
0.8403680080082268, 200.0, 200.0, 0.0130615234375, 0.01263427734375, 0.48284912109375, 0.87542724609375, 57.76070064392469, 35.24886460819746
0.8501720550702885, 200.0, 200.0, 0.0130615234375, 0.01263427734375, 0.48284912109375, 0.87542724609375, 57.76070064392469, 35.24886460819746
0.860174686065875, 200.0, 200.0, 0.0111083984375, 0.01092529296875, 0.5350341796875, 0.8446044921875, 64.70484913263586, 74.61381977629803
0.8702848610701039, 200.0, 200.0, 0.0111083984375, 0.01092529296875, 0.5350341796875, 0.8446044921875, 64.70484913263586, 74.61381977629803
0.8800755350384861, 200.0, 200.0, 0.00921630859375, 0.009521484375, 0.571044921875, 0.82073974609375, 69.65540993509839, 74.61381977629803
0.8901684880256653, 200.0, 200.0, 0.00921630859375, 0.009521484375, 0.571044921875, 0.82073974609375, 69.65540993509839, 74.61381977629803
0.900150389992632, 200.0, 200.0, 0.00921630859375, 0.009521484375, 0.571044921875, 0.82073974609375, 69.65540993509839, 74.61381977629803
0.9102935190312564, 200.0, 200.0, 0.00921630859375, 0.009521484375, 0.571044921875, 0.82073974609375, 69.65540993509839, 74.61381977629803
0.9202837250195444, 200.0, 200.0, 0.00921630859375, 0.009521484375, 0.571044921875, 0.82073974609375, 69.65540993509839, 74.61381977629803
0.9301599690224975, 200.0, 200.0, 0.00628662109375, 0.0074462890625, 0.62646484375, 0.77935791015625, 77.58551026672602, 74.61381977629803
0.9403456579893827, 200.0, 200.0, 0.00628662109375, 0.0074462890625, 0.62646484375, 0.77935791015625, 77.58551026672602, 74.61381977629803
0.950431587989442, 200.0, 200.0, 0.00433349609375, 0.0059814453125, 0.66607666015625, 0.74578857421875, 83.53354792330919, 74.61381977629803
0.960139645030722, 200.0, 200.0, 0.00433349609375, 0.0059814453125, 0.66607666015625, 0.74578857421875, 83.53354792330919, 74.61381977629803
0.9701624150620773, 200.0, 200.0, 0.00433349609375, 0.0059814453125, 0.66607666015625, 0.74578857421875, 83.53354792330919, 74.61381977629803
0.9804317640373483, 200.0, 200.0, 0.00238037109375, 0.0050048828125, 0.703857421875, 0.71026611328125, 89.47744874526461, 74.61381977629803
0.990175363025628, 200.0, 200.0, 0.00238037109375, 0.0050048828125, 0.703857421875, 0.71026611328125, 89.47744874526461, 74.61381977629803
1.000146498088725, 200.0, 200.0, 0.00238037109375, 0.0050048828125, 0.703857421875, 0.71026611328125, 89.47744874526461, 74.61381977629803
1.010121337021701, 200.0, 200.0, 0.00238037109375, 0.0050048828125, 0.703857421875, 0.71026611328125, 89.47744874526461, 74.61381977629803
1.0202294770861045, 200.0, 200.0, -0.00042724609375, 0.00482177734375, 0.75115966796875, 0.6600341796875, 97.38549220799185, 74.61381977629803
1.0303115140413865, 200.0, 200.0, -0.00042724609375, 0.00482177734375, 0.75115966796875, 0.6600341796875, 97.38549220799185, 74.61381977629803
1.0400940800318494, 200.0, 200.0, -0.00042724609375, 0.00482177734375, 0.75115966796875, 0.6600341796875, 97.38549220799185, 74.61381977629803
1.0501210170332342, 200.0, 200.0, -0.00201416015625, 0.00543212890625, 0.784423828125, 0.6201171875, 103.34066054800435, 74.61381977629803
1.0602310380199924, 200.0, 200.0, -0.00201416015625, 0.00543212890625, 0.784423828125, 0.6201171875, 103.34066054800435, 114.35113636738019
1.0704303260426968, 200.0, 200.0, -0.00201416015625, 0.00543212890625, 0.784423828125, 0.6201171875, 103.34066054800435, 114.35113636738019
1.0804406920215115, 200.0, 200.0, -0.00299072265625, 0.00604248046875, 0.81573486328125, 0.57830810546875, 109.32845780050813, 114.35113636738019
1.0902269009966403, 200.0, 200.0, -0.00299072265625, 0.00604248046875, 0.81573486328125, 0.57830810546875, 109.32845780050813, 114.35113636738019
1.1002223180839792, 200.0, 200.0, -0.00299072265625, 0.00604248046875, 0.81573486328125, 0.57830810546875, 109.32845780050813, 114.35113636738019
1.1101852810243145, 200.0, 200.0, -0.00299072265625, 0.00604248046875, 0.81573486328125, 0.57830810546875, 109.32845780050813, 114.35113636738019
1.1201332880882546, 200.0, 200.0, -0.00335693359375, 0.00640869140625, 0.85418701171875, 0.519775390625, 117.35395188334826, 114.35113636738019
1.130562417092733, 200.0, 200.0, -0.00335693359375, 0.00640869140625, 0.85418701171875, 0.519775390625, 117.35395188334826, 114.35113636738019
1.1401991790626198, 200.0, 200.0, -0.00335693359375, 0.00640869140625, 0.85418701171875, 0.519775390625, 117.35395188334826, 114.35113636738019
1.1508232090855017, 200.0, 200.0, -0.00323486328125, 0.00689697265625, 0.88031005859375, 0.4742431640625, 123.37417034127121, 114.35113636738019
1.1603234910871834, 200.0, 200.0, -0.00323486328125, 0.00689697265625, 0.88031005859375, 0.4742431640625, 123.37417034127121, 114.35113636738019
1.1701594610931352, 200.0, 200.0, -0.00323486328125, 0.00689697265625, 0.88031005859375, 0.4742431640625, 123.37417034127121, 114.35113636738019
1.1801856150850654, 200.0, 200.0, -0.0025634765625, 0.00799560546875, 0.90765380859375, 0.41949462890625, 130.38849024367084, 114.35113636738019
1.190142504987307, 200.0, 200.0, -0.0025634765625, 0.00799560546875, 0.90765380859375, 0.41949462890625, 130.38849024367084, 114.35113636738019
1.2002786650555208, 200.0, 200.0, -0.0025634765625, 0.00799560546875, 0.90765380859375, 0.41949462890625, 130.38849024367084, 114.35113636738019
1.2102760440902784, 200.0, 200.0, -0.00146484375, 0.0091552734375, 0.93157958984375, 0.36322021484375, 130.38849024367084, 114.35113636738019
1.2202432340709493, 200.0, 200.0, -0.00146484375, 0.0091552734375, 0.93157958984375, 0.36322021484375, 137.39735537377538, 114.35113636738019
1.230375326005742, 200.0, 200.0, -0.00146484375, 0.0091552734375, 0.93157958984375, 0.36322021484375, 137.39735537377538, 114.35113636738019
1.2401707480894402, 200.0, 200.0, -0.00146484375, 0.0091552734375, 0.93157958984375, 0.36322021484375, 137.39735537377538, 114.35113636738019
1.2501596570946276, 200.0, 200.0, -0.00042724609375, 0.0098876953125, 0.9493408203125, 0.31402587890625, 143.39561179919644, 114.35113636738019
1.260168003034778, 200.0, 200.0, -0.00042724609375, 0.0098876953125, 0.9493408203125, 0.31402587890625, 143.39561179919644, 154.41157554771732
1.2701319840271026, 200.0, 200.0, -0.00042724609375, 0.0098876953125, 0.9493408203125, 0.31402587890625, 143.39561179919644, 154.41157554771732
1.2801995819900185, 200.0, 200.0, 0.00054931640625, 0.0103759765625, 0.9644775390625, 0.26373291015625, 149.41214285721338, 154.41157554771732
1.2905194350751117, 200.0, 200.0, 0.00054931640625, 0.0103759765625, 0.9644775390625, 0.26373291015625, 149.41214285721338, 154.41157554771732
1.3001721310429275, 200.0, 200.0, 0.00054931640625, 0.0103759765625, 0.9644775390625, 0.26373291015625, 149.41214285721338, 154.41157554771732
1.3104553850134835, 200.0, 200.0, 0.00054931640625, 0.0103759765625, 0.9644775390625, 0.26373291015625, 149.41214285721338, 154.41157554771732
1.3201788139995188, 200.0, 200.0, 0.001708984375, 0.01092529296875, 0.98052978515625, 0.19573974609375, 157.41912532108722, 154.41157554771732
1.3301401000935584, 200.0, 200.0, 0.001708984375, 0.01092529296875, 0.98052978515625, 0.19573974609375, 157.41912532108722, 154.41157554771732
1.3403639290481806, 200.0, 200.0, 0.001708984375, 0.01092529296875, 0.98052978515625, 0.19573974609375, 157.41912532108722, 154.41157554771732
1.3502554669976234, 200.0, 200.0, 0.001708984375, 0.01092529296875, 0.98052978515625, 0.19573974609375, 157.41912532108722, 154.41157554771732
1.3601590120233595, 200.0, 200.0, 0.002197265625, 0.0108642578125, 0.989501953125, 0.143798828125, 163.46065201721743, 154.41157554771732
1.3701390790520236, 200.0, 200.0, 0.002197265625, 0.0108642578125, 0.989501953125, 0.143798828125, 163.46065201721743, 154.41157554771732
1.3802713210461661, 200.0, 200.0, 0.0023193359375, 0.0106201171875, 0.9957275390625, 0.09161376953125, 169.48457648131946, 154.41157554771732
1.3902926180744544, 200.0, 200.0, 0.0023193359375, 0.0106201171875, 0.9957275390625, 0.09161376953125, 169.48457648131946, 154.41157554771732
1.4002307819901034, 200.0, 200.0, 0.0023193359375, 0.0106201171875, 0.9957275390625, 0.09161376953125, 169.48457648131946, 154.41157554771732
1.410372017067857, 200.0, 200.0, 0.0023193359375, 0.0106201171875, 0.9957275390625, 0.09161376953125, 169.48457648131946, 154.41157554771732
1.4203130580717698, 200.0, 200.0, 0.0023193359375, 0.0111083984375, 0.9996337890625, 0.02191162109375, 177.48563172832058, 154.41157554771732
1.4301803240086883, 200.0, 200.0, 0.0023193359375, 0.0111083984375, 0.9996337890625, 0.02191162109375, 177.48563172832058, 154.41157554771732
1.440157005097717, 200.0, 200.0, 0.0023193359375, 0.0111083984375, 0.9996337890625, 0.02191162109375, 177.48563172832058, 154.41157554771732
1.4504041150212288, 200.0, 200.0, 0.0023193359375, 0.0111083984375, 0.9996337890625, 0.02191162109375, 177.48563172832058, 154.41157554771732
1.4601757960626855, 200.0, 200.0, 0.00225830078125, 0.0123291015625, 0.99945068359375, -0.030517578125, -176.5057715735277, -165.5033792880895
1.4701579570537433, 200.0, 200.0, 0.00225830078125, 0.0123291015625, 0.99945068359375, -0.030517578125, -176.5057715735277, -165.5033792880895
1.4801497349981219, 200.0, 200.0, 0.002685546875, 0.01312255859375, 0.9964599609375, -0.08282470703125, -170.50239130720405, -165.5033792880895
1.4901108010672033, 200.0, 200.0, 0.002685546875, 0.01312255859375, 0.9964599609375, -0.08282470703125, -170.50239130720405, -165.5033792880895
1.5001731470692903, 200.0, 200.0, 0.002685546875, 0.01312255859375, 0.9964599609375, -0.08282470703125, -170.50239130720405, -165.5033792880895
1.510154773015529, 200.0, 200.0, 0.00360107421875, 0.01318359375, 0.98828125, -0.1519775390625, -162.52279989656859, -165.5033792880895
1.520256235031411, 200.0, 200.0, 0.00360107421875, 0.01318359375, 0.98828125, -0.1519775390625, -162.52279989656859, -165.5033792880895
1.5301581009989604, 200.0, 200.0, 0.00360107421875, 0.01318359375, 0.98828125, -0.1519775390625, -162.52279989656859, -165.5033792880895
1.540122015052475, 200.0, 200.0, 0.00360107421875, 0.01318359375, 0.98828125, -0.1519775390625, -162.52279989656859, -165.5033792880895
1.5503452130360529, 200.0, 200.0, 0.00518798828125, 0.01220703125, 0.98077392578125, -0.194580078125, -157.56549030985207, -165.5033792880895
1.5603408770402893, 200.0, 200.0, 0.00518798828125, 0.01220703125, 0.98077392578125, -0.194580078125, -157.56549030985207, -165.5033792880895
1.5701451420318335, 200.0, 200.0, 0.00518798828125, 0.01220703125, 0.98077392578125, -0.194580078125, -157.56549030985207, -165.5033792880895
1.5802544770995155, 200.0, 200.0, 0.00518798828125, 0.01220703125, 0.98077392578125, -0.194580078125, -157.56549030985207, -165.5033792880895
1.5901380620198324, 200.0, 200.0, 0.00830078125, 0.00982666015625, 0.967041015625, -0.2542724609375, -150.54496127475733, -165.5033792880895
1.600452920072712, 200.0, 200.0, 0.00830078125, 0.00982666015625, 0.967041015625, -0.2542724609375, -150.54496127475733, -165.5033792880895
1.6105035149957985, 200.0, 200.0, 0.00830078125, 0.00982666015625, 0.967041015625, -0.2542724609375, -150.54496127475733, -165.5033792880895
1.6209610300138593, 200.0, 200.0, 0.00830078125, 0.00982666015625, 0.967041015625, -0.2542724609375, -150.54496127475733, -165.5033792880895
1.6306679320987314, 200.0, 200.0, 0.01220703125, 0.00628662109375, 0.94683837890625, -0.32122802734375, -142.51850502588385, -165.5033792880895
1.640986485988833, 200.0, 200.0, 0.01220703125, 0.00628662109375, 0.94683837890625, -0.32122802734375, -142.51850502588385, -165.5033792880895
1.6503204080509022, 200.0, 200.0, 0.01220703125, 0.00628662109375, 0.94683837890625, -0.32122802734375, -142.51850502588385, -165.5033792880895
1.6602449381025508, 200.0, 200.0, 0.01220703125, 0.00628662109375, 0.94683837890625, -0.32122802734375, -142.51850502588385, -165.5033792880895
1.6701708360342309, 200.0, 200.0, 0.0150146484375, 0.001953125, 0.92218017578125, -0.3863525390625, -134.52674112804362, -125.49573747003656
1.680125810089521, 200.0, 200.0, 0.0150146484375, 0.001953125, 0.92218017578125, -0.3863525390625, -134.52674112804362, -125.49573747003656
1.6901474529877305, 200.0, 200.0, 0.0159912109375, -0.00079345703125, 0.9044189453125, -0.42626953125, -129.51419808991295, -125.49573747003656
1.700149919022806, 200.0, 200.0, 0.0159912109375, -0.00079345703125, 0.9044189453125, -0.42626953125, -129.51419808991295, -125.49573747003656
1.710152009036392, 200.0, 200.0, 0.0159912109375, -0.00079345703125, 0.9044189453125, -0.42626953125, -129.51419808991295, -125.49573747003656
1.7203669960144907, 200.0, 200.0, 0.0162353515625, -0.00421142578125, 0.8765869140625, -0.4808349609375, -122.4862442841122, -125.49573747003656
1.7301081439945847, 200.0, 200.0, 0.0162353515625, -0.00421142578125, 0.8765869140625, -0.4808349609375, -122.4862442841122, -125.49573747003656
1.740168299060315, 200.0, 200.0, 0.0162353515625, -0.00421142578125, 0.8765869140625, -0.4808349609375, -122.4862442841122, -125.49573747003656
1.7502752440050244, 200.0, 200.0, 0.01580810546875, -0.0064697265625, 0.85015869140625, -0.526123046875, -116.47446017755605, -125.49573747003656
1.760176771087572, 200.0, 200.0, 0.01580810546875, -0.0064697265625, 0.85015869140625, -0.526123046875, -116.47446017755605, -125.49573747003656
1.770172304008156, 200.0, 200.0, 0.01580810546875, -0.0064697265625, 0.85015869140625, -0.526123046875, -116.47446017755605, -125.49573747003656
1.7801661350531504, 200.0, 200.0, 0.0147705078125, -0.00823974609375, 0.8214111328125, -0.57000732421875, -110.46585512224853, -125.49573747003656
1.7902005040086806, 200.0, 200.0, 0.0147705078125, -0.00823974609375, 0.8214111328125, -0.57000732421875, -110.46585512224853, -125.49573747003656
1.8001163380686194, 200.0, 200.0, 0.0147705078125, -0.00823974609375, 0.8214111328125, -0.57000732421875, -110.46585512224853, -125.49573747003656
1.8103093050885946, 200.0, 200.0, 0.0120849609375, -0.00885009765625, 0.78515625, -0.61907958984375, -103.48070955504996, -125.49573747003656
1.8202065400546417, 200.0, 200.0, 0.0120849609375, -0.00885009765625, 0.78515625, -0.61907958984375, -103.48070955504996, -125.49573747003656
1.830129674053751, 200.0, 200.0, 0.0120849609375, -0.00885009765625, 0.78515625, -0.61907958984375, -103.48070955504996, -125.49573747003656
1.8401770750060678, 200.0, 200.0, 0.0120849609375, -0.00885009765625, 0.78515625, -0.61907958984375, -103.48070955504996, -125.49573747003656
1.8501486630411819, 200.0, 200.0, 0.00848388671875, -0.00848388671875, 0.751708984375, -0.6593017578125, -97.48653737753578, -125.49573747003656
1.8601855020970106, 200.0, 200.0, 0.00848388671875, -0.00848388671875, 0.751708984375, -0.6593017578125, -97.48653737753578, -85.57983875291525
1.8702902040677145, 200.0, 200.0, 0.00531005859375, -0.00750732421875, 0.71649169921875, -0.697509765625, -91.53768877028715, -85.57983875291525
1.8802573760040104, 200.0, 200.0, 0.00531005859375, -0.00750732421875, 0.71649169921875, -0.697509765625, -91.53768877028715, -85.57983875291525
1.8901730970246717, 200.0, 200.0, 0.00531005859375, -0.00750732421875, 0.71649169921875, -0.697509765625, -91.53768877028715, -85.57983875291525
1.900321793043986, 200.0, 200.0, 0.00531005859375, -0.00750732421875, 0.71649169921875, -0.697509765625, -91.53768877028715, -85.57983875291525
1.9103067570831627, 200.0, 200.0, 0.00531005859375, -0.00750732421875, 0.71649169921875, -0.697509765625, -91.53768877028715, -85.57983875291525
1.9201432190602645, 200.0, 200.0, 0.00225830078125, -0.0054931640625, 0.66644287109375, -0.7454833984375, -83.58920286722046, -85.57983875291525
1.9301973580149934, 200.0, 200.0, 0.00225830078125, -0.0054931640625, 0.66644287109375, -0.7454833984375, -83.58920286722046, -85.57983875291525
1.9402567370561883, 200.0, 200.0, 0.00225830078125, -0.0054931640625, 0.66644287109375, -0.7454833984375, -83.58920286722046, -85.57983875291525
1.9503900030395016, 200.0, 200.0, 0.00115966796875, -0.00299072265625, 0.619873046875, -0.78466796875, -76.61425619518852, -85.57983875291525
1.9602792920777574, 200.0, 200.0, 0.00115966796875, -0.00299072265625, 0.619873046875, -0.78466796875, -76.61425619518852, -85.57983875291525
1.970127915032208, 200.0, 200.0, 0.00115966796875, -0.00299072265625, 0.619873046875, -0.78466796875, -76.61425619518852, -85.57983875291525
1.9805284840986133, 200.0, 200.0, 0.00115966796875, -0.00299072265625, 0.619873046875, -0.78466796875, -76.61425619518852, -85.57983875291525
1.9901630920358002, 200.0, 200.0, 0.000732421875, 0.00048828125, 0.56414794921875, -0.82562255859375, -68.68509690652019, -85.57983875291525
2.0001643740106374, 200.0, 200.0, 0.000732421875, 0.00048828125, 0.56414794921875, -0.82562255859375, -68.68509690652019, -85.57983875291525
2.0104347170563415, -200.0, -200.0, 0.000732421875, 0.00048828125, 0.56414794921875, -0.82562255859375, -68.68509690652019, -85.57983875291525
2.0203189410967752, -200.0, -200.0, 0.00115966796875, 0.00250244140625, 0.52783203125, -0.84930419921875, -63.71748343957279, -85.57983875291525
2.0304355900734663, -200.0, -200.0, 0.00115966796875, 0.00250244140625, 0.52783203125, -0.84930419921875, -63.71748343957279, -85.57983875291525
2.0401424150913954, -200.0, -200.0, 0.00115966796875, 0.00250244140625, 0.52783203125, -0.84930419921875, -63.71748343957279, -85.57983875291525
2.05020127305761, -200.0, -200.0, 0.002685546875, 0.0048828125, 0.47528076171875, -0.8797607421875, -56.754532118202526, -85.57983875291525
2.0601909060496837, -200.0, -200.0, 0.002685546875, 0.0048828125, 0.47528076171875, -0.8797607421875, -56.754532118202526, -45.8109496123947
2.070189221063629, -200.0, -200.0, 0.002685546875, 0.0048828125, 0.47528076171875, -0.8797607421875, -56.754532118202526, -45.8109496123947
2.080152672016993, -200.0, -200.0, 0.002685546875, 0.0048828125, 0.47528076171875, -0.8797607421875, -56.754532118202526, -45.8109496123947
2.0901369760977104, -200.0, -200.0, 0.00457763671875, 0.0067138671875, 0.4130859375, -0.91064453125, -48.79775790456563, -45.8109496123947
2.1001308650011197, -200.0, -200.0, 0.00457763671875, 0.0067138671875, 0.4130859375, -0.91064453125, -48.79775790456563, -45.8109496123947
2.110213124076836, -200.0, -200.0, 0.00457763671875, 0.0067138671875, 0.4130859375, -0.91064453125, -48.79775790456563, -45.8109496123947
2.120326364063658, -200.0, -200.0, 0.0059814453125, 0.0069580078125, 0.373046875, -0.927734375, -43.805286464934255, -45.8109496123947
2.1301972140790895, -200.0, -200.0, 0.0059814453125, 0.0069580078125, 0.373046875, -0.927734375, -43.805286464934255, -45.8109496123947
2.140348735032603, -200.0, -200.0, 0.0059814453125, 0.0069580078125, 0.373046875, -0.927734375, -43.805286464934255, -45.8109496123947
2.150472900015302, -200.0, -200.0, 0.0059814453125, 0.0069580078125, 0.373046875, -0.927734375, -43.805286464934255, -45.8109496123947
2.1602654670132324, -200.0, -200.0, 0.0078125, 0.00628662109375, 0.32415771484375, -0.9459228515625, -37.82508503352626, -45.8109496123947
2.1702068640151992, -200.0, -200.0, 0.0078125, 0.00628662109375, 0.32415771484375, -0.9459228515625, -37.82508503352626, -45.8109496123947
2.1806319929892197, -200.0, -200.0, 0.0078125, 0.00628662109375, 0.32415771484375, -0.9459228515625, -37.82508503352626, -45.8109496123947
2.1904903810936958, -200.0, -200.0, 0.0093994140625, 0.00439453125, 0.25140380859375, -0.9677734375, -29.115397717137967, -45.8109496123947
2.2004875750280917, -200.0, -200.0, 0.0093994140625, 0.00439453125, 0.25140380859375, -0.9677734375, -29.115397717137967, -45.8109496123947
2.2101924390299246, -200.0, -200.0, 0.0093994140625, 0.00439453125, 0.25140380859375, -0.9677734375, -29.115397717137967, -45.8109496123947
2.2201975090429187, -200.0, -200.0, 0.009521484375, 0.00323486328125, 0.2139892578125, -0.97674560546875, -24.707752959733853, -45.8109496123947
2.230455507989973, -200.0, -200.0, 0.009521484375, 0.00323486328125, 0.2139892578125, -0.97674560546875, -24.707752959733853, -45.8109496123947
2.2403019530465826, -200.0, -200.0, 0.009521484375, 0.00323486328125, 0.2139892578125, -0.97674560546875, -24.707752959733853, -45.8109496123947
2.2502510950434953, -200.0, -200.0, 0.009521484375, 0.00323486328125, 0.2139892578125, -0.97674560546875, -24.707752959733853, -45.8109496123947
2.2603307850658894, -200.0, -200.0, 0.0086669921875, 0.001220703125, 0.16827392578125, -0.98565673828125, -19.372346531719103, -13.347192822239261
2.27013751398772, -200.0, -200.0, 0.0086669921875, 0.001220703125, 0.16827392578125, -0.98565673828125, -19.372346531719103, -13.347192822239261
2.280611795024015, -200.0, -200.0, 0.0086669921875, 0.001220703125, 0.16827392578125, -0.98565673828125, -19.372346531719103, -13.347192822239261
2.2904044539900497, -200.0, -200.0, 0.00726318359375, -0.0003662109375, 0.1322021484375, -0.99114990234375, -15.192962056977503, -13.347192822239261
2.3001662850147113, -200.0, -200.0, 0.00726318359375, -0.0003662109375, 0.1322021484375, -0.99114990234375, -15.192962056977503, -13.347192822239261
2.3103895380627364, -200.0, -200.0, 0.00726318359375, -0.0003662109375, 0.1322021484375, -0.99114990234375, -15.192962056977503, -13.347192822239261
2.320162093034014, -200.0, -200.0, 0.00628662109375, -0.0013427734375, 0.10955810546875, -0.993896484375, -12.57964681006695, -13.347192822239261
2.3301580260740593, -200.0, -200.0, 0.00628662109375, -0.0013427734375, 0.10955810546875, -0.993896484375, -12.57964681006695, -13.347192822239261
2.34014923509676, -200.0, -200.0, 0.00628662109375, -0.0013427734375, 0.10955810546875, -0.993896484375, -12.57964681006695, -13.347192822239261
2.3501495820237324, -200.0, -200.0, 0.00628662109375, -0.0013427734375, 0.10955810546875, -0.993896484375, -12.57964681006695, -13.347192822239261
2.360158488037996, -200.0, -200.0, 0.00555419921875, -0.00146484375, 0.09429931640625, -0.9954833984375, -10.822304967433094, -13.347192822239261
2.370270051062107, -200.0, -200.0, 0.00555419921875, -0.00146484375, 0.09429931640625, -0.9954833984375, -10.822304967433094, -13.347192822239261
2.3803232450736687, -200.0, -200.0, 0.00555419921875, -0.00146484375, 0.09429931640625, -0.9954833984375, -10.822304967433094, -13.347192822239261
2.3906277720816433, -200.0, -200.0, 0.00555419921875, -0.00146484375, 0.09429931640625, -0.9954833984375, -10.822304967433094, -13.347192822239261
2.400402683066204, -200.0, -200.0, 0.00531005859375, -0.0013427734375, 0.0921630859375, -0.9957275390625, -10.576791197912568, -13.347192822239261
2.410564691061154, -200.0, -200.0, 0.00567626953125, -0.001220703125, 0.09912109375, -0.9949951171875, -11.377041174124733, -13.347192822239261
2.420118562062271, -200.0, -200.0, 0.00567626953125, -0.001220703125, 0.09912109375, -0.9949951171875, -11.377041174124733, -13.347192822239261
2.4301733190659434, -200.0, -200.0, 0.00567626953125, -0.001220703125, 0.09912109375, -0.9949951171875, -11.377041174124733, -13.347192822239261
2.440204609069042, -200.0, -200.0, 0.00567626953125, -0.001220703125, 0.09912109375, -0.9949951171875, -11.377041174124733, -13.347192822239261
2.450447316048667, -200.0, -200.0, 0.00665283203125, -0.0009765625, 0.115478515625, -0.99322509765625, -13.262108166469075, -13.347192822239261
2.460298561025411, -200.0, -200.0, 0.00665283203125, -0.0009765625, 0.115478515625, -0.99322509765625, -13.262108166469075, -19.789006336987686
2.4701941050589085, -200.0, -200.0, 0.00665283203125, -0.0009765625, 0.115478515625, -0.99322509765625, -13.262108166469075, -19.789006336987686
2.4801938470918685, -200.0, -200.0, 0.00665283203125, -0.0009765625, 0.115478515625, -0.99322509765625, -13.262108166469075, -19.789006336987686
2.490110637038015, -200.0, -200.0, 0.00665283203125, -0.0009765625, 0.115478515625, -0.99322509765625, -13.262108166469075, -19.789006336987686
2.5003978210734203, -200.0, -200.0, 0.00799560546875, -0.000244140625, 0.14984130859375, -0.9886474609375, -17.23464962391876, -19.789006336987686
2.5102210950572044, -200.0, -200.0, 0.00799560546875, -0.000244140625, 0.14984130859375, -0.9886474609375, -17.23464962391876, -19.789006336987686
2.5203151350142434, -200.0, -200.0, 0.0079345703125, 0.0003662109375, 0.1837158203125, -0.98291015625, -21.170877997429585, -19.789006336987686
2.530703963013366, -200.0, -200.0, 0.0079345703125, 0.0003662109375, 0.1837158203125, -0.98291015625, -21.170877997429585, -19.789006336987686
2.5403442330425605, -200.0, -200.0, 0.0079345703125, 0.0003662109375, 0.1837158203125, -0.98291015625, -21.170877997429585, -19.789006336987686
2.5503911710111424, -200.0, -200.0, 0.0067138671875, 0.00115966796875, 0.22259521484375, -0.974853515625, -25.72095977048404, -19.789006336987686
2.560331084067002, -200.0, -200.0, 0.0067138671875, 0.00115966796875, 0.22259521484375, -0.974853515625, -25.72095977048404, -19.789006336987686
2.5701651501003653, -200.0, -200.0, 0.0067138671875, 0.00115966796875, 0.22259521484375, -0.974853515625, -25.72095977048404, -19.789006336987686
2.5802120350999758, -200.0, -200.0, 0.00482177734375, 0.00164794921875, 0.27197265625, -0.96221923828125, -31.56048040474039, -19.789006336987686
2.59017743205186, -200.0, -200.0, 0.00482177734375, 0.00164794921875, 0.27197265625, -0.96221923828125, -31.56048040474039, -19.789006336987686
2.600144969066605, -200.0, -200.0, 0.00482177734375, 0.00164794921875, 0.27197265625, -0.96221923828125, -31.56048040474039, -19.789006336987686
2.6104620590340346, -200.0, -200.0, 0.00482177734375, 0.00164794921875, 0.27197265625, -0.96221923828125, -31.56048040474039, -19.789006336987686
2.6204061100725085, -200.0, -200.0, 0.00299072265625, 0.0013427734375, 0.32366943359375, -0.94610595703125, -37.76784342629724, -19.789006336987686
2.6304827040294185, -200.0, -200.0, 0.00299072265625, 0.0013427734375, 0.32366943359375, -0.94610595703125, -37.76784342629724, -19.789006336987686
2.640198618057184, -200.0, -200.0, 0.00299072265625, 0.0013427734375, 0.32366943359375, -0.94610595703125, -37.76784342629724, -19.789006336987686
2.650283919996582, -200.0, -200.0, 0.0009765625, 0.00042724609375, 0.36871337890625, -0.92950439453125, -43.27136743276692, -19.789006336987686
2.6601790020940825, -200.0, -200.0, 0.0009765625, 0.00042724609375, 0.36871337890625, -0.92950439453125, -43.27136743276692, -54.54922042894221
2.6703360970132053, -200.0, -200.0, 0.0009765625, 0.00042724609375, 0.36871337890625, -0.92950439453125, -43.27136743276692, -54.54922042894221
2.680133049027063, -200.0, -200.0, -0.0008544921875, -0.000244140625, 0.421142578125, -0.90692138671875, -49.81120301244297, -54.54922042894221
2.690322012989782, -200.0, -200.0, -0.0008544921875, -0.000244140625, 0.421142578125, -0.90692138671875, -49.81120301244297, -54.54922042894221
2.7001533220754936, -200.0, -200.0, -0.0008544921875, -0.000244140625, 0.421142578125, -0.90692138671875, -49.81120301244297, -54.54922042894221
2.710760059999302, -200.0, -200.0, -0.0008544921875, -0.000244140625, 0.421142578125, -0.90692138671875, -49.81120301244297, -54.54922042894221
2.7204732560785487, -200.0, -200.0, -0.00177001953125, -0.0010986328125, 0.47296142578125, -0.88104248046875, -56.45217738545376, -54.54922042894221
2.7303056170931086, -200.0, -200.0, -0.00177001953125, -0.0010986328125, 0.47296142578125, -0.88104248046875, -56.45217738545376, -54.54922042894221
2.7408320500981063, -200.0, -200.0, -0.00244140625, -0.002197265625, 0.51690673828125, -0.85595703125, -62.24784633288411, -54.54922042894221
2.7503847590414807, -200.0, -200.0, -0.00244140625, -0.002197265625, 0.51690673828125, -0.85595703125, -62.24784633288411, -54.54922042894221
2.7603226150386035, -200.0, -200.0, -0.00244140625, -0.002197265625, 0.51690673828125, -0.85595703125, -62.24784633288411, -54.54922042894221
2.770182284992188, -200.0, -200.0, -0.00244140625, -0.002197265625, 0.51690673828125, -0.85595703125, -62.24784633288411, -54.54922042894221
2.7801633829949424, -200.0, -200.0, -0.00244140625, -0.002197265625, 0.51690673828125, -0.85595703125, -62.24784633288411, -54.54922042894221
2.790171186090447, -200.0, -200.0, -0.00244140625, -0.002197265625, 0.51690673828125, -0.85595703125, -62.24784633288411, -54.54922042894221
2.800508789019659, -200.0, -200.0, -0.00384521484375, -0.0042724609375, 0.5740966796875, -0.8187255859375, -70.07272947893254, -54.54922042894221
2.810460121021606, -200.0, -200.0, -0.00384521484375, -0.0042724609375, 0.5740966796875, -0.8187255859375, -70.07272947893254, -54.54922042894221
2.8201094859978184, -200.0, -200.0, -0.004150390625, -0.00634765625, 0.6156005859375, -0.7879638671875, -75.99328233848115, -54.54922042894221
2.8302047760225832, -200.0, -200.0, -0.004150390625, -0.00634765625, 0.6156005859375, -0.7879638671875, -75.99328233848115, -54.54922042894221
2.840140124084428, -200.0, -200.0, -0.004150390625, -0.00634765625, 0.6156005859375, -0.7879638671875, -75.99328233848115, -54.54922042894221
2.8505439730361104, -200.0, -200.0, -0.00341796875, -0.0089111328125, 0.6622314453125, -0.74920654296875, -82.94829432646232, -54.54922042894221
2.8601922880625352, -200.0, -200.0, -0.00341796875, -0.0089111328125, 0.6622314453125, -0.74920654296875, -82.94829432646232, -54.54922042894221
2.87039957405068, -200.0, -200.0, -0.00341796875, -0.0089111328125, 0.6622314453125, -0.74920654296875, -82.94829432646232, -93.93432807018891
2.880386993056163, -200.0, -200.0, -0.00341796875, -0.0089111328125, 0.6622314453125, -0.74920654296875, -82.94829432646232, -93.93432807018891
2.8904908160911873, -200.0, -200.0, -0.00262451171875, -0.01043701171875, 0.70654296875, -0.70751953125, -89.92112815044112, -93.93432807018891
2.900264415075071, -200.0, -200.0, -0.00262451171875, -0.01043701171875, 0.70654296875, -0.70751953125, -89.92112815044112, -93.93432807018891
2.9101422970416024, -200.0, -200.0, -0.00262451171875, -0.01043701171875, 0.70654296875, -0.70751953125, -89.92112815044112, -93.93432807018891
2.9201898900792003, -200.0, -200.0, -0.00201416015625, -0.0103759765625, 0.74267578125, -0.66949462890625, -95.93360102108055, -93.93432807018891
2.9304567710496485, -200.0, -200.0, -0.00201416015625, -0.0103759765625, 0.74267578125, -0.66949462890625, -95.93360102108055, -93.93432807018891
2.9406763639999554, -200.0, -200.0, -0.001708984375, -0.0093994140625, 0.7767333984375, -0.62969970703125, -101.93758354567551, -93.93432807018891
2.950374754029326, -200.0, -200.0, -0.001708984375, -0.0093994140625, 0.7767333984375, -0.62969970703125, -101.93758354567551, -93.93432807018891
2.960313677089289, -200.0, -200.0, -0.001708984375, -0.0093994140625, 0.7767333984375, -0.62969970703125, -101.93758354567551, -93.93432807018891
2.970513075008057, -200.0, -200.0, -0.001708984375, -0.0093994140625, 0.7767333984375, -0.62969970703125, -101.93758354567551, -93.93432807018891
2.98041701503098, -200.0, -200.0, -0.001708984375, -0.0093994140625, 0.7767333984375, -0.62969970703125, -101.93758354567551, -93.93432807018891
2.990467978059314, -200.0, -200.0, -0.00177001953125, -0.00762939453125, 0.8138427734375, -0.5809326171875, -108.95762831514266, -93.93432807018891
3.000096095027402, -200.0, -200.0, -0.00177001953125, -0.00762939453125, 0.8138427734375, -0.5809326171875, -108.95762831514266, -93.93432807018891
3.010238916031085, -200.0, -200.0, -0.00177001953125, -0.00762939453125, 0.8138427734375, -0.5809326171875, -108.95762831514266, -93.93432807018891
3.020174191100523, -200.0, -200.0, -0.00244140625, -0.00555419921875, 0.8480224609375, -0.52984619140625, -116.00317614802505, -93.93432807018891
3.030429740087129, -200.0, -200.0, -0.00244140625, -0.00555419921875, 0.8480224609375, -0.52984619140625, -116.00317614802505, -93.93432807018891
3.04014288703911, -200.0, -200.0, -0.00244140625, -0.00555419921875, 0.8480224609375, -0.52984619140625, -116.00317614802505, -93.93432807018891
3.0501567650353536, -200.0, -200.0, -0.003173828125, -0.0042724609375, 0.87469482421875, -0.48455810546875, -122.02651949017161, -93.93432807018891
3.0601463250350207, -200.0, -200.0, -0.003173828125, -0.0042724609375, 0.87469482421875, -0.48455810546875, -122.02651949017161, -133.05869665496496
3.070140631054528, -200.0, -200.0, -0.003173828125, -0.0042724609375, 0.87469482421875, -0.48455810546875, -122.02651949017161, -133.05869665496496
3.080154780065641, -200.0, -200.0, -0.003173828125, -0.0042724609375, 0.87469482421875, -0.48455810546875, -122.02651949017161, -133.05869665496496
3.09019713208545, -200.0, -200.0, -0.00445556640625, -0.0032958984375, 0.90643310546875, -0.42218017578125, -130.04733646677212, -133.05869665496496
3.1001383010298014, -200.0, -200.0, -0.00445556640625, -0.0032958984375, 0.90643310546875, -0.42218017578125, -130.04733646677212, -133.05869665496496
3.110231430036947, -200.0, -200.0, -0.00445556640625, -0.0032958984375, 0.90643310546875, -0.42218017578125, -130.04733646677212, -133.05869665496496
3.1201838130364195, -200.0, -200.0, -0.00537109375, -0.0028076171875, 0.93060302734375, -0.3658447265625, -137.07437609120078, -133.05869665496496
3.1303695330861956, -200.0, -200.0, -0.00537109375, -0.0028076171875, 0.93060302734375, -0.3658447265625, -137.07437609120078, -133.05869665496496
3.1403148220852017, -200.0, -200.0, -0.00537109375, -0.0028076171875, 0.93060302734375, -0.3658447265625, -137.07437609120078, -133.05869665496496
3.1501904340693727, -200.0, -200.0, -0.00537109375, -0.0028076171875, 0.93060302734375, -0.3658447265625, -137.07437609120078, -133.05869665496496
3.160192696028389, -200.0, -200.0, -0.0054931640625, -0.00250244140625, 0.94580078125, -0.32464599609375, -142.10981276647735, -133.05869665496496
3.170203554094769, -200.0, -200.0, -0.0054931640625, -0.00250244140625, 0.94580078125, -0.32464599609375, -142.10981276647735, -133.05869665496496
3.180155454087071, -200.0, -200.0, -0.0054931640625, -0.00250244140625, 0.94580078125, -0.32464599609375, -142.10981276647735, -133.05869665496496
3.190405384055339, -200.0, -200.0, -0.00506591796875, -0.00189208984375, 0.96624755859375, -0.2574462890625, -150.16017000795694, -133.05869665496496
3.2001715860096738, -200.0, -200.0, -0.00506591796875, -0.00189208984375, 0.96624755859375, -0.2574462890625, -150.16017000795694, -133.05869665496496
3.2101948400959373, -200.0, -200.0, -0.00506591796875, -0.00189208984375, 0.96624755859375, -0.2574462890625, -150.16017000795694, -133.05869665496496
3.220187335042283, -200.0, -200.0, -0.00439453125, -0.001708984375, 0.97845458984375, -0.20635986328125, -156.18120378972367, -133.05869665496496
3.230165394023061, -200.0, -200.0, -0.00439453125, -0.001708984375, 0.97845458984375, -0.20635986328125, -156.18120378972367, -133.05869665496496
3.2401997360866517, -200.0, -200.0, -0.00439453125, -0.001708984375, 0.97845458984375, -0.20635986328125, -156.18120378972367, -133.05869665496496
3.250307734007947, -200.0, -200.0, -0.00439453125, -0.001708984375, 0.97845458984375, -0.20635986328125, -156.18120378972367, -133.05869665496496
3.260172988055274, -200.0, -200.0, -0.00347900390625, -0.00189208984375, 0.9879150390625, -0.15484619140625, -162.18385808237775, -133.05869665496496
3.270425745053217, -200.0, -200.0, -0.00347900390625, -0.00189208984375, 0.9879150390625, -0.15484619140625, -162.18385808237775, -173.1822741039897
3.2801967120030895, -200.0, -200.0, -0.00347900390625, -0.00189208984375, 0.9879150390625, -0.15484619140625, -162.18385808237775, -173.1822741039897
3.2904605070361868, -200.0, -200.0, -0.00347900390625, -0.00189208984375, 0.9879150390625, -0.15484619140625, -162.18385808237775, -173.1822741039897
3.300245459075086, -200.0, -200.0, -0.00189208984375, -0.00213623046875, 0.99700927734375, -0.07696533203125, -171.17158442106475, -173.1822741039897
3.3103963790927082, -200.0, -200.0, -0.00189208984375, -0.00213623046875, 0.99700927734375, -0.07696533203125, -171.17158442106475, -173.1822741039897
3.32022944802884, -200.0, -200.0, -0.00189208984375, -0.00213623046875, 0.99700927734375, -0.07696533203125, -171.17158442106475, -173.1822741039897
3.3303797610569745, -200.0, -200.0, -0.00103759765625, -0.00244140625, 0.9993896484375, -0.03314208984375, -176.2011409925879, -173.1822741039897
3.3403321300866082, -200.0, -200.0, -0.00103759765625, -0.00244140625, 0.9993896484375, -0.03314208984375, -176.2011409925879, -173.1822741039897
3.3504906750749797, -200.0, -200.0, -0.00103759765625, -0.00244140625, 0.9993896484375, -0.03314208984375, -176.2011409925879, -173.1822741039897
3.360464397002943, -200.0, -200.0, -0.00018310546875, -0.0025634765625, 0.999755859375, 0.01934814453125, 177.78232422609088, -173.1822741039897
3.3702109730802476, -200.0, -200.0, -0.00018310546875, -0.0025634765625, 0.999755859375, 0.01934814453125, 177.78232422609088, -173.1822741039897
3.380487623042427, -200.0, -200.0, -0.00018310546875, -0.0025634765625, 0.999755859375, 0.01934814453125, 177.78232422609088, -173.1822741039897
3.3905901690013707, -200.0, -200.0, 0.00067138671875, -0.002197265625, 0.9959716796875, 0.08905029296875, 169.78062869427526, -173.1822741039897
3.400203849072568, -200.0, -200.0, 0.00067138671875, -0.002197265625, 0.9959716796875, 0.08905029296875, 169.78062869427526, -173.1822741039897
3.4101298360619694, -200.0, -200.0, 0.00067138671875, -0.002197265625, 0.9959716796875, 0.08905029296875, 169.78062869427526, -173.1822741039897
3.420125232078135, -200.0, -200.0, 0.00067138671875, -0.002197265625, 0.9959716796875, 0.08905029296875, 169.78062869427526, -173.1822741039897
3.430088048102334, -200.0, -200.0, 0.00091552734375, -0.00238037109375, 0.98992919921875, 0.14117431640625, 163.76615141942293, -173.1822741039897
3.4401834710733965, -200.0, -200.0, 0.00091552734375, -0.00238037109375, 0.98992919921875, 0.14117431640625, 163.76615141942293, -173.1822741039897
3.4502714560367167, -200.0, -200.0, 0.00091552734375, -0.00238037109375, 0.98992919921875, 0.14117431640625, 163.76615141942293, -173.1822741039897
3.460195244057104, -200.0, -200.0, 0.00115966796875, -0.0023193359375, 0.98114013671875, 0.19293212890625, 157.74796383280713, 146.66014412283158
3.4702327380655333, -200.0, -200.0, 0.00115966796875, -0.0023193359375, 0.98114013671875, 0.19293212890625, 157.74796383280713, 146.66014412283158
3.4802815050352365, -200.0, -200.0, 0.00115966796875, -0.0023193359375, 0.98114013671875, 0.19293212890625, 157.74796383280713, 146.66014412283158
3.490347475046292, -200.0, -200.0, 0.0010986328125, -0.00189208984375, 0.9652099609375, 0.2613525390625, 149.69687922742307, 146.66014412283158
3.500362380989827, -200.0, -200.0, 0.0010986328125, -0.00189208984375, 0.9652099609375, 0.2613525390625, 149.69687922742307, 146.66014412283158
3.5105390900280327, -200.0, -200.0, 0.0010986328125, -0.00189208984375, 0.9652099609375, 0.2613525390625, 149.69687922742307, 146.66014412283158
3.5203683479921892, -200.0, -200.0, 0.0008544921875, -0.002197265625, 0.9549560546875, 0.29669189453125, 145.48080215791362, 146.66014412283158
3.5302019270602614, -200.0, -200.0, 0.0008544921875, -0.002197265625, 0.9549560546875, 0.29669189453125, 145.48080215791362, 146.66014412283158
3.5402989230351523, -200.0, -200.0, 0.0008544921875, -0.002197265625, 0.9549560546875, 0.29669189453125, 145.48080215791362, 146.66014412283158
3.550395385012962, -200.0, -200.0, 0.00091552734375, -0.00335693359375, 0.93792724609375, 0.3466796875, 139.42620311698457, 146.66014412283158
3.560271868016571, -200.0, -200.0, 0.00091552734375, -0.00335693359375, 0.93792724609375, 0.3466796875, 139.42620311698457, 146.66014412283158
3.5702537210891023, -200.0, -200.0, 0.00091552734375, -0.00335693359375, 0.93792724609375, 0.3466796875, 139.42620311698457, 146.66014412283158
3.5800844860496, -200.0, -200.0, 0.00091552734375, -0.00335693359375, 0.93792724609375, 0.3466796875, 139.42620311698457, 146.66014412283158
3.590446712099947, -200.0, -200.0, 0.002197265625, -0.0050048828125, 0.91497802734375, 0.4033203125, 132.42115106370915, 146.66014412283158
3.6002307320013642, -200.0, -200.0, 0.002197265625, -0.0050048828125, 0.91497802734375, 0.4033203125, 132.42115106370915, 146.66014412283158
3.610236751032062, -200.0, -200.0, 0.002197265625, -0.0050048828125, 0.91497802734375, 0.4033203125, 132.42115106370915, 146.66014412283158
3.6201692580943927, -200.0, -200.0, 0.00384521484375, -0.00616455078125, 0.8975830078125, 0.440673828125, 127.70022579186887, 146.66014412283158
3.6302029250655323, -200.0, -200.0, 0.00384521484375, -0.00616455078125, 0.8975830078125, 0.440673828125, 127.70022579186887, 146.66014412283158
3.640390399028547, -200.0, -200.0, 0.0054931640625, -0.00689697265625, 0.8731689453125, 0.4873046875, 121.67086666088137, 146.66014412283158
3.6501321110408753, -200.0, -200.0, 0.0054931640625, -0.00689697265625, 0.8731689453125, 0.4873046875, 121.67086666088137, 146.66014412283158
3.660110669094138, -200.0, -200.0, 0.0054931640625, -0.00689697265625, 0.8731689453125, 0.4873046875, 121.67086666088137, 109.65092119946841
3.6716821180889383, -200.0, -200.0, 0.0054931640625, -0.00689697265625, 0.8731689453125, 0.4873046875, 121.67086666088137, 109.65092119946841
3.6801789960591123, -200.0, -200.0, 0.0054931640625, -0.00689697265625, 0.8731689453125, 0.4873046875, 121.67086666088137, 109.65092119946841
3.6903150870930403, -200.0, -200.0, 0.006591796875, -0.0069580078125, 0.83203125, 0.5545654296875, 112.62906559324617, 109.65092119946841
3.700138579006307, -200.0, -200.0, 0.006591796875, -0.0069580078125, 0.83203125, 0.5545654296875, 112.62906559324617, 109.65092119946841
3.710074556991458, -200.0, -200.0, 0.006591796875, -0.0069580078125, 0.83203125, 0.5545654296875, 112.62906559324617, 109.65092119946841
3.7201203630538657, -200.0, -200.0, 0.00689697265625, -0.0067138671875, 0.80206298828125, 0.59710693359375, 106.66507745437296, 109.65092119946841
3.7301764040021226, -200.0, -200.0, 0.00689697265625, -0.0067138671875, 0.80206298828125, 0.59710693359375, 106.66507745437296, 109.65092119946841
3.740203900029883, -200.0, -200.0, 0.00689697265625, -0.0067138671875, 0.80206298828125, 0.59710693359375, 106.66507745437296, 109.65092119946841
3.7504653059877455, -200.0, -200.0, 0.0067138671875, -0.00628662109375, 0.76971435546875, 0.63824462890625, 100.66418339187794, 109.65092119946841
3.7603142120642588, -200.0, -200.0, 0.0067138671875, -0.00628662109375, 0.76971435546875, 0.63824462890625, 100.66418339187794, 109.65092119946841
3.770485792076215, -200.0, -200.0, 0.0067138671875, -0.00628662109375, 0.76971435546875, 0.63824462890625, 100.66418339187794, 109.65092119946841
3.780198256019503, -200.0, -200.0, 0.0067138671875, -0.00628662109375, 0.76971435546875, 0.63824462890625, 100.66418339187794, 109.65092119946841
3.7906220220029354, -200.0, -200.0, 0.0067138671875, -0.00628662109375, 0.76971435546875, 0.63824462890625, 100.66418339187794, 109.65092119946841
3.8003125570248812, -200.0, -200.0, 0.00604248046875, -0.0054931640625, 0.72314453125, 0.6905517578125, 92.633606486942, 109.65092119946841
3.8101778940763324, -200.0, -200.0, 0.00604248046875, -0.0054931640625, 0.72314453125, 0.6905517578125, 92.633606486942, 109.65092119946841
3.820261429063976, -200.0, -200.0, 0.0054931640625, -0.00543212890625, 0.6922607421875, 0.7215576171875, 87.62160818075016, 109.65092119946841
3.8301293950062245, -200.0, -200.0, 0.0054931640625, -0.00543212890625, 0.6922607421875, 0.7215576171875, 87.62160818075016, 109.65092119946841
3.8401992240687832, -200.0, -200.0, 0.0054931640625, -0.00543212890625, 0.6922607421875, 0.7215576171875, 87.62160818075016, 109.65092119946841
3.8503453810699284, -200.0, -200.0, 0.0050048828125, -0.0054931640625, 0.646728515625, 0.76263427734375, 80.5926499010605, 109.65092119946841
3.860159549047239, -200.0, -200.0, 0.0050048828125, -0.0054931640625, 0.646728515625, 0.76263427734375, 80.5926499010605, 69.57783250878842
3.8702058090129867, -200.0, -200.0, 0.0050048828125, -0.0054931640625, 0.646728515625, 0.76263427734375, 80.5926499010605, 69.57783250878842
3.8801785520045087, -200.0, -200.0, 0.0050048828125, -0.0054931640625, 0.646728515625, 0.76263427734375, 80.5926499010605, 69.57783250878842
3.8901761600282043, -200.0, -200.0, 0.0050048828125, -0.00555419921875, 0.598876953125, 0.80072021484375, 73.57916129568844, 69.57783250878842
3.9001351960469037, -200.0, -200.0, 0.0050048828125, -0.00555419921875, 0.598876953125, 0.80072021484375, 73.57916129568844, 69.57783250878842
3.9107821150682867, -200.0, -200.0, 0.0050048828125, -0.00555419921875, 0.598876953125, 0.80072021484375, 73.57916129568844, 69.57783250878842
3.920333542046137, -200.0, -200.0, 0.0062255859375, -0.00567626953125, 0.5560302734375, 0.8310546875, 67.56267003906324, 69.57783250878842
3.9301515970146284, -200.0, -200.0, 0.0062255859375, -0.00567626953125, 0.5560302734375, 0.8310546875, 67.56267003906324, 69.57783250878842
3.940204494050704, -200.0, -200.0, 0.0062255859375, -0.00567626953125, 0.5560302734375, 0.8310546875, 67.56267003906324, 69.57783250878842
3.950159472064115, -200.0, -200.0, 0.00787353515625, -0.00665283203125, 0.51165771484375, 0.85906982421875, 61.54688481970451, 69.57783250878842
3.9602743519935757, -200.0, -200.0, 0.00787353515625, -0.00665283203125, 0.51165771484375, 0.85906982421875, 61.54688481970451, 69.57783250878842
3.9701611649943516, -200.0, -200.0, 0.00787353515625, -0.00665283203125, 0.51165771484375, 0.85906982421875, 61.54688481970451, 69.57783250878842
3.980198651086539, -200.0, -200.0, 0.00787353515625, -0.00665283203125, 0.51165771484375, 0.85906982421875, 61.54688481970451, 69.57783250878842
3.9939966670935974, -200.0, -200.0, 0.00787353515625, -0.00665283203125, 0.51165771484375, 0.85906982421875, 61.54688481970451, 69.57783250878842
4.0004900300409645, -200.0, -200.0, 0.01043701171875, -0.0078125, 0.44281005859375, 0.896484375, 52.56245422592588, 69.57783250878842
4.010155372088775, 0.0, 0.0, 0.01043701171875, -0.0078125, 0.44281005859375, 0.896484375, 52.56245422592588, 69.57783250878842
4.0203792760148644, 0.0, 0.0, 0.01300048828125, -0.00714111328125, 0.39544677734375, 0.9183349609375, 46.57982033488638, 69.57783250878842
4.030300873098895, 0.0, 0.0, 0.01300048828125, -0.00714111328125, 0.39544677734375, 0.9183349609375, 46.57982033488638, 69.57783250878842
4.040256288019009, 0.0, 0.0, 0.01580810546875, -0.0057373046875, 0.34698486328125, 0.93768310546875, 40.59491075801852, 69.57783250878842
4.050138234044425, 0.0, 0.0, 0.01580810546875, -0.0057373046875, 0.34698486328125, 0.93768310546875, 40.59491075801852, 69.57783250878842
4.0601795330876485, 0.0, 0.0, 0.01580810546875, -0.0057373046875, 0.34698486328125, 0.93768310546875, 40.59491075801852, 29.571464521015702
4.0701540120644495, 0.0, 0.0, 0.01580810546875, -0.0057373046875, 0.34698486328125, 0.93768310546875, 40.59491075801852, 29.571464521015702
4.080267177079804, 0.0, 0.0, 0.01580810546875, -0.0057373046875, 0.34698486328125, 0.93768310546875, 40.59491075801852, 29.571464521015702
4.090222420054488, 0.0, 0.0, 0.01861572265625, -0.00341796875, 0.28900146484375, 0.95709228515625, 33.58451449537784, 29.571464521015702
4.100539920036681, 0.0, 0.0, 0.01861572265625, -0.00341796875, 0.28900146484375, 0.95709228515625, 33.58451449537784, 29.571464521015702
4.110337370075285, 0.0, 0.0, 0.01995849609375, -0.00067138671875, 0.23822021484375, 0.970947265625, 33.58451449537784, 29.571464521015702
4.120448018074967, 0.0, 0.0, 0.01995849609375, -0.00067138671875, 0.23822021484375, 0.970947265625, 27.55531534364842, 29.571464521015702
4.130225112079643, 0.0, 0.0, 0.01995849609375, -0.00067138671875, 0.23822021484375, 0.970947265625, 27.55531534364842, 29.571464521015702
4.140290779992938, 0.0, 0.0, 0.01995849609375, -0.00067138671875, 0.23822021484375, 0.970947265625, 27.55531534364842, 29.571464521015702
4.150296923005953, 0.0, 0.0, 0.019775390625, 0.001953125, 0.18670654296875, 0.982177734375, 21.520828546636373, 29.571464521015702
4.160304167075083, 0.0, 0.0, 0.019775390625, 0.001953125, 0.18670654296875, 0.982177734375, 21.520828546636373, 29.571464521015702
4.170408230042085, 0.0, 0.0, 0.019775390625, 0.001953125, 0.18670654296875, 0.982177734375, 21.520828546636373, 29.571464521015702
4.180307453032583, 0.0, 0.0, 0.019775390625, 0.001953125, 0.18670654296875, 0.982177734375, 21.520828546636373, 29.571464521015702
4.190502597019076, 0.0, 0.0, 0.01617431640625, 0.00390625, 0.0814208984375, 0.99652099609375, 9.346453182968324, 29.571464521015702
4.200139722088352, 0.0, 0.0, 0.01617431640625, 0.00390625, 0.0814208984375, 0.99652099609375, 9.346453182968324, 29.571464521015702
4.210196972009726, 0.0, 0.0, 0.01165771484375, 0.00518798828125, 0.031982421875, 0.9993896484375, 9.346453182968324, 29.571464521015702
4.22020170208998, 0.0, 0.0, 0.01165771484375, 0.00518798828125, 0.031982421875, 0.9993896484375, 3.67229319867814, 29.571464521015702
4.230210347101092, 0.0, 0.0, 0.01165771484375, 0.00518798828125, 0.031982421875, 0.9993896484375, 3.67229319867814, 29.571464521015702
4.240153259015642, 0.0, 0.0, 0.01165771484375, 0.00518798828125, 0.031982421875, 0.9993896484375, 3.67229319867814, 29.571464521015702
4.2503526580985636, 0.0, 0.0, 0.00628662109375, 0.00604248046875, -0.01434326171875, 0.99981689453125, -1.6393097689822314, 29.571464521015702
4.260185006074607, 0.0, 0.0, 0.00628662109375, 0.00604248046875, -0.01434326171875, 0.99981689453125, -1.6393097689822314, 29.571464521015702
4.27037740801461, 0.0, 0.0, 0.00628662109375, 0.00604248046875, -0.01434326171875, 0.99981689453125, -1.6393097689822314, -10.687675961334499
4.280152996070683, 0.0, 0.0, 0.00628662109375, 0.00604248046875, -0.01434326171875, 0.99981689453125, -1.6393097689822314, -10.687675961334499
4.290276735089719, 0.0, 0.0, -0.00311279296875, 0.0074462890625, -0.07550048828125, 0.9970703125, -8.6628968696546, -10.687675961334499
4.300145120010711, 0.0, 0.0, -0.00311279296875, 0.0074462890625, -0.07550048828125, 0.9970703125, -8.6628968696546, -10.687675961334499
4.311016505002044, 0.0, 0.0, -0.00311279296875, 0.0074462890625, -0.07550048828125, 0.9970703125, -8.6628968696546, -10.687675961334499
4.320154396002181, 0.0, 0.0, -0.00311279296875, 0.0074462890625, -0.07550048828125, 0.9970703125, -8.6628968696546, -10.687675961334499
4.330218201037496, 0.0, 0.0, -0.00732421875, 0.0079345703125, -0.10400390625, 0.9945068359375, -11.946752551729395, -10.687675961334499
4.340514687006362, 0.0, 0.0, -0.00732421875, 0.0079345703125, -0.10400390625, 0.9945068359375, -11.946752551729395, -10.687675961334499
4.350221757078543, 0.0, 0.0, -0.01092529296875, 0.00738525390625, -0.13360595703125, 0.99090576171875, -15.364704178846967, -10.687675961334499
4.36014789598994, 0.0, 0.0, -0.01092529296875, 0.00738525390625, -0.13360595703125, 0.99090576171875, -15.364704178846967, -10.687675961334499
4.3703307850519195, 0.0, 0.0, -0.01092529296875, 0.00738525390625, -0.13360595703125, 0.99090576171875, -15.364704178846967, -10.687675961334499
4.380351923056878, 0.0, 0.0, -0.01092529296875, 0.00738525390625, -0.13360595703125, 0.99090576171875, -15.364704178846967, -10.687675961334499
4.390280262101442, 0.0, 0.0, -0.012939453125, 0.005126953125, -0.165771484375, 0.98602294921875, -19.089742514137274, -10.687675961334499
4.400152540067211, 0.0, 0.0, -0.012939453125, 0.005126953125, -0.165771484375, 0.98602294921875, -19.089742514137274, -10.687675961334499
4.410214635077864, 0.0, 0.0, -0.012939453125, 0.005126953125, -0.165771484375, 0.98602294921875, -19.089742514137274, -10.687675961334499
4.420298290089704, 0.0, 0.0, -0.01300048828125, 0.00299072265625, -0.185302734375, 0.9825439453125, -21.35936876310926, -10.687675961334499
4.430384717998095, 0.0, 0.0, -0.01300048828125, 0.00299072265625, -0.185302734375, 0.9825439453125, -21.35936876310926, -10.687675961334499
4.440431349095888, 0.0, 0.0, -0.01300048828125, 0.00299072265625, -0.185302734375, 0.9825439453125, -21.35936876310926, -10.687675961334499
4.450203377055004, 0.0, 0.0, -0.01300048828125, 0.00299072265625, -0.185302734375, 0.9825439453125, -21.35936876310926, -10.687675961334499
4.460203652037308, 0.0, 0.0, -0.01226806640625, 0.00079345703125, -0.20361328125, 0.97894287109375, -23.495397351960545, -10.687675961334499
4.470187793020159, 0.0, 0.0, -0.01226806640625, 0.00079345703125, -0.20361328125, 0.97894287109375, -23.495397351960545, -25.894790766270763
4.480200569028966, 0.0, 0.0, -0.01226806640625, 0.00079345703125, -0.20361328125, 0.97894287109375, -23.495397351960545, -25.894790766270763
4.490340925054625, 0.0, 0.0, -0.01214599609375, -0.0008544921875, -0.21771240234375, 0.97589111328125, -25.14562070182102, -25.894790766270763
4.500181008013897, 0.0, 0.0, -0.01214599609375, -0.0008544921875, -0.21771240234375, 0.97589111328125, -25.14562070182102, -25.894790766270763
4.510459154029377, 0.0, 0.0, -0.0107421875, -0.00146484375, -0.22686767578125, 0.97381591796875, -26.221390366625872, -25.894790766270763
4.520108551019803, 0.0, 0.0, -0.0107421875, -0.00146484375, -0.22686767578125, 0.97381591796875, -26.221390366625872, -25.894790766270763
4.53012822906021, 0.0, 0.0, -0.0107421875, -0.00146484375, -0.22686767578125, 0.97381591796875, -26.221390366625872, -25.894790766270763
4.540541146066971, 0.0, 0.0, -0.00848388671875, -0.0010986328125, -0.23382568359375, 0.97216796875, -27.041294791926372, -25.894790766270763
4.550170675036497, 0.0, 0.0, -0.00848388671875, -0.0010986328125, -0.23382568359375, 0.97216796875, -27.041294791926372, -25.894790766270763
4.560269019100815, 0.0, 0.0, -0.00848388671875, -0.0010986328125, -0.23382568359375, 0.97216796875, -27.041294791926372, -25.894790766270763
4.570168985053897, 0.0, 0.0, -0.00848388671875, -0.0010986328125, -0.23382568359375, 0.97216796875, -27.041294791926372, -25.894790766270763
4.580134286079556, 0.0, 0.0, -0.00848388671875, -0.0010986328125, -0.23382568359375, 0.97216796875, -27.041294791926372, -25.894790766270763
4.5902192030334845, 0.0, 0.0, -0.0059814453125, -0.00054931640625, -0.24102783203125, 0.970458984375, -27.89266133289546, -25.894790766270763
4.600274290074594, 0.0, 0.0, -0.0059814453125, -0.00054931640625, -0.24102783203125, 0.970458984375, -27.89266133289546, -25.894790766270763
4.610233423067257, 0.0, 0.0, -0.0059814453125, -0.00054931640625, -0.24102783203125, 0.970458984375, -27.89266133289546, -25.894790766270763
4.620397321996279, 0.0, 0.0, -0.00439453125, 0.00018310546875, -0.24530029296875, 0.96942138671875, -28.39860762674058, -25.894790766270763
4.63113069802057, 0.0, 0.0, -0.00439453125, 0.00018310546875, -0.24530029296875, 0.96942138671875, -28.39860762674058, -25.894790766270763
4.640169291989878, 0.0, 0.0, -0.00439453125, 0.00018310546875, -0.24530029296875, 0.96942138671875, -28.39860762674058, -25.894790766270763
4.6501802920829505, 0.0, 0.0, -0.00439453125, 0.00018310546875, -0.24530029296875, 0.96942138671875, -28.39860762674058, -25.894790766270763
4.660242589074187, 0.0, 0.0, -0.0023193359375, 0.0008544921875, -0.24853515625, 0.96856689453125, -28.780536329419473, -29.324201427777485
4.670162809081376, 0.0, 0.0, -0.0023193359375, 0.0008544921875, -0.24853515625, 0.96856689453125, -28.780536329419473, -29.324201427777485
4.6802736460231245, 0.0, 0.0, -0.0023193359375, 0.0008544921875, -0.24853515625, 0.96856689453125, -28.780536329419473, -29.324201427777485
4.6901730470126495, 0.0, 0.0, -0.0023193359375, 0.0008544921875, -0.24853515625, 0.96856689453125, -28.780536329419473, -29.324201427777485
4.7003268980188295, 0.0, 0.0, -6.103515625e-05, 0.00225830078125, -0.25213623046875, 0.9676513671875, -29.207199321662657, -29.324201427777485
4.7105805550236255, 0.0, 0.0, -6.103515625e-05, 0.00225830078125, -0.25213623046875, 0.9676513671875, -29.207199321662657, -29.324201427777485
4.7207577030640095, 0.0, 0.0, 6.103515625e-05, 0.0037841796875, -0.2540283203125, 0.9671630859375, -29.431961452331795, -29.324201427777485
4.730126140988432, 0.0, 0.0, 6.103515625e-05, 0.0037841796875, -0.2540283203125, 0.9671630859375, -29.431961452331795, -29.324201427777485
4.740225418005139, 0.0, 0.0, 6.103515625e-05, 0.0037841796875, -0.2540283203125, 0.9671630859375, -29.431961452331795, -29.324201427777485
4.7505037049995735, 0.0, 0.0, 6.103515625e-05, 0.0037841796875, -0.2540283203125, 0.9671630859375, -29.431961452331795, -29.324201427777485
4.760181004065089, 0.0, 0.0, 0.0, 0.0052490234375, -0.2552490234375, 0.966796875, -29.576245096236654, -29.324201427777485
4.770282999030314, 0.0, 0.0, 0.0, 0.0052490234375, -0.2552490234375, 0.966796875, -29.576245096236654, -29.324201427777485
4.780202966998331, 0.0, 0.0, 0.0, 0.0052490234375, -0.2552490234375, 0.966796875, -29.576245096236654, -29.324201427777485
4.7904642830835655, 0.0, 0.0, 6.103515625e-05, 0.00750732421875, -0.2568359375, 0.96636962890625, -29.765779889503655, -29.324201427777485
4.800242660101503, 0.0, 0.0, 6.103515625e-05, 0.00750732421875, -0.2568359375, 0.96636962890625, -29.765779889503655, -29.324201427777485
4.810534154996276, 0.0, 0.0, 6.103515625e-05, 0.00750732421875, -0.2568359375, 0.96636962890625, -29.765779889503655, -29.324201427777485
4.820213836035691, 0.0, 0.0, 0.0003662109375, 0.00885009765625, -0.2578125, 0.96612548828125, -29.882976290773897, -29.324201427777485
4.830169360036962, 0.0, 0.0, 0.0003662109375, 0.00885009765625, -0.2578125, 0.96612548828125, -29.882976290773897, -29.324201427777485
4.8401338930707425, 0.0, 0.0, 0.0003662109375, 0.00885009765625, -0.2578125, 0.96612548828125, -29.882976290773897, -29.324201427777485
4.850333970040083, 0.0, 0.0, 0.00048828125, 0.01007080078125, -0.2584228515625, 0.9659423828125, -29.95601892901908, -29.324201427777485
4.860184038057923, 0.0, 0.0, 0.00048828125, 0.01007080078125, -0.2584228515625, 0.9659423828125, -29.95601892901908, -29.324201427777485
4.870166238048114, 0.0, 0.0, 0.00048828125, 0.01007080078125, -0.2584228515625, 0.9659423828125, -29.95601892901908, -30.07373955710551
4.880195835023187, 0.0, 0.0, 0.00048828125, 0.01007080078125, -0.2584228515625, 0.9659423828125, -29.95601892901908, -30.07373955710551
4.890436956076883, 0.0, 0.0, -0.000244140625, 0.01123046875, -0.2589111328125, 0.9658203125, -30.016350203002336, -30.07373955710551
4.900181940058246, 0.0, 0.0, -0.000244140625, 0.01123046875, -0.2589111328125, 0.9658203125, -30.016350203002336, -30.07373955710551
4.910723305074498, 0.0, 0.0, -0.00091552734375, 0.01177978515625, -0.259521484375, 0.96563720703125, -30.016350203002336, -30.07373955710551
4.920291273039766, 0.0, 0.0, -0.00091552734375, 0.01177978515625, -0.259521484375, 0.96563720703125, -30.089806256283584, -30.07373955710551
4.930365112028085, 0.0, 0.0, -0.00091552734375, 0.01177978515625, -0.259521484375, 0.96563720703125, -30.089806256283584, -30.07373955710551
4.9401817850302905, 0.0, 0.0, -0.00091552734375, 0.01177978515625, -0.259521484375, 0.96563720703125, -30.089806256283584, -30.07373955710551
4.950409481069073, 0.0, 0.0, -0.00091552734375, 0.01177978515625, -0.259521484375, 0.96563720703125, -30.089806256283584, -30.07373955710551
4.960419816081412, 0.0, 0.0, -0.00042724609375, 0.01171875, -0.26025390625, 0.9654541015625, -30.176443350350674, -30.07373955710551
4.970229853061028, 0.0, 0.0, -0.00042724609375, 0.01171875, -0.26025390625, 0.9654541015625, -30.176443350350674, -30.07373955710551
4.98029730503913, 0.0, 0.0, -0.00042724609375, 0.01171875, -0.26025390625, 0.9654541015625, -30.176443350350674, -30.07373955710551
4.99049131909851, 0.0, 0.0, 0.0006103515625, 0.01141357421875, -0.2607421875, 0.96527099609375, -30.231488411244655, -30.07373955710551
5.00057288701646, 0.0, 0.0, 0.0006103515625, 0.01141357421875, -0.2607421875, 0.96527099609375, -30.231488411244655, -30.07373955710551
5.010373939061537, 0.0, 0.0, 0.00201416015625, 0.011474609375, -0.2611083984375, 0.9652099609375, -30.274428957149762, -30.07373955710551
5.020527153043076, 0.0, 0.0, 0.00201416015625, 0.011474609375, -0.2611083984375, 0.9652099609375, -30.274428957149762, -30.07373955710551
5.03069080109708, 0.0, 0.0, 0.00201416015625, 0.011474609375, -0.2611083984375, 0.9652099609375, -30.274428957149762, -30.07373955710551
5.040199322043918, 0.0, 0.0, 0.00201416015625, 0.011474609375, -0.2611083984375, 0.9652099609375, -30.274428957149762, -30.07373955710551
5.050115510006435, 0.0, 0.0, 0.00201416015625, 0.011474609375, -0.2611083984375, 0.9652099609375, -30.274428957149762, -30.07373955710551
5.060228727990761, 0.0, 0.0, 0.00421142578125, 0.01220703125, -0.26123046875, 0.96514892578125, -30.28640058550943, -30.07373955710551
5.070563423098065, 0.0, 0.0, 0.00421142578125, 0.01220703125, -0.26123046875, 0.96514892578125, -30.28640058550943, -30.294880591863016
5.080387348076329, 0.0, 0.0, 0.00421142578125, 0.01220703125, -0.26123046875, 0.96514892578125, -30.28640058550943, -30.294880591863016
5.090172815020196, 0.0, 0.0, 0.0048828125, 0.01300048828125, -0.26129150390625, 0.96514892578125, -30.29403719930777, -30.294880591863016
5.100714566069655, 0.0, 0.0, 0.0048828125, 0.01300048828125, -0.26129150390625, 0.96514892578125, -30.29403719930777, -30.294880591863016
5.110612264019437, 0.0, 0.0, 0.0048828125, 0.01300048828125, -0.26129150390625, 0.96514892578125, -30.29403719930777, -30.294880591863016
5.1205019450280815, 0.0, 0.0, 0.005126953125, 0.01361083984375, -0.26123046875, 0.96514892578125, -30.2866771965101, -30.294880591863016
5.13020596804563, 0.0, 0.0, 0.005126953125, 0.01361083984375, -0.26123046875, 0.96514892578125, -30.2866771965101, -30.294880591863016
5.140279652085155, 0.0, 0.0, 0.005126953125, 0.01361083984375, -0.26123046875, 0.96514892578125, -30.2866771965101, -30.294880591863016
5.150171942077577, 0.0, 0.0, 0.005126953125, 0.01361083984375, -0.26123046875, 0.96514892578125, -30.2866771965101, -30.294880591863016
5.160662219044752, 0.0, 0.0, 0.0057373046875, 0.014404296875, -0.2615966796875, 0.96502685546875, -30.329589393922465, -30.294880591863016
5.170215425081551, 0.0, 0.0, 0.0057373046875, 0.014404296875, -0.2615966796875, 0.96502685546875, -30.329589393922465, -30.294880591863016
5.180176043068059, 0.0, 0.0, 0.0057373046875, 0.014404296875, -0.2615966796875, 0.96502685546875, -30.329589393922465, -30.294880591863016
5.190198766067624, 0.0, 0.0, 0.0057373046875, 0.014404296875, -0.2615966796875, 0.96502685546875, -30.329589393922465, -30.294880591863016
5.200684723095037, 0.0, 0.0, 0.0057373046875, 0.01434326171875, -0.2618408203125, 0.9649658203125, -30.358653390313396, -30.294880591863016
5.210189991048537, 0.0, 0.0, 0.0057373046875, 0.01434326171875, -0.2618408203125, 0.9649658203125, -30.358653390313396, -30.294880591863016
5.220202998025343, 0.0, 0.0, 0.0048828125, 0.01385498046875, -0.26220703125, 0.96484375, -30.4022146391911, -30.294880591863016
5.230485146050341, 0.0, 0.0, 0.0048828125, 0.01385498046875, -0.26220703125, 0.96484375, -30.4022146391911, -30.294880591863016
5.240270337089896, 0.0, 0.0, 0.0048828125, 0.01385498046875, -0.26220703125, 0.96484375, -30.4022146391911, -30.294880591863016
5.250433130073361, 0.0, 0.0, 0.0048828125, 0.01385498046875, -0.26220703125, 0.96484375, -30.4022146391911, -30.294880591863016
5.2604268960421905, 0.0, 0.0, 0.0048828125, 0.01385498046875, -0.26220703125, 0.96484375, -30.4022146391911, -30.294880591863016
5.270500490092672, 0.0, 0.0, 0.00274658203125, 0.01239013671875, -0.2628173828125, 0.9647216796875, -30.47694833190714, -30.50182849352523
5.280499518034048, 0.0, 0.0, 0.00274658203125, 0.01239013671875, -0.2628173828125, 0.9647216796875, -30.47694833190714, -30.50182849352523
5.290516140055843, 0.0, 0.0, 0.0008544921875, 0.010986328125, -0.26300048828125, 0.9647216796875, -30.50052147482019, -30.50182849352523
5.300183702027425, 0.0, 0.0, 0.0008544921875, 0.010986328125, -0.26300048828125, 0.9647216796875, -30.50052147482019, -30.50182849352523
5.310304344049655, 0.0, 0.0, 0.0008544921875, 0.010986328125, -0.26300048828125, 0.9647216796875, -30.50052147482019, -30.50182849352523
5.32019327103626, 0.0, 0.0, -0.00091552734375, 0.0093994140625, -0.26300048828125, 0.9647216796875, -30.50041649273601, -30.50182849352523
5.330198094015941, 0.0, 0.0, -0.00091552734375, 0.0093994140625, -0.26300048828125, 0.9647216796875, -30.50041649273601, -30.50182849352523
5.3401515550212935, 0.0, 0.0, -0.00091552734375, 0.0093994140625, -0.26300048828125, 0.9647216796875, -30.50041649273601, -30.50182849352523
5.350138286012225, 0.0, 0.0, -0.00091552734375, 0.0093994140625, -0.26300048828125, 0.9647216796875, -30.50041649273601, -30.50182849352523
5.360288857016712, 0.0, 0.0, -0.00341796875, 0.0078125, -0.26300048828125, 0.9647216796875, -30.50061478370762, -30.50182849352523
5.3704114510910586, 0.0, 0.0, -0.00341796875, 0.0078125, -0.26300048828125, 0.9647216796875, -30.50061478370762, -30.50182849352523
5.3802077260334045, 0.0, 0.0, -0.00341796875, 0.0078125, -0.26300048828125, 0.9647216796875, -30.50061478370762, -30.50182849352523
5.390476300031878, 0.0, 0.0, -0.00482177734375, 0.006591796875, -0.26287841796875, 0.96478271484375, -30.486316248950107, -30.50182849352523
5.400285312091, 0.0, 0.0, -0.00482177734375, 0.006591796875, -0.26287841796875, 0.96478271484375, -30.486316248950107, -30.50182849352523
5.410525316023268, 0.0, 0.0, -0.00567626953125, 0.00555419921875, -0.26275634765625, 0.96478271484375, -30.47019741244919, -30.50182849352523
5.420235353056341, 0.0, 0.0, -0.00567626953125, 0.00555419921875, -0.26275634765625, 0.96478271484375, -30.47019741244919, -30.50182849352523
5.430227408069186, 0.0, 0.0, -0.00567626953125, 0.00555419921875, -0.26275634765625, 0.96478271484375, -30.47019741244919, -30.50182849352523
5.440160485100932, 0.0, 0.0, -0.00567626953125, 0.00555419921875, -0.26275634765625, 0.96478271484375, -30.47019741244919, -30.50182849352523
5.450504065025598, 0.0, 0.0, -0.00567626953125, 0.00555419921875, -0.26275634765625, 0.96478271484375, -30.47019741244919, -30.50182849352523
5.460366573068313, 0.0, 0.0, -0.00567626953125, 0.00555419921875, -0.26275634765625, 0.96478271484375, -30.47019741244919, -30.518596607937614
5.470157913048752, 0.0, 0.0, -0.00567626953125, 0.00421142578125, -0.26275634765625, 0.96478271484375, -30.468682609675525, -30.518596607937614
5.480145620065741, 0.0, 0.0, -0.00567626953125, 0.00421142578125, -0.26275634765625, 0.96478271484375, -30.468682609675525, -30.518596607937614
5.490250114002265, 0.0, 0.0, -0.00567626953125, 0.00421142578125, -0.26275634765625, 0.96478271484375, -30.468682609675525, -30.518596607937614
5.500374377006665, 0.0, 0.0, -0.00567626953125, 0.00396728515625, -0.26300048828125, 0.9647216796875, -30.497567218901054, -30.518596607937614
5.5101538189919665, 0.0, 0.0, -0.00567626953125, 0.00396728515625, -0.26300048828125, 0.9647216796875, -30.497567218901054, -30.518596607937614
5.520305509096943, 0.0, 0.0, -0.00543212890625, 0.00408935546875, -0.26324462890625, 0.96466064453125, -30.526735726201924, -30.518596607937614
5.530144905089401, 0.0, 0.0, -0.00543212890625, 0.00408935546875, -0.26324462890625, 0.96466064453125, -30.526735726201924, -30.518596607937614
5.540152346016839, 0.0, 0.0, -0.00543212890625, 0.00408935546875, -0.26324462890625, 0.96466064453125, -30.526735726201924, -30.518596607937614
5.550477212993428, 0.0, 0.0, -0.00543212890625, 0.00408935546875, -0.26324462890625, 0.96466064453125, -30.526735726201924, -30.518596607937614
5.560138150001876, 0.0, 0.0, -0.0045166015625, 0.00433349609375, -0.2635498046875, 0.964599609375, -30.563424083358914, -30.518596607937614
5.57014560000971, 0.0, 0.0, -0.0045166015625, 0.00433349609375, -0.2635498046875, 0.964599609375, -30.563424083358914, -30.518596607937614
5.580906346091069, 0.0, 0.0, -0.0045166015625, 0.00433349609375, -0.2635498046875, 0.964599609375, -30.563424083358914, -30.518596607937614
5.59017624205444, 0.0, 0.0, -0.0045166015625, 0.00433349609375, -0.2635498046875, 0.964599609375, -30.563424083358914, -30.518596607937614
5.600187278003432, 0.0, 0.0, -0.0045166015625, 0.00433349609375, -0.2635498046875, 0.964599609375, -30.563424083358914, -30.518596607937614
5.610165936057456, 0.0, 0.0, -0.0030517578125, 0.0047607421875, -0.26361083984375, 0.96453857421875, -30.5692495222886, -30.518596607937614
5.620181643054821, 0.0, 0.0, -0.0030517578125, 0.0047607421875, -0.26361083984375, 0.96453857421875, -30.5692495222886, -30.518596607937614
5.630394148058258, 0.0, 0.0, -0.0030517578125, 0.0047607421875, -0.26361083984375, 0.96453857421875, -30.5692495222886, -30.518596607937614
5.640129389008507, 0.0, 0.0, -0.00177001953125, 0.0057373046875, -0.2635498046875, 0.964599609375, -30.56331861462111, -30.518596607937614
5.650491923093796, 0.0, 0.0, -0.00177001953125, 0.0057373046875, -0.2635498046875, 0.964599609375, -30.56331861462111, -30.518596607937614
5.660169020993635, 0.0, 0.0, -0.0010986328125, 0.00714111328125, -0.2633056640625, 0.96466064453125, -30.53499546591582, -30.518596607937614
5.670284272055142, 0.0, 0.0, -0.0010986328125, 0.00714111328125, -0.2633056640625, 0.96466064453125, -30.53499546591582, -30.51362764531643
5.6802771229995415, 0.0, 0.0, -0.0010986328125, 0.00714111328125, -0.2633056640625, 0.96466064453125, -30.53499546591582, -30.51362764531643
5.69064129400067, 0.0, 0.0, -0.00103759765625, 0.008056640625, -0.26312255859375, 0.96466064453125, -30.512807633159888, -30.51362764531643
5.7002070060698316, 0.0, 0.0, -0.00103759765625, 0.008056640625, -0.26312255859375, 0.96466064453125, -30.512807633159888, -30.51362764531643
5.7104206720832735, 0.0, 0.0, -0.00103759765625, 0.008056640625, -0.26312255859375, 0.96466064453125, -30.512807633159888, -30.51362764531643
5.720390851027332, 0.0, 0.0, -0.000732421875, 0.008544921875, -0.2630615234375, 0.9647216796875, -30.506974999380155, -30.51362764531643
5.730190875008702, 0.0, 0.0, -0.000732421875, 0.008544921875, -0.2630615234375, 0.9647216796875, -30.506974999380155, -30.51362764531643
5.74041067098733, 0.0, 0.0, -0.000732421875, 0.008544921875, -0.2630615234375, 0.9647216796875, -30.506974999380155, -30.51362764531643
5.750624425010756, 0.0, 0.0, -0.000732421875, 0.008544921875, -0.2630615234375, 0.9647216796875, -30.506974999380155, -30.51362764531643
5.76022700604517, 0.0, 0.0, -0.000732421875, 0.008544921875, -0.2630615234375, 0.9647216796875, -30.506974999380155, -30.51362764531643
5.77019663003739, 0.0, 0.0, -0.000732421875, 0.0089111328125, -0.26312255859375, 0.96466064453125, -30.51347036107852, -30.51362764531643
5.780205805087462, 0.0, 0.0, -0.000732421875, 0.0089111328125, -0.26312255859375, 0.96466064453125, -30.51347036107852, -30.51362764531643
5.790213677100837, 0.0, 0.0, -0.00079345703125, 0.00885009765625, -0.26312255859375, 0.96466064453125, -30.513456198277662, -30.51362764531643
5.800144126988016, 0.0, 0.0, -0.00079345703125, 0.00885009765625, -0.26312255859375, 0.96466064453125, -30.513456198277662, -30.51362764531643
5.8102007349953055, 0.0, 0.0, -0.000732421875, 0.00885009765625, -0.26312255859375, 0.96466064453125, -30.513402863730704, -30.51362764531643
5.820136085036211, 0.0, 0.0, -0.000732421875, 0.00885009765625, -0.26312255859375, 0.96466064453125, -30.513402863730704, -30.51362764531643
5.830349283060059, 0.0, 0.0, -0.000732421875, 0.00885009765625, -0.26312255859375, 0.96466064453125, -30.513402863730704, -30.51362764531643
5.84008489002008, 0.0, 0.0, -0.000732421875, 0.00885009765625, -0.26312255859375, 0.96466064453125, -30.513402863730704, -30.51362764531643
5.850166249088943, 0.0, 0.0, -0.000732421875, 0.00885009765625, -0.26312255859375, 0.96466064453125, -30.513402863730704, -30.51362764531643
5.860184153076261, 0.0, 0.0, -0.000732421875, 0.00885009765625, -0.26312255859375, 0.96466064453125, -30.513402863730704, -30.502323682240057
5.870172950089909, 0.0, 0.0, -0.0008544921875, 0.0089111328125, -0.26312255859375, 0.96466064453125, -30.513577765882822, -30.502323682240057
5.880169308045879, 0.0, 0.0, -0.0008544921875, 0.0089111328125, -0.26312255859375, 0.96466064453125, -30.513577765882822, -30.502323682240057
5.890220224042423, 0.0, 0.0, -0.0008544921875, 0.0089111328125, -0.26312255859375, 0.96466064453125, -30.513577765882822, -30.502323682240057
5.900643345084973, 0.0, 0.0, -0.00103759765625, 0.008544921875, -0.26300048828125, 0.9647216796875, -30.499550332098515, -30.502323682240057
5.910215007024817, 0.0, 0.0, -0.00103759765625, 0.008544921875, -0.26300048828125, 0.9647216796875, -30.499550332098515, -30.502323682240057
5.920479944092222, 0.0, 0.0, -0.00103759765625, 0.008544921875, -0.26300048828125, 0.9647216796875, -30.499550332098515, -30.502323682240057
5.930169060011394, 0.0, 0.0, -0.0009765625, 0.0081787109375, -0.26300048828125, 0.9647216796875, -30.499107283722232, -30.502323682240057
5.940300223999657, 0.0, 0.0, -0.0009765625, 0.0081787109375, -0.26300048828125, 0.9647216796875, -30.499107283722232, -30.502323682240057
5.950434803031385, 0.0, 0.0, -0.0009765625, 0.0081787109375, -0.26300048828125, 0.9647216796875, -30.499107283722232, -30.502323682240057
5.960480583016761, 0.0, 0.0, -0.00048828125, 0.0074462890625, -0.262939453125, 0.9647216796875, -30.490330374144282, -30.502323682240057
5.970164655009285, 0.0, 0.0, -0.00048828125, 0.0074462890625, -0.262939453125, 0.9647216796875, -30.490330374144282, -30.502323682240057
5.980412850040011, 0.0, 0.0, -0.00048828125, 0.0074462890625, -0.262939453125, 0.9647216796875, -30.490330374144282, -30.502323682240057
5.990557437995449, 0.0, 0.0, 0.00048828125, 0.0074462890625, -0.2628173828125, 0.96478271484375, -30.475834425639146, -30.502323682240057
6.000844734022394, 0.0, 0.0, 0.00048828125, 0.0074462890625, -0.2628173828125, 0.96478271484375, -30.475834425639146, -30.502323682240057
6.010258447029628, 0.0, 0.0, 0.00048828125, 0.0074462890625, -0.2628173828125, 0.96478271484375, -30.475834425639146, -30.502323682240057
6.020132663077675, 0.0, 0.0, 0.001708984375, 0.007568359375, -0.2628173828125, 0.96478271484375, -30.47502254023983, -30.502323682240057
6.030294985044748, 0.0, 0.0, 0.001708984375, 0.007568359375, -0.2628173828125, 0.96478271484375, -30.47502254023983, -30.502323682240057
6.040180810028687, 0.0, 0.0, 0.001708984375, 0.007568359375, -0.2628173828125, 0.96478271484375, -30.47502254023983, -30.502323682240057
6.050208766013384, 0.0, 0.0, 0.001708984375, 0.007568359375, -0.2628173828125, 0.96478271484375, -30.47502254023983, -30.502323682240057
6.06034934904892, 0.0, 0.0, 0.001708984375, 0.007568359375, -0.2628173828125, 0.96478271484375, -30.47502254023983, -30.523780721517653
6.07053937704768, 0.0, 0.0, 0.00335693359375, 0.00775146484375, -0.26300048828125, 0.9647216796875, -30.495353049101677, -30.523780721517653
6.080283681047149, 0.0, 0.0, 0.00335693359375, 0.00775146484375, -0.26300048828125, 0.9647216796875, -30.495353049101677, -30.523780721517653
6.090393238002434, 0.0, 0.0, 0.00335693359375, 0.00775146484375, -0.26300048828125, 0.9647216796875, -30.495353049101677, -30.523780721517653
6.100187033065595, 0.0, 0.0, 0.0042724609375, 0.007568359375, -0.26318359375, 0.96466064453125, -30.516028303461134, -30.523780721517653
6.110161477001384, 0.0, 0.0, 0.0042724609375, 0.007568359375, -0.26318359375, 0.96466064453125, -30.516028303461134, -30.523780721517653
6.120173603063449, 0.0, 0.0, 0.0045166015625, 0.00750732421875, -0.26324462890625, 0.96466064453125, -30.523502688841056, -30.523780721517653
6.130360623006709, 0.0, 0.0, 0.0045166015625, 0.00750732421875, -0.26324462890625, 0.96466064453125, -30.523502688841056, -30.523780721517653
6.140168674988672, 0.0, 0.0, 0.0045166015625, 0.00750732421875, -0.26324462890625, 0.96466064453125, -30.523502688841056, -30.523780721517653
6.150358281098306, 0.0, 0.0, 0.0045166015625, 0.00750732421875, -0.26324462890625, 0.96466064453125, -30.523502688841056, -30.523780721517653
6.160259560099803, 0.0, 0.0, 0.0040283203125, 0.0076904296875, -0.271484375, 0.96234130859375, -31.50305121042604, -30.523780721517653
6.1705960660474375, 0.0, 0.0, 0.0040283203125, 0.0076904296875, -0.271484375, 0.96234130859375, -31.50305121042604, -30.523780721517653
6.1803529870230705, 0.0, 0.0, 0.0040283203125, 0.0076904296875, -0.271484375, 0.96234130859375, -31.50305121042604, -30.523780721517653
6.190129967988469, 0.0, 0.0, 0.00341796875, 0.0074462890625, -0.2713623046875, 0.96240234375, -31.489541024163888, -30.523780721517653
6.200218009995297, 0.0, 0.0, 0.00341796875, 0.0074462890625, -0.2713623046875, 0.96240234375, -31.489541024163888, -30.523780721517653
6.210307814064436, 0.0, 0.0, 0.00299072265625, 0.006591796875, -0.27117919921875, 0.96246337890625, -31.46783258794637, -30.523780721517653
6.220273687038571, 0.0, 0.0, 0.00299072265625, 0.006591796875, -0.27117919921875, 0.96246337890625, -31.46783258794637, -30.523780721517653
6.230189435998909, 0.0, 0.0, 0.00299072265625, 0.006591796875, -0.27117919921875, 0.96246337890625, -31.46783258794637, -30.523780721517653
6.2401568160858005, 0.0, 0.0, 0.00299072265625, 0.006591796875, -0.27117919921875, 0.96246337890625, -31.46783258794637, -30.523780721517653
6.250207254081033, 0.0, 0.0, 0.00286865234375, 0.0052490234375, -0.27093505859375, 0.9625244140625, -31.43806687689382, -30.523780721517653
6.260128560010344, 0.0, 0.0, 0.00286865234375, 0.0052490234375, -0.27093505859375, 0.9625244140625, -31.43806687689382, -31.393291123616958
6.27044435904827, 0.0, 0.0, 0.00286865234375, 0.0052490234375, -0.27093505859375, 0.9625244140625, -31.43806687689382, -31.393291123616958
6.2803922990569845, 0.0, 0.0, 0.00286865234375, 0.0052490234375, -0.27093505859375, 0.9625244140625, -31.43806687689382, -31.393291123616958
6.290220139082521, 0.0, 0.0, 0.00384521484375, 0.00469970703125, -0.2706298828125, 0.962646484375, -31.402076156737234, -31.393291123616958
6.300378176034428, 0.0, 0.0, 0.00384521484375, 0.00469970703125, -0.2706298828125, 0.962646484375, -31.402076156737234, -31.393291123616958
6.310195974074304, 0.0, 0.0, 0.005126953125, 0.0045166015625, -0.2705078125, 0.962646484375, -31.38603931046158, -31.393291123616958
6.3201946440385655, 0.0, 0.0, 0.005126953125, 0.0045166015625, -0.2705078125, 0.962646484375, -31.38603931046158, -31.393291123616958
6.33018124406226, 0.0, 0.0, 0.005126953125, 0.0045166015625, -0.2705078125, 0.962646484375, -31.38603931046158, -31.393291123616958
6.34024569101166, 0.0, 0.0, 0.005126953125, 0.0045166015625, -0.2705078125, 0.962646484375, -31.38603931046158, -31.393291123616958
6.350741637987085, 0.0, 0.0, 0.005126953125, 0.0045166015625, -0.2705078125, 0.962646484375, -31.38603931046158, -31.393291123616958
6.360178936040029, 0.0, 0.0, 0.0048828125, 0.00469970703125, -0.27032470703125, 0.96270751953125, -31.36461967465376, -31.393291123616958
6.370590100064874, 0.0, 0.0, 0.0048828125, 0.00469970703125, -0.27032470703125, 0.96270751953125, -31.36461967465376, -31.393291123616958
6.380192471086048, 0.0, 0.0, 0.0048828125, 0.00469970703125, -0.27032470703125, 0.96270751953125, -31.36461967465376, -31.393291123616958
6.390261655091308, 0.0, 0.0, 0.00299072265625, 0.0050048828125, -0.270263671875, 0.96270751953125, -31.357859264779382, -31.393291123616958
6.400317187071778, 0.0, 0.0, 0.00299072265625, 0.0050048828125, -0.270263671875, 0.96270751953125, -31.357859264779382, -31.393291123616958
6.410216091084294, 0.0, 0.0, 0.00299072265625, 0.0050048828125, -0.270263671875, 0.96270751953125, -31.357859264779382, -31.393291123616958
6.420422101044096, 0.0, 0.0, 0.0, 0.0054931640625, -0.2703857421875, 0.96270751953125, -31.375065796683323, -31.393291123616958
6.43021324404981, 0.0, 0.0, 0.0, 0.0054931640625, -0.2703857421875, 0.96270751953125, -31.375065796683323, -31.393291123616958
6.440191087080166, 0.0, 0.0, 0.0, 0.0054931640625, -0.2703857421875, 0.96270751953125, -31.375065796683323, -31.393291123616958
6.450570455053821, 0.0, 0.0, 0.0, 0.0054931640625, -0.2703857421875, 0.96270751953125, -31.375065796683323, -31.393291123616958
6.460188789991662, 0.0, 0.0, 0.0, 0.0054931640625, -0.2703857421875, 0.96270751953125, -31.375065796683323, -31.304713815365645
6.470160366035998, 0.0, 0.0, -0.0037841796875, 0.0062255859375, -0.27032470703125, 0.96270751953125, -31.37016479286134, -31.304713815365645
6.480265884078108, 0.0, 0.0, -0.0037841796875, 0.0062255859375, -0.27032470703125, 0.96270751953125, -31.37016479286134, -31.304713815365645
6.490281212027185, 0.0, 0.0, -0.00567626953125, 0.0067138671875, -0.27001953125, 0.9627685546875, -31.33499386508679, -31.304713815365645
6.500297278049402, 0.0, 0.0, -0.00567626953125, 0.0067138671875, -0.27001953125, 0.9627685546875, -31.33499386508679, -31.304713815365645
6.51061939203646, 0.0, 0.0, -0.00714111328125, 0.00762939453125, -0.2696533203125, 0.96282958984375, -31.292699762869535, -31.304713815365645
6.520210630027577, 0.0, 0.0, -0.00714111328125, 0.00762939453125, -0.2696533203125, 0.96282958984375, -31.292699762869535, -31.304713815365645
6.530218912055716, 0.0, 0.0, -0.00714111328125, 0.00762939453125, -0.2696533203125, 0.96282958984375, -31.292699762869535, -31.304713815365645
6.540249998099171, 0.0, 0.0, -0.00714111328125, 0.00762939453125, -0.2696533203125, 0.96282958984375, -31.292699762869535, -31.304713815365645
6.5504715100396425, 0.0, 0.0, -0.00714111328125, 0.00762939453125, -0.2696533203125, 0.96282958984375, -31.292699762869535, -31.304713815365645
6.560169837088324, 0.0, 0.0, -0.0084228515625, 0.0089111328125, -0.2696533203125, 0.96282958984375, -31.295976641564792, -31.304713815365645
6.570123912068084, 0.0, 0.0, -0.0084228515625, 0.0089111328125, -0.2696533203125, 0.96282958984375, -31.295976641564792, -31.304713815365645
6.580319168046117, 0.0, 0.0, -0.0084228515625, 0.0089111328125, -0.2696533203125, 0.96282958984375, -31.295976641564792, -31.304713815365645
6.590138294035569, 0.0, 0.0, -0.0084228515625, 0.0089111328125, -0.2696533203125, 0.96282958984375, -31.295976641564792, -31.304713815365645
6.600261282990687, 0.0, 0.0, -0.0087890625, 0.00958251953125, -0.26983642578125, 0.9627685546875, -31.319145941080833, -31.304713815365645
6.610223318100907, 0.0, 0.0, -0.0087890625, 0.00958251953125, -0.26983642578125, 0.9627685546875, -31.319145941080833, -31.304713815365645
6.620262601994909, 0.0, 0.0, -0.00836181640625, 0.009765625, -0.27001953125, 0.96270751953125, -31.340640861447252, -31.304713815365645
6.630136933992617, 0.0, 0.0, -0.00836181640625, 0.009765625, -0.27001953125, 0.96270751953125, -31.340640861447252, -31.304713815365645
6.640174543019384, 0.0, 0.0, -0.00836181640625, 0.009765625, -0.27001953125, 0.96270751953125, -31.340640861447252, -31.304713815365645
6.650502311997116, 0.0, 0.0, -0.00836181640625, 0.009765625, -0.27001953125, 0.96270751953125, -31.340640861447252, -31.304713815365645
6.660705873044208, 0.0, 0.0, -0.00836181640625, 0.009765625, -0.27001953125, 0.96270751953125, -31.340640861447252, -27.726758492242194
6.670179753098637, 0.0, 0.0, -0.00653076171875, 0.00921630859375, -0.2698974609375, 0.9627685546875, -31.324098632502853, -27.726758492242194
6.680171638028696, 0.0, 0.0, -0.00653076171875, 0.00921630859375, -0.2698974609375, 0.9627685546875, -31.324098632502853, -27.726758492242194
6.690558381029405, 0.0, 0.0, -0.004638671875, 0.00811767578125, -0.26953125, 0.962890625, -31.27769254449534, -27.726758492242194
6.70017829106655, 0.0, 0.0, -0.004638671875, 0.00811767578125, -0.26953125, 0.962890625, -31.27769254449534, -27.726758492242194
6.710333893075585, 0.0, 0.0, -0.004638671875, 0.00811767578125, -0.26953125, 0.962890625, -31.27769254449534, -27.726758492242194
6.720182326040231, 0.0, 0.0, -0.00390625, 0.00701904296875, -0.239501953125, 0.9708251953125, -27.71798405251082, -27.726758492242194
6.730167730012909, 0.0, 0.0, -0.00390625, 0.00701904296875, -0.239501953125, 0.9708251953125, -27.71798405251082, -27.726758492242194
6.74012393807061, 0.0, 0.0, -0.00390625, 0.00701904296875, -0.239501953125, 0.9708251953125, -27.71798405251082, -27.726758492242194
6.750393862021156, 0.0, 0.0, -0.00244140625, 0.0057373046875, -0.2398681640625, 0.97076416015625, -27.75969124091532, -27.726758492242194
6.76017441903241, 0.0, 0.0, -0.00244140625, 0.0057373046875, -0.2398681640625, 0.97076416015625, -27.75969124091532, -27.726758492242194
6.77019321906846, 0.0, 0.0, -0.00244140625, 0.0057373046875, -0.2398681640625, 0.97076416015625, -27.75969124091532, -27.726758492242194
6.780158476089127, 0.0, 0.0, -0.00244140625, 0.0057373046875, -0.2398681640625, 0.97076416015625, -27.75969124091532, -27.726758492242194
6.790268333046697, 0.0, 0.0, -0.00152587890625, 0.005126953125, -0.24005126953125, 0.970703125, -27.779940382662385, -27.726758492242194
6.800205031060614, 0.0, 0.0, -0.00152587890625, 0.005126953125, -0.24005126953125, 0.970703125, -27.779940382662385, -27.726758492242194
6.81018201506231, 0.0, 0.0, -0.00152587890625, 0.005126953125, -0.24005126953125, 0.970703125, -27.779940382662385, -27.726758492242194
6.820146848098375, 0.0, 0.0, -0.00115966796875, 0.0052490234375, -0.24017333984375, 0.970703125, -27.794977059085696, -27.726758492242194
6.830292646074668, 0.0, 0.0, -0.00115966796875, 0.0052490234375, -0.24017333984375, 0.970703125, -27.794977059085696, -27.726758492242194
6.840343379066326, 0.0, 0.0, -0.00115966796875, 0.0052490234375, -0.24017333984375, 0.970703125, -27.794977059085696, -27.726758492242194
6.850381610100158, 0.0, 0.0, -0.00115966796875, 0.0052490234375, -0.24017333984375, 0.970703125, -27.794977059085696, -27.726758492242194
6.860489680082537, 0.0, 0.0, -0.00115966796875, 0.0052490234375, -0.24017333984375, 0.970703125, -27.794977059085696, -27.726758492242194
6.870601474074647, 0.0, 0.0, -0.00018310546875, 0.005859375, -0.2406005859375, 0.9705810546875, -27.844874472485635, -27.726758492242194
6.880175502039492, 0.0, 0.0, -0.00018310546875, 0.005859375, -0.2406005859375, 0.9705810546875, -27.844874472485635, -27.89545904209963
6.890122793032788, 0.0, 0.0, 0.00042724609375, 0.0067138671875, -0.2408447265625, 0.97052001953125, -27.873864001558733, -27.89545904209963
6.9001450050855055, 0.0, 0.0, 0.00042724609375, 0.0067138671875, -0.2408447265625, 0.97052001953125, -27.873864001558733, -27.89545904209963
6.910328107071109, 0.0, 0.0, 0.00042724609375, 0.0067138671875, -0.2408447265625, 0.97052001953125, -27.873864001558733, -27.89545904209963
6.920189855038188, 0.0, 0.0, 0.0009765625, 0.0074462890625, -0.24102783203125, 0.970458984375, -27.895214159922705, -27.89545904209963
6.930225407006219, 0.0, 0.0, 0.0009765625, 0.0074462890625, -0.24102783203125, 0.970458984375, -27.895214159922705, -27.89545904209963
6.940185077022761, 0.0, 0.0, 0.0009765625, 0.0074462890625, -0.24102783203125, 0.970458984375, -27.895214159922705, -27.89545904209963
6.950487485039048, 0.0, 0.0, 0.0009765625, 0.0074462890625, -0.24102783203125, 0.970458984375, -27.895214159922705, -27.89545904209963
6.960198954096995, 0.0, 0.0, 0.00201416015625, 0.00860595703125, -0.24127197265625, 0.97039794921875, -27.924014441552174, -27.89545904209963
6.9702027790481225, 0.0, 0.0, 0.00201416015625, 0.00860595703125, -0.24127197265625, 0.97039794921875, -27.924014441552174, -27.89545904209963
6.980360652087256, 0.0, 0.0, 0.00201416015625, 0.00860595703125, -0.24127197265625, 0.97039794921875, -27.924014441552174, -27.89545904209963
6.990159893990494, 0.0, 0.0, 0.00201416015625, 0.00860595703125, -0.24127197265625, 0.97039794921875, -27.924014441552174, -27.89545904209963
7.000479969079606, 0.0, 0.0, 0.00274658203125, 0.0091552734375, -0.241455078125, 0.9703369140625, -27.94499271609648, -27.89545904209963
