time, reference_yaw, command_yaw, quaternion_x, quaternion_y, quaternion_z, quaternion_w, yaw, yaw_slow
0.0, 0.0, 0.0, 0.0, 0.0, 0.0, 1.0, 0.0, 0.0
0.010959662962704897, 200.0, 200.0, 0.005126953125, -0.00286865234375, -0.181640625, 0.98333740234375, -20.93204723599802, -21.054597701508737
0.020266926963813603, 200.0, 200.0, 0.005126953125, -0.00286865234375, -0.181640625, 0.98333740234375, -20.93204723599802, -21.054597701508737
0.03062475100159645, 200.0, 200.0, 0.005126953125, -0.00286865234375, -0.181640625, 0.98333740234375, -20.93204723599802, -20.91412461594367
0.04043860093224794, 200.0, 200.0, 0.00384521484375, -0.00213623046875, -0.181396484375, 0.98333740234375, -20.901878582065343, -20.91412461594367
0.05020756390877068, 200.0, 200.0, 0.00384521484375, -0.00213623046875, -0.181396484375, 0.98333740234375, -20.901878582065343, -20.91412461594367
0.06016293296124786, 200.0, 200.0, 0.0028076171875, -0.00146484375, -0.18145751953125, 0.98333740234375, -20.908671130005402, -20.91412461594367
0.07022019196301699, 200.0, 200.0, 0.0028076171875, -0.00146484375, -0.18145751953125, 0.98333740234375, -20.908671130005402, -20.91412461594367
0.08019870799034834, 200.0, 200.0, 0.0028076171875, -0.00146484375, -0.18145751953125, 0.98333740234375, -20.908671130005402, -20.91412461594367
0.09047237993218005, 200.0, 200.0, 0.0028076171875, -0.00146484375, -0.18145751953125, 0.98333740234375, -20.908671130005402, -20.91412461594367
0.1001837159274146, 200.0, 200.0, 0.0028076171875, -0.00146484375, -0.18145751953125, 0.98333740234375, -20.908671130005402, -20.91412461594367
0.11024539393838495, 200.0, 200.0, 0.00201416015625, -0.00067138671875, -0.18145751953125, 0.98333740234375, -20.90830631581014, -20.91412461594367
0.12040310795418918, 200.0, 200.0, 0.00201416015625, -0.00067138671875, -0.18145751953125, 0.98333740234375, -20.90830631581014, -20.91412461594367
0.13063208491075784, 200.0, 200.0, 0.0015869140625, -0.0003662109375, -0.1815185546875, 0.98333740234375, -20.915541562811512, -20.91412461594367
0.14072744094301015, 200.0, 200.0, 0.0015869140625, -0.0003662109375, -0.1815185546875, 0.98333740234375, -20.915541562811512, -20.91412461594367
0.15039071696810424, 200.0, 200.0, 0.0015869140625, -0.0003662109375, -0.1815185546875, 0.98333740234375, -20.915541562811512, -20.91412461594367
0.16063335095532238, 200.0, 200.0, 0.0015869140625, -0.0003662109375, -0.1815185546875, 0.98333740234375, -20.915541562811512, -20.91412461594367
0.17020153591874987, 200.0, 200.0, 0.0008544921875, -0.00030517578125, -0.1815185546875, 0.98333740234375, -20.915505593024037, -20.91412461594367
0.1811138599878177, 200.0, 200.0, 0.0008544921875, -0.00030517578125, -0.1815185546875, 0.98333740234375, -20.915505593024037, -20.91412461594367
0.19033106393180788, 200.0, 200.0, 0.0008544921875, -0.00030517578125, -0.1815185546875, 0.98333740234375, -20.915505593024037, -20.91412461594367
0.20018677995540202, 200.0, 200.0, 0.0008544921875, -0.00030517578125, -0.1815185546875, 0.98333740234375, -20.915505593024037, -20.91412461594367
0.2101806899299845, 200.0, 200.0, -0.0001220703125, 0.0001220703125, -0.1795654296875, 0.98370361328125, -20.68808232570116, -20.91412461594367
0.22026561689563096, 200.0, 200.0, -0.0001220703125, 0.0001220703125, -0.1795654296875, 0.98370361328125, -20.68808232570116, -20.91412461594367
0.23021640093065798, 200.0, 200.0, -0.00067138671875, 0.0006103515625, -0.1759033203125, 0.984375, -20.261905359566942, -19.070321879687896
0.24020853894762695, 200.0, 200.0, -0.00067138671875, 0.0006103515625, -0.1759033203125, 0.984375, -20.261905359566942, -19.070321879687896
0.25018891890067607, 200.0, 200.0, -0.00067138671875, 0.0006103515625, -0.1759033203125, 0.984375, -20.261905359566942, -19.070321879687896
0.260367986978963, 200.0, 200.0, -0.00115966796875, 0.00146484375, -0.16754150390625, 0.98583984375, -19.28962377457134, -19.070321879687896
0.27037744992412627, 200.0, 200.0, -0.00115966796875, 0.00146484375, -0.16754150390625, 0.98583984375, -19.28962377457134, -19.070321879687896
0.2802819350035861, 200.0, 200.0, -0.00115966796875, 0.00146484375, -0.16754150390625, 0.98583984375, -19.28962377457134, -19.070321879687896
0.290161044918932, 200.0, 200.0, -0.00115966796875, 0.00146484375, -0.16754150390625, 0.98583984375, -19.28962377457134, -19.070321879687896
0.3004432088928297, 200.0, 200.0, -0.0020751953125, 0.00225830078125, -0.14886474609375, 0.98883056640625, -17.122530450330313, -19.070321879687896
0.3101493089925498, 200.0, 200.0, -0.0020751953125, 0.00225830078125, -0.14886474609375, 0.98883056640625, -17.122530450330313, -19.070321879687896
0.3201850549085066, 200.0, 200.0, -0.0020751953125, 0.00225830078125, -0.14886474609375, 0.98883056640625, -17.122530450330313, -19.070321879687896
0.3305419199168682, 200.0, 200.0, -0.0028076171875, 0.0023193359375, -0.13299560546875, 0.9910888671875, -15.285937000152396, -19.070321879687896
0.340222128899768, 200.0, 200.0, -0.0028076171875, 0.0023193359375, -0.13299560546875, 0.9910888671875, -15.285937000152396, -19.070321879687896
0.35016544989775866, 200.0, 200.0, -0.0028076171875, 0.0023193359375, -0.13299560546875, 0.9910888671875, -15.285937000152396, -19.070321879687896
0.3603162319632247, 200.0, 200.0, -0.0028076171875, 0.0023193359375, -0.13299560546875, 0.9910888671875, -15.285937000152396, -19.070321879687896
0.3707664859248325, 200.0, 200.0, -0.00372314453125, 0.0020751953125, -0.1097412109375, 0.993896484375, -12.600985290479075, -19.070321879687896
0.38045811490155756, 200.0, 200.0, -0.00372314453125, 0.0020751953125, -0.1097412109375, 0.993896484375, -12.600985290479075, -19.070321879687896
0.3901564358966425, 200.0, 200.0, -0.00372314453125, 0.0020751953125, -0.1097412109375, 0.993896484375, -12.600985290479075, -19.070321879687896
0.40016071393620223, 200.0, 200.0, -0.00372314453125, 0.0020751953125, -0.1097412109375, 0.993896484375, -12.600985290479075, -19.070321879687896
0.41023949498776346, 200.0, 200.0, -0.0048828125, 0.00091552734375, -0.06201171875, 0.998046875, -7.110900662824347, -19.070321879687896
0.420257490943186, 200.0, 200.0, -0.0048828125, 0.00091552734375, -0.06201171875, 0.998046875, -7.110900662824347, -19.070321879687896
0.43034976394847035, 200.0, 200.0, -0.0048828125, 0.00091552734375, -0.06201171875, 0.998046875, -7.110900662824347, -19.070321879687896
0.4402548299403861, 200.0, 200.0, -0.0048828125, 0.00091552734375, -0.06201171875, 0.998046875, -7.110900662824347, 0.818218349475152
0.45038516889326274, 200.0, 200.0, -0.005615234375, 0.00018310546875, -0.02886962890625, 0.99951171875, -3.3085573121726854, 0.818218349475152
0.46022576198447496, 200.0, 200.0, -0.005615234375, 0.00018310546875, -0.02886962890625, 0.99951171875, -3.3085573121726854, 0.818218349475152
0.4701958169462159, 200.0, 200.0, -0.005615234375, 0.00018310546875, -0.02886962890625, 0.99951171875, -3.3085573121726854, 0.818218349475152
0.48058938595931977, 200.0, 200.0, -0.00628662109375, -0.00042724609375, 0.0133056640625, 0.9998779296875, 1.5250188848362551, 0.818218349475152
0.49017012189142406, 200.0, 200.0, -0.00628662109375, -0.00042724609375, 0.0133056640625, 0.9998779296875, 1.5250188848362551, 0.818218349475152
0.5006166669772938, 200.0, 200.0, -0.00628662109375, -0.00042724609375, 0.0133056640625, 0.9998779296875, 1.5250188848362551, 0.818218349475152
0.5102130000013858, 200.0, 200.0, -0.00628662109375, -0.00042724609375, 0.0133056640625, 0.9998779296875, 1.5250188848362551, 0.818218349475152
0.5203319999855012, 200.0, 200.0, -0.00714111328125, -0.00091552734375, 0.05169677734375, 0.99859619140625, 5.927018657905538, 0.818218349475152
0.5301331399241462, 200.0, 200.0, -0.00714111328125, -0.00091552734375, 0.05169677734375, 0.99859619140625, 5.927018657905538, 0.818218349475152
0.5404143919004127, 200.0, 200.0, -0.008056640625, -0.00115966796875, 0.09173583984375, 0.9957275390625, 10.527456791906497, 0.818218349475152
0.5503192018950358, 200.0, 200.0, -0.008056640625, -0.00115966796875, 0.09173583984375, 0.9957275390625, 10.527456791906497, 0.818218349475152
0.5602988488972187, 200.0, 200.0, -0.008056640625, -0.00115966796875, 0.09173583984375, 0.9957275390625, 10.527456791906497, 0.818218349475152
0.5702938929898664, 200.0, 200.0, -0.0084228515625, -0.0009765625, 0.13336181640625, 0.990966796875, 15.327259576267231, 0.818218349475152
0.5801425869576633, 200.0, 200.0, -0.0084228515625, -0.0009765625, 0.13336181640625, 0.990966796875, 15.327259576267231, 0.818218349475152
0.5902944609988481, 200.0, 200.0, -0.0084228515625, -0.0009765625, 0.13336181640625, 0.990966796875, 15.327259576267231, 0.818218349475152
0.6003850220004097, 200.0, 200.0, -0.0084228515625, -0.0009765625, 0.13336181640625, 0.990966796875, 15.327259576267231, 0.818218349475152
0.6102454249048606, 200.0, 200.0, -0.00823974609375, -0.00030517578125, 0.1839599609375, 0.98284912109375, 21.19961328042288, 0.818218349475152
0.6208542839158326, 200.0, 200.0, -0.00823974609375, -0.00030517578125, 0.1839599609375, 0.98284912109375, 21.19961328042288, 0.818218349475152
0.6301964549347758, 200.0, 200.0, -0.00823974609375, -0.00030517578125, 0.1839599609375, 0.98284912109375, 21.19961328042288, 0.818218349475152
0.6402731999987736, 200.0, 200.0, -0.00823974609375, -0.00030517578125, 0.1839599609375, 0.98284912109375, 21.19961328042288, 0.818218349475152
0.6502727419137955, 200.0, 200.0, -0.0068359375, 0.000732421875, 0.2362060546875, 0.97161865234375, 27.32294285733299, 33.6709099099115
0.6603448289679363, 200.0, 200.0, -0.0068359375, 0.000732421875, 0.2362060546875, 0.97161865234375, 27.32294285733299, 33.6709099099115
0.6707229629391804, 200.0, 200.0, -0.00592041015625, 0.00177001953125, 0.27435302734375, 0.9615478515625, 31.843926042149835, 33.6709099099115
0.6802921539638191, 200.0, 200.0, -0.00592041015625, 0.00177001953125, 0.27435302734375, 0.9615478515625, 31.843926042149835, 33.6709099099115
0.690134861972183, 200.0, 200.0, -0.00592041015625, 0.00177001953125, 0.27435302734375, 0.9615478515625, 31.843926042149835, 33.6709099099115
0.7006091109942645, 200.0, 200.0, -0.00592041015625, 0.00177001953125, 0.27435302734375, 0.9615478515625, 31.843926042149835, 33.6709099099115
0.7102227519499138, 200.0, 200.0, -0.0050048828125, 0.0029296875, 0.3433837890625, 0.93914794921875, 31.843926042149835, 33.6709099099115
0.7202329329447821, 200.0, 200.0, -0.0050048828125, 0.0029296875, 0.3433837890625, 0.93914794921875, 40.164265154351924, 33.6709099099115
0.7302872859872878, 200.0, 200.0, -0.00531005859375, 0.00274658203125, 0.38916015625, 0.92108154296875, 45.801205062410276, 33.6709099099115
0.7402933849953115, 200.0, 200.0, -0.00531005859375, 0.00274658203125, 0.38916015625, 0.92108154296875, 45.801205062410276, 33.6709099099115
0.7501893509179354, 200.0, 200.0, -0.00531005859375, 0.00274658203125, 0.38916015625, 0.92108154296875, 45.801205062410276, 33.6709099099115
0.760353690944612, 200.0, 200.0, -0.00531005859375, 0.00274658203125, 0.38916015625, 0.92108154296875, 45.801205062410276, 33.6709099099115
0.7702037839917466, 200.0, 200.0, -0.00604248046875, 0.002197265625, 0.43463134765625, 0.9005126953125, 51.520195268329985, 33.6709099099115
0.780508047901094, 200.0, 200.0, -0.00604248046875, 0.002197265625, 0.43463134765625, 0.9005126953125, 51.520195268329985, 33.6709099099115
0.7902067949762568, 200.0, 200.0, -0.00604248046875, 0.002197265625, 0.43463134765625, 0.9005126953125, 51.520195268329985, 33.6709099099115
0.800216176896356, 200.0, 200.0, -0.00604248046875, 0.002197265625, 0.43463134765625, 0.9005126953125, 51.520195268329985, 33.6709099099115
0.8104822509922087, 200.0, 200.0, -0.00738525390625, 0.0015869140625, 0.49420166015625, 0.8692626953125, 59.23135132966183, 33.6709099099115
0.8209745869971812, 200.0, 200.0, -0.00738525390625, 0.0015869140625, 0.49420166015625, 0.8692626953125, 59.23135132966183, 33.6709099099115
0.8304939039517194, 200.0, 200.0, -0.00738525390625, 0.0015869140625, 0.49420166015625, 0.8692626953125, 59.23135132966183, 33.6709099099115
0.8403670939151198, 200.0, 200.0, -0.0084228515625, 0.00140380859375, 0.53814697265625, 0.8427734375, 65.11278959633259, 33.6709099099115
0.8502886448986828, 200.0, 200.0, -0.0084228515625, 0.00140380859375, 0.53814697265625, 0.8427734375, 65.11278959633259, 72.05723898882724
0.8601484819082543, 200.0, 200.0, -0.0084228515625, 0.00140380859375, 0.53814697265625, 0.8427734375, 65.11278959633259, 72.05723898882724
0.8702060369541869, 200.0, 200.0, -0.0084228515625, 0.00140380859375, 0.53814697265625, 0.8427734375, 65.11278959633259, 72.05723898882724
0.880149781005457, 200.0, 200.0, -0.01019287109375, 0.00146484375, 0.59515380859375, 0.803466796875, 73.04404702813126, 72.05723898882724
0.8901546569541097, 200.0, 200.0, -0.01019287109375, 0.00146484375, 0.59515380859375, 0.803466796875, 73.04404702813126, 72.05723898882724
0.9001765749417245, 200.0, 200.0, -0.01019287109375, 0.00146484375, 0.59515380859375, 0.803466796875, 73.04404702813126, 72.05723898882724
0.9101421709638089, 200.0, 200.0, -0.01129150390625, 0.001708984375, 0.62957763671875, 0.77679443359375, 78.03566460554201, 72.05723898882724
0.9201871579280123, 200.0, 200.0, -0.01129150390625, 0.001708984375, 0.62957763671875, 0.77679443359375, 78.03566460554201, 72.05723898882724
0.9302512479480356, 200.0, 200.0, -0.01202392578125, 0.0028076171875, 0.6756591796875, 0.73699951171875, 85.00983843494728, 72.05723898882724
0.9402136279968545, 200.0, 200.0, -0.01202392578125, 0.0028076171875, 0.6756591796875, 0.73699951171875, 85.00983843494728, 72.05723898882724
0.9502252310048789, 200.0, 200.0, -0.01202392578125, 0.0028076171875, 0.6756591796875, 0.73699951171875, 85.00983843494728, 72.05723898882724
0.9603622779250145, 200.0, 200.0, -0.01202392578125, 0.0028076171875, 0.6756591796875, 0.73699951171875, 85.00983843494728, 72.05723898882724
0.9706772569334134, 200.0, 200.0, -0.01202392578125, 0.0028076171875, 0.6756591796875, 0.73699951171875, 85.00983843494728, 72.05723898882724
0.9803305969107896, 200.0, 200.0, -0.0115966796875, 0.00531005859375, 0.72503662109375, 0.68853759765625, 92.94811651444994, 72.05723898882724
0.9901216089492664, 200.0, 200.0, -0.0115966796875, 0.00531005859375, 0.72503662109375, 0.68853759765625, 92.94811651444994, 72.05723898882724
1.000430122949183, 200.0, 200.0, -0.01007080078125, 0.00762939453125, 0.75982666015625, 0.64996337890625, 98.9079797672037, 72.05723898882724
1.0103207379579544, 200.0, 200.0, -0.01007080078125, 0.00762939453125, 0.75982666015625, 0.64996337890625, 98.9079797672037, 72.05723898882724
1.0202013349626213, 200.0, 200.0, -0.01007080078125, 0.00762939453125, 0.75982666015625, 0.64996337890625, 98.9079797672037, 72.05723898882724
1.0306179069448262, 200.0, 200.0, -0.0079345703125, 0.010009765625, 0.79266357421875, 0.6094970703125, 104.88747633880064, 111.88739834129738
1.0401976279681548, 200.0, 200.0, -0.0079345703125, 0.010009765625, 0.79266357421875, 0.6094970703125, 104.88747633880064, 111.88739834129738
1.0501606479519978, 200.0, 200.0, -0.0079345703125, 0.010009765625, 0.79266357421875, 0.6094970703125, 104.88747633880064, 111.88739834129738
1.0601754439994693, 200.0, 200.0, -0.0079345703125, 0.010009765625, 0.79266357421875, 0.6094970703125, 104.88747633880064, 111.88739834129738
1.0703230989165604, 200.0, 200.0, -0.0079345703125, 0.010009765625, 0.79266357421875, 0.6094970703125, 104.88747633880064, 111.88739834129738
1.0802173760021105, 200.0, 200.0, -0.0050048828125, 0.01300048828125, 0.83319091796875, 0.552734375, 112.88592752687128, 111.88739834129738
1.0903906589373946, 200.0, 200.0, -0.0050048828125, 0.01300048828125, 0.83319091796875, 0.552734375, 112.88592752687128, 111.88739834129738
1.1002791749779135, 200.0, 200.0, -0.0050048828125, 0.01300048828125, 0.83319091796875, 0.552734375, 112.88592752687128, 111.88739834129738
1.1102720859926194, 200.0, 200.0, -0.0050048828125, 0.01300048828125, 0.83319091796875, 0.552734375, 112.88592752687128, 111.88739834129738
1.1203352588927373, 200.0, 200.0, -0.002685546875, 0.0146484375, 0.861083984375, 0.50811767578125, 118.91719001323527, 111.88739834129738
1.130118568893522, 200.0, 200.0, -0.00042724609375, 0.01519775390625, 0.88653564453125, 0.46234130859375, 124.92286809712476, 111.88739834129738
1.1408266859361902, 200.0, 200.0, -0.00042724609375, 0.01519775390625, 0.88653564453125, 0.46234130859375, 124.92286809712476, 111.88739834129738
1.15019474492874, 200.0, 200.0, -0.00042724609375, 0.01519775390625, 0.88653564453125, 0.46234130859375, 124.92286809712476, 111.88739834129738
1.1601707799127325, 200.0, 200.0, -0.00042724609375, 0.01519775390625, 0.88653564453125, 0.46234130859375, 124.92286809712476, 111.88739834129738
1.1702711399411783, 200.0, 200.0, 0.002685546875, 0.01348876953125, 0.91650390625, 0.3997802734375, 132.870420439819, 111.88739834129738
1.1801992749096826, 200.0, 200.0, 0.002685546875, 0.01348876953125, 0.91650390625, 0.3997802734375, 132.870420439819, 111.88739834129738
1.190185020910576, 200.0, 200.0, 0.002685546875, 0.01348876953125, 0.91650390625, 0.3997802734375, 132.870420439819, 111.88739834129738
1.2003982199821621, 200.0, 200.0, 0.002685546875, 0.01348876953125, 0.91650390625, 0.3997802734375, 132.870420439819, 111.88739834129738
1.2103340199682862, 200.0, 200.0, 0.0047607421875, 0.01177978515625, 0.93292236328125, 0.3597412109375, 137.8226414737319, 111.88739834129738
1.2201438109623268, 200.0, 200.0, 0.0047607421875, 0.01177978515625, 0.93292236328125, 0.3597412109375, 137.8226414737319, 111.88739834129738
1.2301528149982914, 200.0, 200.0, 0.0067138671875, 0.0089111328125, 0.950439453125, 0.310546875, 143.80360676866113, 151.76500018774243
1.2406216289382428, 200.0, 200.0, 0.0067138671875, 0.0089111328125, 0.950439453125, 0.310546875, 143.80360676866113, 151.76500018774243
1.2502406239509583, 200.0, 200.0, 0.0067138671875, 0.0089111328125, 0.950439453125, 0.310546875, 143.80360676866113, 151.76500018774243
1.26050369895529, 200.0, 200.0, 0.0067138671875, 0.0089111328125, 0.950439453125, 0.310546875, 143.80360676866113, 151.76500018774243
1.2704713119892403, 200.0, 200.0, 0.0067138671875, 0.0089111328125, 0.950439453125, 0.310546875, 143.80360676866113, 151.76500018774243
1.280254098935984, 200.0, 200.0, 0.008544921875, 0.00433349609375, 0.9697265625, 0.24383544921875, 151.7639815394667, 151.76500018774243
1.2902192419860512, 200.0, 200.0, 0.008544921875, 0.00433349609375, 0.9697265625, 0.24383544921875, 151.7639815394667, 151.76500018774243
1.3005233959993348, 200.0, 200.0, 0.008544921875, 0.00433349609375, 0.9697265625, 0.24383544921875, 151.7639815394667, 151.76500018774243
1.3107449898961931, 200.0, 200.0, 0.00958251953125, 0.00042724609375, 0.9827880859375, 0.18426513671875, 158.75750761654547, 151.76500018774243
1.3202789429342374, 200.0, 200.0, 0.00958251953125, 0.00042724609375, 0.9827880859375, 0.18426513671875, 158.75750761654547, 151.76500018774243
1.3302024509757757, 200.0, 200.0, 0.00958251953125, 0.00042724609375, 0.9827880859375, 0.18426513671875, 158.75750761654547, 151.76500018774243
1.3403081529540941, 200.0, 200.0, 0.0093994140625, -0.0032958984375, 0.9910888671875, 0.132568359375, 164.76385766870106, 151.76500018774243
1.3502217968925834, 200.0, 200.0, 0.0093994140625, -0.0032958984375, 0.9910888671875, 0.132568359375, 164.76385766870106, 151.76500018774243
1.3605950269848108, 200.0, 200.0, 0.0093994140625, -0.0032958984375, 0.9910888671875, 0.132568359375, 164.76385766870106, 151.76500018774243
1.3704627839615569, 200.0, 200.0, 0.00848388671875, -0.00689697265625, 0.9979248046875, 0.06292724609375, 172.78962631755704, 151.76500018774243
1.3802172489231452, 200.0, 200.0, 0.00848388671875, -0.00689697265625, 0.9979248046875, 0.06292724609375, 172.78962631755704, 151.76500018774243
1.390413652989082, 200.0, 200.0, 0.00848388671875, -0.00689697265625, 0.9979248046875, 0.06292724609375, 172.78962631755704, 151.76500018774243
1.400438354932703, 200.0, 200.0, 0.00799560546875, -0.00885009765625, 0.99981689453125, 0.01055908203125, 172.78962631755704, 151.76500018774243
1.4101802819641307, 200.0, 200.0, 0.00799560546875, -0.00885009765625, 0.99981689453125, 0.01055908203125, 178.79783284380343, 151.76500018774243
1.4201902619097382, 200.0, 200.0, 0.00799560546875, -0.00885009765625, 0.99981689453125, 0.01055908203125, 178.79783284380343, 151.76500018774243
1.430231494945474, 200.0, 200.0, 0.00799560546875, -0.00885009765625, 0.99981689453125, 0.01055908203125, 178.79783284380343, -168.20185042537813
1.440176117932424, 200.0, 200.0, 0.00775146484375, -0.00921630859375, 0.9990234375, -0.04180908203125, -175.19882181848521, -168.20185042537813
1.4503003539284691, 200.0, 200.0, 0.00775146484375, -0.00921630859375, 0.9990234375, -0.04180908203125, -175.19882181848521, -168.20185042537813
1.4602785679744557, 200.0, 200.0, 0.00775146484375, -0.00921630859375, 0.9990234375, -0.04180908203125, -175.19882181848521, -168.20185042537813
1.4706185009563342, 200.0, 200.0, 0.00775146484375, -0.00921630859375, 0.9990234375, -0.04180908203125, -175.19882181848521, -168.20185042537813
1.4802441999781877, 200.0, 200.0, 0.00775146484375, -0.007568359375, 0.99462890625, -0.1026611328125, -168.20683026029883, -168.20185042537813
1.4902223279932514, 200.0, 200.0, 0.00775146484375, -0.007568359375, 0.99462890625, -0.1026611328125, -168.20683026029883, -168.20185042537813
1.5002165329642594, 200.0, 200.0, 0.00775146484375, -0.007568359375, 0.99462890625, -0.1026611328125, -168.20683026029883, -168.20185042537813
1.5102286719484255, 200.0, 200.0, 0.0081787109375, -0.0050048828125, 0.98785400390625, -0.1546630859375, -162.19596789423966, -168.20185042537813
1.5202019339194521, 200.0, 200.0, 0.0081787109375, -0.0050048828125, 0.98785400390625, -0.1546630859375, -162.19596789423966, -168.20185042537813
1.5304619449889287, 200.0, 200.0, 0.0091552734375, -0.00250244140625, 0.9783935546875, -0.20635986328125, -156.1739605315424, -168.20185042537813
1.5401831269264221, 200.0, 200.0, 0.0091552734375, -0.00250244140625, 0.9783935546875, -0.20635986328125, -156.1739605315424, -168.20185042537813
1.5501446638954803, 200.0, 200.0, 0.0091552734375, -0.00250244140625, 0.9783935546875, -0.20635986328125, -156.1739605315424, -168.20185042537813
1.5601229439489543, 200.0, 200.0, 0.0091552734375, -0.00250244140625, 0.9783935546875, -0.20635986328125, -156.1739605315424, -168.20185042537813
1.5702076439047232, 200.0, 200.0, 0.0091552734375, -0.00250244140625, 0.9783935546875, -0.20635986328125, -156.1739605315424, -168.20185042537813
1.580196865950711, 200.0, 200.0, 0.0091552734375, -0.00250244140625, 0.9783935546875, -0.20635986328125, -156.1739605315424, -168.20185042537813
1.5905519219813868, 200.0, 200.0, 0.01141357421875, 0.000244140625, 0.95916748046875, -0.282470703125, -147.17485950475245, -168.20185042537813
1.6003813949646428, 200.0, 200.0, 0.01141357421875, 0.000244140625, 0.95916748046875, -0.282470703125, -147.17485950475245, -168.20185042537813
1.6103568639373407, 200.0, 200.0, 0.01141357421875, 0.000244140625, 0.95916748046875, -0.282470703125, -147.17485950475245, -168.20185042537813
1.6201955389697105, 200.0, 200.0, 0.01300048828125, 0.0010986328125, 0.9429931640625, -0.3323974609375, -141.15716387368096, -168.20185042537813
1.6301695659058169, 200.0, 200.0, 0.01300048828125, 0.0010986328125, 0.9429931640625, -0.3323974609375, -141.15716387368096, -128.07590973090058
1.6401951689040288, 200.0, 200.0, 0.01300048828125, 0.0010986328125, 0.9429931640625, -0.3323974609375, -141.15716387368096, -128.07590973090058
1.6507468989584595, 200.0, 200.0, 0.014404296875, 0.00115966796875, 0.9241943359375, -0.381591796875, -135.12064475346972, -128.07590973090058
1.660325609962456, 200.0, 200.0, 0.014404296875, 0.00115966796875, 0.9241943359375, -0.381591796875, -135.12064475346972, -128.07590973090058
1.6702754029538482, 200.0, 200.0, 0.014404296875, 0.00115966796875, 0.9241943359375, -0.381591796875, -135.12064475346972, -128.07590973090058
1.6802292459178716, 200.0, 200.0, 0.014404296875, 0.00115966796875, 0.9241943359375, -0.381591796875, -135.12064475346972, -128.07590973090058
1.6903148879064247, 200.0, 200.0, 0.01568603515625, 0.00103759765625, 0.89898681640625, -0.4376220703125, -128.07412542490374, -128.07590973090058
1.7004831979284063, 200.0, 200.0, 0.01568603515625, 0.00103759765625, 0.89898681640625, -0.4376220703125, -128.07412542490374, -128.07590973090058
1.7103620609268546, 200.0, 200.0, 0.01568603515625, 0.00103759765625, 0.89898681640625, -0.4376220703125, -128.07412542490374, -128.07590973090058
1.7202263129875064, 200.0, 200.0, 0.01611328125, 0.000732421875, 0.8704833984375, -0.4918212890625, -121.04984473974025, -128.07590973090058
1.7301784789888188, 200.0, 200.0, 0.01611328125, 0.000732421875, 0.8704833984375, -0.4918212890625, -121.04984473974025, -128.07590973090058
1.7401716409949586, 200.0, 200.0, 0.01605224609375, 0.000244140625, 0.84814453125, -0.52947998046875, -116.03321345573633, -128.07590973090058
1.7502159599680454, 200.0, 200.0, 0.01605224609375, 0.000244140625, 0.84814453125, -0.52947998046875, -116.03321345573633, -128.07590973090058
1.7601979699684307, 200.0, 200.0, 0.01605224609375, 0.000244140625, 0.84814453125, -0.52947998046875, -116.03321345573633, -128.07590973090058
1.7706421599723399, 200.0, 200.0, 0.01605224609375, 0.000244140625, 0.84814453125, -0.52947998046875, -116.03321345573633, -128.07590973090058
1.7802035649074242, 200.0, 200.0, 0.015625, -0.00030517578125, 0.8089599609375, -0.58758544921875, -107.99669371071626, -128.07590973090058
1.7903131049824879, 200.0, 200.0, 0.015625, -0.00030517578125, 0.8089599609375, -0.58758544921875, -107.99669371071626, -128.07590973090058
1.8003409459488466, 200.0, 200.0, 0.015625, -0.00030517578125, 0.8089599609375, -0.58758544921875, -107.99669371071626, -128.07590973090058
1.8104115629103035, 200.0, 200.0, 0.0146484375, -0.0008544921875, 0.771484375, -0.635986328125, -100.97896356587117, -128.07590973090058
1.8202678799862042, 200.0, 200.0, 0.0146484375, -0.0008544921875, 0.771484375, -0.635986328125, -100.97896356587117, -128.07590973090058
1.8302123139146715, 200.0, 200.0, 0.0146484375, -0.0008544921875, 0.771484375, -0.635986328125, -100.97896356587117, -88.03079749506097
1.8403142360039055, 200.0, 200.0, 0.0146484375, -0.0008544921875, 0.771484375, -0.635986328125, -100.97896356587117, -88.03079749506097
1.8503536928910762, 200.0, 200.0, 0.01300048828125, -0.00164794921875, 0.72540283203125, -0.6881103515625, -93.0058539078667, -88.03079749506097
1.8601791938999668, 200.0, 200.0, 0.01300048828125, -0.00164794921875, 0.72540283203125, -0.6881103515625, -93.0058539078667, -88.03079749506097
1.8702299549477175, 200.0, 200.0, 0.01300048828125, -0.00164794921875, 0.72540283203125, -0.6881103515625, -93.0058539078667, -88.03079749506097
1.8803052809089422, 200.0, 200.0, 0.0118408203125, -0.0023193359375, 0.68218994140625, -0.73101806640625, -86.03000488453004, -88.03079749506097
1.8901530109578744, 200.0, 200.0, 0.0118408203125, -0.0023193359375, 0.68218994140625, -0.73101806640625, -86.03000488453004, -88.03079749506097
1.900455508963205, 200.0, 200.0, 0.0118408203125, -0.0023193359375, 0.68218994140625, -0.73101806640625, -86.03000488453004, -88.03079749506097
1.9101765129016712, 200.0, 200.0, 0.01141357421875, -0.00286865234375, 0.649658203125, -0.76007080078125, -81.03138386332397, -88.03079749506097
1.9202203949680552, 200.0, 200.0, 0.01141357421875, -0.00286865234375, 0.649658203125, -0.76007080078125, -81.03138386332397, -88.03079749506097
1.9301552328979596, 200.0, 200.0, 0.01141357421875, -0.00286865234375, 0.649658203125, -0.76007080078125, -81.03138386332397, -88.03079749506097
1.9402477799449116, 200.0, 200.0, 0.0106201171875, -0.00390625, 0.59503173828125, -0.8035888671875, -73.03059375923088, -88.03079749506097
1.9502007369883358, 200.0, 200.0, 0.0106201171875, -0.00390625, 0.59503173828125, -0.8035888671875, -73.03059375923088, -88.03079749506097
1.9601747299311683, 200.0, 200.0, 0.0106201171875, -0.00390625, 0.59503173828125, -0.8035888671875, -73.03059375923088, -88.03079749506097
1.97016690694727, 200.0, 200.0, 0.0106201171875, -0.00390625, 0.59503173828125, -0.8035888671875, -73.03059375923088, -88.03079749506097
1.9803065109299496, 200.0, 200.0, 0.0106201171875, -0.00390625, 0.59503173828125, -0.8035888671875, -73.03059375923088, -88.03079749506097
1.9902652569580823, 200.0, 200.0, 0.0096435546875, -0.00433349609375, 0.55914306640625, -0.82891845703125, -67.99323423353424, -88.03079749506097
2.000347193912603, 200.0, 200.0, 0.0081787109375, -0.00555419921875, 0.5072021484375, -0.86175537109375, -60.958883853343686, -88.03079749506097
2.0101972959237173, -200.0, -200.0, 0.0081787109375, -0.00555419921875, 0.5072021484375, -0.86175537109375, -60.958883853343686, -88.03079749506097
2.020219936966896, -200.0, -200.0, 0.0081787109375, -0.00555419921875, 0.5072021484375, -0.86175537109375, -60.958883853343686, -47.96290316324477
2.03015791089274, -200.0, -200.0, 0.0081787109375, -0.00555419921875, 0.5072021484375, -0.86175537109375, -60.958883853343686, -47.96290316324477
2.040179992909543, -200.0, -200.0, 0.0067138671875, -0.00677490234375, 0.45355224609375, -0.89111328125, -53.94740287507893, -47.96290316324477
2.0502097909338772, -200.0, -200.0, 0.0067138671875, -0.00677490234375, 0.45355224609375, -0.89111328125, -53.94740287507893, -47.96290316324477
2.0605088499141857, -200.0, -200.0, 0.0067138671875, -0.00677490234375, 0.45355224609375, -0.89111328125, -53.94740287507893, -47.96290316324477
2.070213407976553, -200.0, -200.0, 0.00518798828125, -0.00738525390625, 0.4063720703125, -0.91363525390625, -47.95959657983232, -47.96290316324477
2.0803726639132947, -200.0, -200.0, 0.00518798828125, -0.00738525390625, 0.4063720703125, -0.91363525390625, -47.95959657983232, -47.96290316324477
2.0907766319578514, -200.0, -200.0, 0.00518798828125, -0.00738525390625, 0.4063720703125, -0.91363525390625, -47.95959657983232, -47.96290316324477
2.1006573979975656, -200.0, -200.0, 0.00518798828125, -0.00738525390625, 0.4063720703125, -0.91363525390625, -47.95959657983232, -47.96290316324477
2.1102782079251483, -200.0, -200.0, 0.00390625, -0.00775146484375, 0.35809326171875, -0.93359375, -41.9706607772527, -47.96290316324477
2.12021433992777, -200.0, -200.0, 0.00390625, -0.00775146484375, 0.35809326171875, -0.93359375, -41.9706607772527, -47.96290316324477
2.1301782389637083, -200.0, -200.0, 0.00390625, -0.00775146484375, 0.35809326171875, -0.93359375, -41.9706607772527, -47.96290316324477
2.140300632920116, -200.0, -200.0, 0.00146484375, -0.00732421875, 0.2841796875, -0.95867919921875, -41.9706607772527, -47.96290316324477
2.1502140609081835, -200.0, -200.0, 0.00146484375, -0.00732421875, 0.2841796875, -0.95867919921875, -33.021514764658114, -47.96290316324477
2.160169402952306, -200.0, -200.0, 0.00146484375, -0.00732421875, 0.2841796875, -0.95867919921875, -33.021514764658114, -47.96290316324477
2.170566311920993, -200.0, -200.0, -0.00048828125, -0.006591796875, 0.23431396484375, -0.97210693359375, -27.103022029374788, -47.96290316324477
2.1801852609496564, -200.0, -200.0, -0.00048828125, -0.006591796875, 0.23431396484375, -0.97210693359375, -27.103022029374788, -47.96290316324477
2.190106797963381, -200.0, -200.0, -0.00048828125, -0.006591796875, 0.23431396484375, -0.97210693359375, -27.103022029374788, -47.96290316324477
2.2002121029654518, -200.0, -200.0, -0.00048828125, -0.006591796875, 0.23431396484375, -0.97210693359375, -27.103022029374788, -47.96290316324477
2.2106743860058486, -200.0, -200.0, -0.0020751953125, -0.0059814453125, 0.18603515625, -0.98248291015625, -21.441961170016107, -47.96290316324477
2.2205534799722955, -200.0, -200.0, -0.0020751953125, -0.0059814453125, 0.18603515625, -0.98248291015625, -21.441961170016107, -11.287924084652621
2.2301248939475045, -200.0, -200.0, -0.0020751953125, -0.0059814453125, 0.18603515625, -0.98248291015625, -21.441961170016107, -11.287924084652621
2.2404874329222366, -200.0, -200.0, -0.0030517578125, -0.0052490234375, 0.13525390625, -0.99078369140625, -15.545274951763615, -11.287924084652621
2.2501746739726514, -200.0, -200.0, -0.0030517578125, -0.0052490234375, 0.13525390625, -0.99078369140625, -15.545274951763615, -11.287924084652621
2.260220618918538, -200.0, -200.0, -0.0030517578125, -0.0052490234375, 0.13525390625, -0.99078369140625, -15.545274951763615, -11.287924084652621
2.270414805971086, -200.0, -200.0, -0.00274658203125, -0.00433349609375, 0.09832763671875, -0.9951171875, -11.28442869329956, -11.287924084652621
2.2802960999542847, -200.0, -200.0, -0.00274658203125, -0.00433349609375, 0.09832763671875, -0.9951171875, -11.28442869329956, -11.287924084652621
2.290366282919422, -200.0, -200.0, -0.00274658203125, -0.00433349609375, 0.09832763671875, -0.9951171875, -11.28442869329956, -11.287924084652621
2.30018639692571, -200.0, -200.0, -0.00274658203125, -0.00433349609375, 0.09832763671875, -0.9951171875, -11.28442869329956, -11.287924084652621
2.310171950957738, -200.0, -200.0, -0.00274658203125, -0.00433349609375, 0.09832763671875, -0.9951171875, -11.28442869329956, -11.287924084652621
2.3203568009193987, -200.0, -200.0, -0.00048828125, -0.0030517578125, 0.06048583984375, -0.99810791015625, -6.93493862661809, -11.287924084652621
2.330222383956425, -200.0, -200.0, -0.00048828125, -0.0030517578125, 0.06048583984375, -0.99810791015625, -6.93493862661809, -11.287924084652621
2.3405451209982857, -200.0, -200.0, 0.0020751953125, -0.0025634765625, 0.04193115234375, -0.99908447265625, -4.806863302807008, -11.287924084652621
2.3505600469652563, -200.0, -200.0, 0.0020751953125, -0.0025634765625, 0.04193115234375, -0.99908447265625, -4.806863302807008, -11.287924084652621
2.3605050758924335, -200.0, -200.0, 0.0020751953125, -0.0025634765625, 0.04193115234375, -0.99908447265625, -4.806863302807008, -11.287924084652621
2.370196147938259, -200.0, -200.0, 0.0020751953125, -0.0025634765625, 0.04193115234375, -0.99908447265625, -4.806863302807008, -11.287924084652621
2.3803474489832297, -200.0, -200.0, 0.0042724609375, -0.0020751953125, 0.03253173828125, -0.99945068359375, -3.729491929084038, -11.287924084652621
2.3902145919855684, -200.0, -200.0, 0.0042724609375, -0.0020751953125, 0.03253173828125, -0.99945068359375, -3.729491929084038, -11.287924084652621
2.4001809109468013, -200.0, -200.0, 0.0042724609375, -0.0020751953125, 0.03253173828125, -0.99945068359375, -3.729491929084038, -11.287924084652621
2.410417972947471, -200.0, -200.0, 0.00531005859375, -0.0018310546875, 0.0333251953125, -0.9993896484375, -3.820421339208061, -11.287924084652621
2.4207515529124066, -200.0, -200.0, 0.00531005859375, -0.0018310546875, 0.0333251953125, -0.9993896484375, -3.820421339208061, -11.287924084652621
2.4302431809483096, -200.0, -200.0, 0.00531005859375, -0.0018310546875, 0.0333251953125, -0.9993896484375, -3.820421339208061, -11.287924084652621
2.440567854908295, -200.0, -200.0, 0.00628662109375, -0.00213623046875, 0.046142578125, -0.9989013671875, -5.290832314591599, -7.5673407512809625
2.4503499519778416, -200.0, -200.0, 0.00628662109375, -0.00213623046875, 0.046142578125, -0.9989013671875, -5.290832314591599, -7.5673407512809625
2.4601856239605695, -200.0, -200.0, 0.00628662109375, -0.00213623046875, 0.046142578125, -0.9989013671875, -5.290832314591599, -7.5673407512809625
2.470169191947207, -200.0, -200.0, 0.00628662109375, -0.00213623046875, 0.046142578125, -0.9989013671875, -5.290832314591599, -7.5673407512809625
2.4802328889491037, -200.0, -200.0, 0.0057373046875, -0.0023193359375, 0.06591796875, -0.99774169921875, -7.5600924421967095, -7.5673407512809625
2.4903480999637395, -200.0, -200.0, 0.0057373046875, -0.0023193359375, 0.06591796875, -0.99774169921875, -7.5600924421967095, -7.5673407512809625
2.50019524700474, -200.0, -200.0, 0.0057373046875, -0.0023193359375, 0.06591796875, -0.99774169921875, -7.5600924421967095, -7.5673407512809625
2.510420218924992, -200.0, -200.0, 0.00360107421875, -0.0018310546875, 0.09765625, -0.99517822265625, -11.208800668356377, -7.5673407512809625
2.520249903900549, -200.0, -200.0, 0.00360107421875, -0.0018310546875, 0.09765625, -0.99517822265625, -11.208800668356377, -7.5673407512809625
2.5304765679175034, -200.0, -200.0, 0.00360107421875, -0.0018310546875, 0.09765625, -0.99517822265625, -11.208800668356377, -7.5673407512809625
2.5406354028964415, -200.0, -200.0, 0.00360107421875, -0.0018310546875, 0.09765625, -0.99517822265625, -11.208800668356377, -7.5673407512809625
2.5501318069873378, -200.0, -200.0, 0.00018310546875, -0.00018310546875, 0.14276123046875, -0.98974609375, -16.415147986289174, -7.5673407512809625
2.5602241199230775, -200.0, -200.0, 0.00018310546875, -0.00018310546875, 0.14276123046875, -0.98974609375, -16.415147986289174, -7.5673407512809625
2.570188976940699, -200.0, -200.0, -0.00225830078125, 0.001220703125, 0.180419921875, -0.98358154296875, -20.788638754837752, -7.5673407512809625
2.5802163089392707, -200.0, -200.0, -0.00225830078125, 0.001220703125, 0.180419921875, -0.98358154296875, -20.788638754837752, -7.5673407512809625
2.590172541909851, -200.0, -200.0, -0.00225830078125, 0.001220703125, 0.180419921875, -0.98358154296875, -20.788638754837752, -7.5673407512809625
2.600184851908125, -200.0, -200.0, -0.00225830078125, 0.001220703125, 0.180419921875, -0.98358154296875, -20.788638754837752, -7.5673407512809625
2.610234525986016, -200.0, -200.0, -0.00433349609375, 0.00244140625, 0.21295166015625, -0.97698974609375, -24.59053381868049, -7.5673407512809625
2.620350476936437, -200.0, -200.0, -0.00433349609375, 0.00244140625, 0.21295166015625, -0.97698974609375, -24.59053381868049, -7.5673407512809625
2.6303783509647474, -200.0, -200.0, -0.00433349609375, 0.00244140625, 0.21295166015625, -0.97698974609375, -24.59053381868049, -7.5673407512809625
2.6402205849299207, -200.0, -200.0, -0.00738525390625, 0.00408935546875, 0.26617431640625, -0.9638671875, -30.875927695186835, -36.590002987580725
2.6501685539260507, -200.0, -200.0, -0.00738525390625, 0.00408935546875, 0.26617431640625, -0.9638671875, -30.875927695186835, -36.590002987580725
2.6603860869072378, -200.0, -200.0, -0.00738525390625, 0.00408935546875, 0.26617431640625, -0.9638671875, -30.875927695186835, -36.590002987580725
2.670255193952471, -200.0, -200.0, -0.009033203125, 0.00482177734375, 0.30010986328125, -0.95379638671875, -34.9309689723378, -36.590002987580725
2.6801386529114097, -200.0, -200.0, -0.009033203125, 0.00482177734375, 0.30010986328125, -0.95379638671875, -34.9309689723378, -36.590002987580725
2.6901943479897454, -200.0, -200.0, -0.009033203125, 0.00482177734375, 0.30010986328125, -0.95379638671875, -34.9309689723378, -36.590002987580725
2.700796061893925, -200.0, -200.0, -0.01055908203125, 0.00537109375, 0.3485107421875, -0.93719482421875, -40.796260288930895, -36.590002987580725
2.710411593900062, -200.0, -200.0, -0.01055908203125, 0.00537109375, 0.3485107421875, -0.93719482421875, -40.796260288930895, -36.590002987580725
2.720342427957803, -200.0, -200.0, -0.01055908203125, 0.00537109375, 0.3485107421875, -0.93719482421875, -40.796260288930895, -36.590002987580725
2.7302413400029764, -200.0, -200.0, -0.01055908203125, 0.00537109375, 0.3485107421875, -0.93719482421875, -40.796260288930895, -36.590002987580725
2.7406245429301634, -200.0, -200.0, -0.01055908203125, 0.00537109375, 0.3485107421875, -0.93719482421875, -40.796260288930895, -36.590002987580725
2.7508317129686475, -200.0, -200.0, -0.012451171875, 0.00604248046875, 0.40533447265625, -0.91400146484375, -47.827858809111554, -36.590002987580725
2.760164304985665, -200.0, -200.0, -0.012451171875, 0.00604248046875, 0.40533447265625, -0.91400146484375, -47.827858809111554, -36.590002987580725
2.7702004169113934, -200.0, -200.0, -0.0130615234375, 0.00567626953125, 0.44842529296875, -0.8936767578125, -53.289023178575306, -36.590002987580725
2.780376852955669, -200.0, -200.0, -0.0130615234375, 0.00567626953125, 0.44842529296875, -0.8936767578125, -53.289023178575306, -36.590002987580725
2.7902406419161707, -200.0, -200.0, -0.0130615234375, 0.00567626953125, 0.44842529296875, -0.8936767578125, -53.289023178575306, -36.590002987580725
2.8003749649506062, -200.0, -200.0, -0.013916015625, 0.0047607421875, 0.49847412109375, -0.86676025390625, -59.800116384714116, -36.590002987580725
2.8104187439894304, -200.0, -200.0, -0.013916015625, 0.0047607421875, 0.49847412109375, -0.86676025390625, -59.800116384714116, -36.590002987580725
2.820221612928435, -200.0, -200.0, -0.013916015625, 0.0047607421875, 0.49847412109375, -0.86676025390625, -59.800116384714116, -73.13331480199524
2.830242427997291, -200.0, -200.0, -0.01416015625, 0.0032958984375, 0.54766845703125, -0.8365478515625, -66.41398646522114, -73.13331480199524
2.8401575619354844, -200.0, -200.0, -0.01416015625, 0.0032958984375, 0.54766845703125, -0.8365478515625, -66.41398646522114, -73.13331480199524
2.850287137902342, -200.0, -200.0, -0.01416015625, 0.0032958984375, 0.54766845703125, -0.8365478515625, -66.41398646522114, -73.13331480199524
2.860294265905395, -200.0, -200.0, -0.01416015625, 0.0032958984375, 0.54766845703125, -0.8365478515625, -66.41398646522114, -73.13331480199524
2.870388718903996, -200.0, -200.0, -0.01348876953125, 0.0015869140625, 0.58892822265625, -0.8079833984375, -72.15882766005704, -73.13331480199524
2.880173921934329, -200.0, -200.0, -0.01348876953125, 0.0015869140625, 0.58892822265625, -0.8079833984375, -72.15882766005704, -73.13331480199524
2.8902379269711673, -200.0, -200.0, -0.01348876953125, 0.0015869140625, 0.58892822265625, -0.8079833984375, -72.15882766005704, -73.13331480199524
2.9001888699131086, -200.0, -200.0, -0.01348876953125, 0.0015869140625, 0.58892822265625, -0.8079833984375, -72.15882766005704, -73.13331480199524
2.910178366000764, -200.0, -200.0, -0.01348876953125, 0.0015869140625, 0.58892822265625, -0.8079833984375, -72.15882766005704, -73.13331480199524
2.9202948379097506, -200.0, -200.0, -0.0126953125, -0.00018310546875, 0.642333984375, -0.7662353515625, -79.92967789251504, -73.13331480199524
2.9302942869253457, -200.0, -200.0, -0.0126953125, -0.00018310546875, 0.642333984375, -0.7662353515625, -79.92967789251504, -73.13331480199524
2.940174372983165, -200.0, -200.0, -0.01165771484375, -0.001708984375, 0.6810302734375, -0.73211669921875, -85.84779513499724, -73.13331480199524
2.950169648975134, -200.0, -200.0, -0.01165771484375, -0.001708984375, 0.6810302734375, -0.73211669921875, -85.84779513499724, -73.13331480199524
2.960234842961654, -200.0, -200.0, -0.01165771484375, -0.001708984375, 0.6810302734375, -0.73211669921875, -85.84779513499724, -73.13331480199524
2.9701617329847068, -200.0, -200.0, -0.01019287109375, -0.003173828125, 0.718017578125, -0.6959228515625, -91.78362991075572, -73.13331480199524
2.980143708991818, -200.0, -200.0, -0.01019287109375, -0.003173828125, 0.718017578125, -0.6959228515625, -91.78362991075572, -73.13331480199524
2.9901901999255642, -200.0, -200.0, -0.01019287109375, -0.003173828125, 0.718017578125, -0.6959228515625, -91.78362991075572, -73.13331480199524
3.000167880905792, -200.0, -200.0, -0.01019287109375, -0.003173828125, 0.718017578125, -0.6959228515625, -91.78362991075572, -73.13331480199524
3.0101468899520114, -200.0, -200.0, -0.007080078125, -0.00537109375, 0.770263671875, -0.63763427734375, -100.76070996145528, -73.13331480199524
3.0201516069937497, -200.0, -200.0, -0.007080078125, -0.00537109375, 0.770263671875, -0.63763427734375, -100.76070996145528, -112.81017738873362
3.0303345839492977, -200.0, -200.0, -0.007080078125, -0.00537109375, 0.770263671875, -0.63763427734375, -100.76070996145528, -112.81017738873362
3.040233048959635, -200.0, -200.0, -0.00494384765625, -0.00616455078125, 0.79742431640625, -0.60333251953125, -105.77697186520237, -112.81017738873362
3.050134645891376, -200.0, -200.0, -0.00494384765625, -0.00616455078125, 0.79742431640625, -0.60333251953125, -105.77697186520237, -112.81017738873362
3.060783436987549, -200.0, -200.0, -0.00494384765625, -0.00616455078125, 0.79742431640625, -0.60333251953125, -105.77697186520237, -112.81017738873362
3.0706959599629045, -200.0, -200.0, -0.00494384765625, -0.00616455078125, 0.79742431640625, -0.60333251953125, -105.77697186520237, -112.81017738873362
3.0801975219510496, -200.0, -200.0, -0.0023193359375, -0.00653076171875, 0.8280029296875, -0.56060791015625, -111.79753222483785, -112.81017738873362
3.0901560499332845, -200.0, -200.0, -0.0023193359375, -0.00653076171875, 0.8280029296875, -0.56060791015625, -111.79753222483785, -112.81017738873362
3.100201199995354, -200.0, -200.0, -0.0023193359375, -0.00653076171875, 0.8280029296875, -0.56060791015625, -111.79753222483785, -112.81017738873362
3.1103414219105616, -200.0, -200.0, -0.00018310546875, -0.005859375, 0.865234375, -0.501220703125, -119.82967635795677, -112.81017738873362
3.120176926953718, -200.0, -200.0, -0.00018310546875, -0.005859375, 0.865234375, -0.501220703125, -119.82967635795677, -112.81017738873362
3.130218685953878, -200.0, -200.0, -0.00018310546875, -0.005859375, 0.865234375, -0.501220703125, -119.82967635795677, -112.81017738873362
3.140183890936896, -200.0, -200.0, 0.0003662109375, -0.00457763671875, 0.890380859375, -0.455078125, -125.85238308120547, -112.81017738873362
3.15025304898154, -200.0, -200.0, 0.0003662109375, -0.00457763671875, 0.890380859375, -0.455078125, -125.85238308120547, -112.81017738873362
3.160178210004233, -200.0, -200.0, 0.0003662109375, -0.00457763671875, 0.890380859375, -0.455078125, -125.85238308120547, -112.81017738873362
3.170179088949226, -200.0, -200.0, 0.000732421875, -0.003173828125, 0.91302490234375, -0.40777587890625, -131.86316708362176, -112.81017738873362
3.180185377947055, -200.0, -200.0, 0.000732421875, -0.003173828125, 0.91302490234375, -0.40777587890625, -131.86316708362176, -112.81017738873362
3.1902228159597144, -200.0, -200.0, 0.000732421875, -0.003173828125, 0.91302490234375, -0.40777587890625, -131.86316708362176, -112.81017738873362
3.200215484946966, -200.0, -200.0, 0.000732421875, -0.003173828125, 0.91302490234375, -0.40777587890625, -131.86316708362176, -112.81017738873362
3.2102916339645162, -200.0, -200.0, 0.0006103515625, -0.0009765625, 0.939208984375, -0.34320068359375, -139.85024798601467, -112.81017738873362
3.220242512994446, -200.0, -200.0, 0.0006103515625, -0.0009765625, 0.939208984375, -0.34320068359375, -139.85024798601467, -112.81017738873362
3.230207497952506, -200.0, -200.0, 0.0006103515625, -0.0009765625, 0.939208984375, -0.34320068359375, -139.85024798601467, -152.84604154843703
3.2403821649495512, -200.0, -200.0, 0.0, 0.00018310546875, 0.95587158203125, -0.29376220703125, -145.83268331632738, -152.84604154843703
3.2502817399799824, -200.0, -200.0, 0.0, 0.00018310546875, 0.95587158203125, -0.29376220703125, -145.83268331632738, -152.84604154843703
3.2603457008954138, -200.0, -200.0, 0.0, 0.00018310546875, 0.95587158203125, -0.29376220703125, -145.83268331632738, -152.84604154843703
3.270224140956998, -200.0, -200.0, -0.0010986328125, 0.000732421875, 0.96990966796875, -0.24322509765625, -151.84117796676674, -152.84604154843703
3.2801450398983434, -200.0, -200.0, -0.0010986328125, 0.000732421875, 0.96990966796875, -0.24322509765625, -151.84117796676674, -152.84604154843703
3.290171654894948, -200.0, -200.0, -0.0010986328125, 0.000732421875, 0.96990966796875, -0.24322509765625, -151.84117796676674, -152.84604154843703
3.3001417329069227, -200.0, -200.0, -0.0010986328125, 0.000732421875, 0.96990966796875, -0.24322509765625, -151.84117796676674, -152.84604154843703
3.3102161400020123, -200.0, -200.0, -0.00347900390625, 0.0008544921875, 0.98455810546875, -0.17474365234375, -159.8689399096898, -152.84604154843703
3.3204049839405343, -200.0, -200.0, -0.00347900390625, 0.0008544921875, 0.98455810546875, -0.17474365234375, -159.8689399096898, -152.84604154843703
3.3304248069180176, -200.0, -200.0, -0.00347900390625, 0.0008544921875, 0.98455810546875, -0.17474365234375, -159.8689399096898, -152.84604154843703
3.340325322933495, -200.0, -200.0, -0.005126953125, 6.103515625e-05, 0.99237060546875, -0.1229248046875, -165.87620336296834, -152.84604154843703
3.3503310709493235, -200.0, -200.0, -0.005126953125, 6.103515625e-05, 0.99237060546875, -0.1229248046875, -165.87620336296834, -152.84604154843703
3.3607093709288165, -200.0, -200.0, -0.005126953125, 6.103515625e-05, 0.99237060546875, -0.1229248046875, -165.87620336296834, -152.84604154843703
3.370369965909049, -200.0, -200.0, -0.00628662109375, -0.0008544921875, 0.99798583984375, -0.06231689453125, -172.85349296039976, -152.84604154843703
3.3801227749790996, -200.0, -200.0, -0.00628662109375, -0.0008544921875, 0.99798583984375, -0.06231689453125, -172.85349296039976, -152.84604154843703
3.3902188589563593, -200.0, -200.0, -0.00628662109375, -0.0008544921875, 0.99798583984375, -0.06231689453125, -172.85349296039976, -152.84604154843703
3.4001942799659446, -200.0, -200.0, -0.00628662109375, -0.0008544921875, 0.99798583984375, -0.06231689453125, -172.85349296039976, -152.84604154843703
3.4105221229838207, -200.0, -200.0, -0.00677490234375, -0.00140380859375, 0.99993896484375, -0.00152587890625, -179.82620646057433, -152.84604154843703
3.4203456529648975, -200.0, -200.0, -0.00677490234375, -0.00140380859375, 0.99993896484375, -0.00152587890625, -179.82620646057433, -152.84604154843703
3.430230573983863, -200.0, -200.0, -0.00677490234375, -0.00140380859375, 0.99993896484375, -0.00152587890625, -179.82620646057433, -152.84604154843703
3.440492538968101, -200.0, -200.0, -0.00689697265625, -0.00103759765625, 0.9986572265625, 0.0506591796875, 174.19057421756156, 167.1904223527043
3.4504825309850276, -200.0, -200.0, -0.00689697265625, -0.00103759765625, 0.9986572265625, 0.0506591796875, 174.19057421756156, 167.1904223527043
3.4603947579162195, -200.0, -200.0, -0.00689697265625, -0.00103759765625, 0.9986572265625, 0.0506591796875, 174.19057421756156, 167.1904223527043
3.4702088789781556, -200.0, -200.0, -0.007080078125, 0.00018310546875, 0.99462890625, 0.10284423828125, 168.191782479474, 167.1904223527043
3.480375605984591, -200.0, -200.0, -0.007080078125, 0.00018310546875, 0.99462890625, 0.10284423828125, 168.191782479474, 167.1904223527043
3.49046093900688, -200.0, -200.0, -0.007080078125, 0.00018310546875, 0.99462890625, 0.10284423828125, 168.191782479474, 167.1904223527043
3.5003924049669877, -200.0, -200.0, -0.00738525390625, 0.002685546875, 0.98504638671875, 0.17193603515625, 160.19803478792053, 167.1904223527043
3.510230821906589, -200.0, -200.0, -0.00738525390625, 0.002685546875, 0.98504638671875, 0.17193603515625, 160.19803478792053, 167.1904223527043
3.5202247540000826, -200.0, -200.0, -0.00738525390625, 0.002685546875, 0.98504638671875, 0.17193603515625, 160.19803478792053, 167.1904223527043
3.530318736913614, -200.0, -200.0, -0.0074462890625, 0.00433349609375, 0.97662353515625, 0.21466064453125, 155.20836092028975, 167.1904223527043
3.5406350349076092, -200.0, -200.0, -0.0074462890625, 0.00433349609375, 0.97662353515625, 0.21466064453125, 155.20836092028975, 167.1904223527043
3.550386479939334, -200.0, -200.0, -0.0074462890625, 0.00433349609375, 0.97662353515625, 0.21466064453125, 155.20836092028975, 167.1904223527043
3.560680483933538, -200.0, -200.0, -0.0074462890625, 0.00433349609375, 0.97662353515625, 0.21466064453125, 155.20836092028975, 167.1904223527043
3.570427272003144, -200.0, -200.0, -0.0069580078125, 0.00616455078125, 0.96405029296875, 0.26531982421875, 149.22495861423295, 167.1904223527043
3.5803203219547868, -200.0, -200.0, -0.0069580078125, 0.00616455078125, 0.96405029296875, 0.26531982421875, 149.22495861423295, 167.1904223527043
3.5901592399459332, -200.0, -200.0, -0.0069580078125, 0.00616455078125, 0.96405029296875, 0.26531982421875, 149.22495861423295, 167.1904223527043
3.600289599969983, -200.0, -200.0, -0.0069580078125, 0.00616455078125, 0.96405029296875, 0.26531982421875, 149.22495861423295, 167.1904223527043
3.610425024991855, -200.0, -200.0, -0.0069580078125, 0.00616455078125, 0.96405029296875, 0.26531982421875, 149.22495861423295, 167.1904223527043
3.6204645429970697, -200.0, -200.0, -0.00628662109375, 0.00714111328125, 0.94036865234375, 0.33984375, 140.26076817609243, 167.1904223527043
3.6301549579948187, -200.0, -200.0, -0.00628662109375, 0.00714111328125, 0.94036865234375, 0.33984375, 140.26076817609243, 167.1904223527043
3.6402008429868147, -200.0, -200.0, -0.00616455078125, 0.0057373046875, 0.92138671875, 0.38848876953125, 134.27651573116066, 127.26575367268869
3.6501875069225207, -200.0, -200.0, -0.00616455078125, 0.0057373046875, 0.92138671875, 0.38848876953125, 134.27651573116066, 127.26575367268869
3.660209066933021, -200.0, -200.0, -0.00616455078125, 0.0057373046875, 0.92138671875, 0.38848876953125, 134.27651573116066, 127.26575367268869
3.6704789419891313, -200.0, -200.0, -0.00531005859375, 0.00323486328125, 0.8997802734375, 0.4361572265625, 128.27244333984467, 127.26575367268869
3.6802172479219735, -200.0, -200.0, -0.00531005859375, 0.00323486328125, 0.8997802734375, 0.4361572265625, 128.27244333984467, 127.26575367268869
3.690397824975662, -200.0, -200.0, -0.00531005859375, 0.00323486328125, 0.8997802734375, 0.4361572265625, 128.27244333984467, 127.26575367268869
3.7006329939467832, -200.0, -200.0, -0.00531005859375, 0.00323486328125, 0.8997802734375, 0.4361572265625, 128.27244333984467, 127.26575367268869
3.7104906419990584, -200.0, -200.0, -0.00531005859375, 0.00323486328125, 0.8997802734375, 0.4361572265625, 128.27244333984467, 127.26575367268869
3.7202236469602212, -200.0, -200.0, -0.003173828125, -0.00347900390625, 0.86260986328125, 0.50579833984375, 119.22582672971404, 127.26575367268869
3.730561323929578, -200.0, -200.0, -0.003173828125, -0.00347900390625, 0.86260986328125, 0.50579833984375, 119.22582672971404, 127.26575367268869
3.7411903139436617, -200.0, -200.0, -0.00238037109375, -0.00830078125, 0.83953857421875, 0.54315185546875, 114.19497107436419, 127.26575367268869
3.7505300709744915, -200.0, -200.0, -0.00238037109375, -0.00830078125, 0.83953857421875, 0.54315185546875, 114.19497107436419, 127.26575367268869
3.760760781937279, -200.0, -200.0, -0.00238037109375, -0.00830078125, 0.83953857421875, 0.54315185546875, 114.19497107436419, 127.26575367268869
3.7714645959204063, -200.0, -200.0, -0.00238037109375, -0.00830078125, 0.83953857421875, 0.54315185546875, 114.19497107436419, 127.26575367268869
3.780499615939334, -200.0, -200.0, -0.0008544921875, -0.01513671875, 0.79937744140625, 0.6005859375, 106.17239642233069, 127.26575367268869
3.7901619089534506, -200.0, -200.0, -0.0008544921875, -0.01513671875, 0.79937744140625, 0.6005859375, 106.17239642233069, 127.26575367268869
3.800269037950784, -200.0, -200.0, 0.000244140625, -0.01861572265625, 0.772216796875, 0.635009765625, 101.15179076032072, 127.26575367268869
3.8105098929954693, -200.0, -200.0, 0.000244140625, -0.01861572265625, 0.772216796875, 0.635009765625, 101.15179076032072, 127.26575367268869
3.8201998699223623, -200.0, -200.0, 0.000244140625, -0.01861572265625, 0.772216796875, 0.635009765625, 101.15179076032072, 127.26575367268869
3.830506900907494, -200.0, -200.0, 0.000244140625, -0.01861572265625, 0.772216796875, 0.635009765625, 101.15179076032072, 87.0960451260097
3.8402870869031176, -200.0, -200.0, 0.0030517578125, -0.02239990234375, 0.73175048828125, 0.68115234375, 94.12713806691546, 87.0960451260097
3.8502759699476883, -200.0, -200.0, 0.0030517578125, -0.02239990234375, 0.73175048828125, 0.68115234375, 94.12713806691546, 87.0960451260097
3.860205548000522, -200.0, -200.0, 0.0030517578125, -0.02239990234375, 0.73175048828125, 0.68115234375, 94.12713806691546, 87.0960451260097
3.870307339937426, -200.0, -200.0, 0.00750732421875, -0.02520751953125, 0.68218994140625, 0.73065185546875, 94.12713806691546, 87.0960451260097
3.880203509936109, -200.0, -200.0, 0.00750732421875, -0.02520751953125, 0.68218994140625, 0.73065185546875, 86.09840812293855, 87.0960451260097
3.890288307913579, -200.0, -200.0, 0.00750732421875, -0.02520751953125, 0.68218994140625, 0.73065185546875, 86.09840812293855, 87.0960451260097
3.9002593850018457, -200.0, -200.0, 0.0113525390625, -0.0257568359375, 0.64300537109375, 0.7652587890625, 80.09406065060229, 87.0960451260097
3.910213317954913, -200.0, -200.0, 0.0113525390625, -0.0257568359375, 0.64300537109375, 0.7652587890625, 80.09406065060229, 87.0960451260097
3.920378891984001, -200.0, -200.0, 0.0113525390625, -0.0257568359375, 0.64300537109375, 0.7652587890625, 80.09406065060229, 87.0960451260097
3.9303532869089395, -200.0, -200.0, 0.0113525390625, -0.0257568359375, 0.64300537109375, 0.7652587890625, 80.09406065060229, 87.0960451260097
3.940217059920542, -200.0, -200.0, 0.01605224609375, -0.02484130859375, 0.59521484375, 0.802978515625, 73.0986117141125, 87.0960451260097
3.9502046989509836, -200.0, -200.0, 0.01605224609375, -0.02484130859375, 0.59521484375, 0.802978515625, 73.0986117141125, 87.0960451260097
3.960333863971755, -200.0, -200.0, 0.01605224609375, -0.02484130859375, 0.59521484375, 0.802978515625, 73.0986117141125, 87.0960451260097
3.970225459896028, -200.0, -200.0, 0.01605224609375, -0.02484130859375, 0.59521484375, 0.802978515625, 73.0986117141125, 87.0960451260097
3.9803347419947386, -200.0, -200.0, 0.01971435546875, -0.02252197265625, 0.54510498046875, 0.8377685546875, 66.08100429401509, 87.0960451260097
3.9902185749961063, -200.0, -200.0, 0.01971435546875, -0.02252197265625, 0.54510498046875, 0.8377685546875, 66.08100429401509, 87.0960451260097
4.000181746901944, -200.0, -200.0, 0.01971435546875, -0.02252197265625, 0.54510498046875, 0.8377685546875, 66.08100429401509, 87.0960451260097
4.010747995926067, 0.0, 0.0, 0.02142333984375, -0.02032470703125, 0.50042724609375, 0.865234375, 60.05707752914014, 87.0960451260097
4.020341758965515, 0.0, 0.0, 0.02142333984375, -0.02032470703125, 0.50042724609375, 0.865234375, 60.05707752914014, 87.0960451260097
4.030132174957544, 0.0, 0.0, 0.02142333984375, -0.02032470703125, 0.50042724609375, 0.865234375, 60.05707752914014, 47.04363141794733
4.04026606597472, 0.0, 0.0, 0.022705078125, -0.0174560546875, 0.45452880859375, 0.8902587890625, 54.05638294681171, 47.04363141794733
4.050230553955771, 0.0, 0.0, 0.022705078125, -0.0174560546875, 0.45452880859375, 0.8902587890625, 54.05638294681171, 47.04363141794733
4.060142534901388, 0.0, 0.0, 0.022705078125, -0.0174560546875, 0.45452880859375, 0.8902587890625, 54.05638294681171, 47.04363141794733
4.070282040978782, 0.0, 0.0, 0.023193359375, -0.0128173828125, 0.39117431640625, 0.91986083984375, 46.030891693898546, 47.04363141794733
4.080196741968393, 0.0, 0.0, 0.023193359375, -0.0128173828125, 0.39117431640625, 0.91986083984375, 46.030891693898546, 47.04363141794733
4.090198904974386, 0.0, 0.0, 0.023193359375, -0.0128173828125, 0.39117431640625, 0.91986083984375, 46.030891693898546, 47.04363141794733
4.10037741297856, 0.0, 0.0, 0.0228271484375, -0.0093994140625, 0.3504638671875, 0.93621826171875, 41.00862032526656, 47.04363141794733
4.11029461491853, 0.0, 0.0, 0.0228271484375, -0.0093994140625, 0.3504638671875, 0.93621826171875, 41.00862032526656, 47.04363141794733
4.120172671973705, 0.0, 0.0, 0.0228271484375, -0.0093994140625, 0.3504638671875, 0.93621826171875, 41.00862032526656, 47.04363141794733
4.130175604950637, 0.0, 0.0, 0.02166748046875, -0.005126953125, 0.29248046875, 0.95599365234375, 33.99644297897826, 47.04363141794733
4.14035626698751, 0.0, 0.0, 0.02166748046875, -0.005126953125, 0.29248046875, 0.95599365234375, 33.99644297897826, 47.04363141794733
4.150239253998734, 0.0, 0.0, 0.02166748046875, -0.005126953125, 0.29248046875, 0.95599365234375, 33.99644297897826, 47.04363141794733
4.160163640975952, 0.0, 0.0, 0.02166748046875, -0.005126953125, 0.29248046875, 0.95599365234375, 33.99644297897826, 47.04363141794733
4.170155730913393, 0.0, 0.0, 0.02166748046875, -0.005126953125, 0.29248046875, 0.95599365234375, 33.99644297897826, 47.04363141794733
4.180165243917145, 0.0, 0.0, 0.02001953125, -0.00079345703125, 0.216796875, 0.9759521484375, 25.034360429701408, 47.04363141794733
4.190176254953258, 0.0, 0.0, 0.02001953125, -0.00079345703125, 0.216796875, 0.9759521484375, 25.034360429701408, 47.04363141794733
4.2002050610026345, 0.0, 0.0, 0.02001953125, -0.00079345703125, 0.216796875, 0.9759521484375, 25.034360429701408, 47.04363141794733
4.210220792912878, 0.0, 0.0, 0.02001953125, -0.00079345703125, 0.216796875, 0.9759521484375, 25.034360429701408, 47.04363141794733
4.220196194946766, 0.0, 0.0, 0.01837158203125, 0.00103759765625, 0.17535400390625, 0.98431396484375, 20.197000803831475, 47.04363141794733
4.230189467896707, 0.0, 0.0, 0.01837158203125, 0.00103759765625, 0.17535400390625, 0.98431396484375, 20.197000803831475, 47.04363141794733
4.240356712951325, 0.0, 0.0, 0.01605224609375, 0.00286865234375, 0.12799072265625, 0.9915771484375, 14.709529852557427, 8.93516041088324
4.250198742956854, 0.0, 0.0, 0.01605224609375, 0.00286865234375, 0.12799072265625, 0.9915771484375, 14.709529852557427, 8.93516041088324
4.2603148989146575, 0.0, 0.0, 0.01605224609375, 0.00286865234375, 0.12799072265625, 0.9915771484375, 14.709529852557427, 8.93516041088324
4.270171222975478, 0.0, 0.0, 0.01605224609375, 0.00286865234375, 0.12799072265625, 0.9915771484375, 14.709529852557427, 8.93516041088324
4.280172350001521, 0.0, 0.0, 0.01605224609375, 0.00286865234375, 0.12799072265625, 0.9915771484375, 14.709529852557427, 8.93516041088324
4.290228323894553, 0.0, 0.0, 0.01605224609375, 0.00286865234375, 0.12799072265625, 0.9915771484375, 14.709529852557427, 8.93516041088324
4.300288453930989, 0.0, 0.0, 0.01177978515625, 0.00445556640625, 0.07122802734375, 0.99737548828125, 8.174641679244917, 8.93516041088324
4.310575584997423, 0.0, 0.0, 0.01177978515625, 0.00445556640625, 0.07122802734375, 0.99737548828125, 8.174641679244917, 8.93516041088324
4.320427109953016, 0.0, 0.0, 0.01177978515625, 0.00445556640625, 0.07122802734375, 0.99737548828125, 8.174641679244917, 8.93516041088324
4.330376103986055, 0.0, 0.0, 0.00836181640625, 0.00518798828125, 0.0340576171875, 0.99932861328125, 3.9082847511729906, 8.93516041088324
4.340853493893519, 0.0, 0.0, 0.00836181640625, 0.00518798828125, 0.0340576171875, 0.99932861328125, 3.9082847511729906, 8.93516041088324
4.350160144967958, 0.0, 0.0, 0.00518798828125, 0.00537109375, 0.00189208984375, 0.99993896484375, 0.22001059297109055, 8.93516041088324
4.360158041934483, 0.0, 0.0, 0.00518798828125, 0.00537109375, 0.00189208984375, 0.99993896484375, 0.22001059297109055, 8.93516041088324
4.370225894963369, 0.0, 0.0, 0.00518798828125, 0.00537109375, 0.00189208984375, 0.99993896484375, 0.22001059297109055, 8.93516041088324
4.380399596993811, 0.0, 0.0, 0.00164794921875, 0.00518798828125, -0.0343017578125, 0.9993896484375, -3.9306113747053053, 8.93516041088324
4.390199349960312, 0.0, 0.0, 0.00164794921875, 0.00518798828125, -0.0343017578125, 0.9993896484375, -3.9306113747053053, 8.93516041088324
4.400264939991757, 0.0, 0.0, 0.0008544921875, 0.00506591796875, -0.05731201171875, 0.998291015625, -3.9306113747053053, 8.93516041088324
4.410497713950463, 0.0, 0.0, 0.0008544921875, 0.00506591796875, -0.05731201171875, 0.998291015625, -6.5704911054302695, 8.93516041088324
4.420224489993416, 0.0, 0.0, 0.0008544921875, 0.00506591796875, -0.05731201171875, 0.998291015625, -6.5704911054302695, 8.93516041088324
4.430230618920177, 0.0, 0.0, 0.0008544921875, 0.00506591796875, -0.05731201171875, 0.998291015625, -6.5704911054302695, -11.203036786100409
4.44035502593033, 0.0, 0.0, 0.00018310546875, 0.00469970703125, -0.07745361328125, 0.9969482421875, -8.884303533421784, -11.203036786100409
4.45065492100548, 0.0, 0.0, 0.00018310546875, 0.00469970703125, -0.07745361328125, 0.9969482421875, -8.884303533421784, -11.203036786100409
4.460308646899648, 0.0, 0.0, 0.00018310546875, 0.00469970703125, -0.07745361328125, 0.9969482421875, -8.884303533421784, -11.203036786100409
4.47022737597581, 0.0, 0.0, 0.00018310546875, 0.00469970703125, -0.07745361328125, 0.9969482421875, -8.884303533421784, -11.203036786100409
4.480188800953329, 0.0, 0.0, -0.00103759765625, 0.00469970703125, -0.10015869140625, 0.99493408203125, -11.497248910781996, -11.203036786100409
4.4901808589929715, 0.0, 0.0, -0.00103759765625, 0.00469970703125, -0.10015869140625, 0.99493408203125, -11.497248910781996, -11.203036786100409
4.500233429949731, 0.0, 0.0, -0.00103759765625, 0.00469970703125, -0.10015869140625, 0.99493408203125, -11.497248910781996, -11.203036786100409
4.510488787898794, 0.0, 0.0, -0.0015869140625, 0.0052490234375, -0.11456298828125, 0.99334716796875, -13.15760748700499, -11.203036786100409
4.5209131999872625, 0.0, 0.0, -0.0015869140625, 0.0052490234375, -0.11456298828125, 0.99334716796875, -13.15760748700499, -11.203036786100409
4.5305544949369505, 0.0, 0.0, -0.00189208984375, 0.0057373046875, -0.1268310546875, 0.99188232421875, -14.574580586085686, -11.203036786100409
4.540131523972377, 0.0, 0.0, -0.00189208984375, 0.0057373046875, -0.1268310546875, 0.99188232421875, -14.574580586085686, -11.203036786100409
4.550383095978759, 0.0, 0.0, -0.00189208984375, 0.0057373046875, -0.1268310546875, 0.99188232421875, -14.574580586085686, -11.203036786100409
4.560209646937437, 0.0, 0.0, -0.00189208984375, 0.0057373046875, -0.1268310546875, 0.99188232421875, -14.574580586085686, -11.203036786100409
4.570251515950076, 0.0, 0.0, -0.00189208984375, 0.0057373046875, -0.1268310546875, 0.99188232421875, -14.574580586085686, -11.203036786100409
4.5802162329200655, 0.0, 0.0, -0.0006103515625, 0.005126953125, -0.13970947265625, 0.9901123046875, -16.0620136828286, -11.203036786100409
4.590139038977213, 0.0, 0.0, -0.0006103515625, 0.005126953125, -0.13970947265625, 0.9901123046875, -16.0620136828286, -11.203036786100409
4.600260941893794, 0.0, 0.0, -0.0006103515625, 0.005126953125, -0.13970947265625, 0.9901123046875, -16.0620136828286, -11.203036786100409
4.610255039995536, 0.0, 0.0, 0.00238037109375, 0.0032958984375, -0.1484375, 0.9888916015625, -17.07179163085833, -11.203036786100409
4.620212110923603, 0.0, 0.0, 0.00238037109375, 0.0032958984375, -0.1484375, 0.9888916015625, -17.07179163085833, -18.33841246860767
4.630196034908295, 0.0, 0.0, 0.00238037109375, 0.0032958984375, -0.1484375, 0.9888916015625, -17.07179163085833, -18.33841246860767
4.640451499959454, 0.0, 0.0, 0.00555419921875, 0.00164794921875, -0.154541015625, 0.9879150390625, -17.778248589075414, -18.33841246860767
4.6503955939551815, 0.0, 0.0, 0.00555419921875, 0.00164794921875, -0.154541015625, 0.9879150390625, -17.778248589075414, -18.33841246860767
4.660851722001098, 0.0, 0.0, 0.00555419921875, 0.00164794921875, -0.154541015625, 0.9879150390625, -17.778248589075414, -18.33841246860767
4.670196147984825, 0.0, 0.0, 0.00555419921875, 0.00164794921875, -0.154541015625, 0.9879150390625, -17.778248589075414, -18.33841246860767
4.680190542945638, 0.0, 0.0, 0.007568359375, -6.103515625e-05, -0.1593017578125, 0.9871826171875, -18.33197056739826, -18.33841246860767
4.6901765409857035, 0.0, 0.0, 0.007568359375, -6.103515625e-05, -0.1593017578125, 0.9871826171875, -18.33197056739826, -18.33841246860767
4.700272123911418, 0.0, 0.0, 0.007568359375, -6.103515625e-05, -0.1593017578125, 0.9871826171875, -18.33197056739826, -18.33841246860767
4.710209036944434, 0.0, 0.0, 0.0086669921875, -0.001953125, -0.16278076171875, 0.986572265625, -18.73706477659641, -18.33841246860767
4.720642507891171, 0.0, 0.0, 0.0086669921875, -0.001953125, -0.16278076171875, 0.986572265625, -18.73706477659641, -18.33841246860767
4.730256393901072, 0.0, 0.0, 0.0091552734375, -0.00372314453125, -0.16571044921875, 0.986083984375, -18.73706477659641, -18.33841246860767
4.7405958629678935, 0.0, 0.0, 0.0091552734375, -0.00372314453125, -0.16571044921875, 0.986083984375, -19.079603947703806, -18.33841246860767
4.750269413925707, 0.0, 0.0, 0.0091552734375, -0.00372314453125, -0.16571044921875, 0.986083984375, -19.079603947703806, -18.33841246860767
4.760524003999308, 0.0, 0.0, 0.0091552734375, -0.00372314453125, -0.16571044921875, 0.986083984375, -19.079603947703806, -18.33841246860767
4.770771069917828, 0.0, 0.0, 0.0091552734375, -0.00372314453125, -0.16571044921875, 0.986083984375, -19.079603947703806, -18.33841246860767
4.7803523920010775, 0.0, 0.0, 0.009033203125, -0.00555419921875, -0.1689453125, 0.98553466796875, -19.45794775243968, -18.33841246860767
4.790192806976847, 0.0, 0.0, 0.009033203125, -0.00555419921875, -0.1689453125, 0.98553466796875, -19.45794775243968, -18.33841246860767
4.800456131924875, 0.0, 0.0, 0.009033203125, -0.00555419921875, -0.1689453125, 0.98553466796875, -19.45794775243968, -18.33841246860767
4.810433057951741, 0.0, 0.0, 0.009033203125, -0.00555419921875, -0.1689453125, 0.98553466796875, -19.45794775243968, -18.33841246860767
4.8202134049497545, 0.0, 0.0, 0.00811767578125, -0.0062255859375, -0.170654296875, 0.9852294921875, -19.656805798462486, -18.33841246860767
4.8303045079810545, 0.0, 0.0, 0.00811767578125, -0.0062255859375, -0.170654296875, 0.9852294921875, -19.656805798462486, -19.887963825230123
4.840601978939958, 0.0, 0.0, 0.00604248046875, -0.006103515625, -0.1719970703125, 0.98504638671875, -19.81238243068308, -19.887963825230123
4.850220295949839, 0.0, 0.0, 0.00604248046875, -0.006103515625, -0.1719970703125, 0.98504638671875, -19.81238243068308, -19.887963825230123
4.860161199001595, 0.0, 0.0, 0.00604248046875, -0.006103515625, -0.1719970703125, 0.98504638671875, -19.81238243068308, -19.887963825230123
4.870694610988721, 0.0, 0.0, 0.00360107421875, -0.00567626953125, -0.17279052734375, 0.98492431640625, -19.903033191098366, -19.887963825230123
4.880359296919778, 0.0, 0.0, 0.00360107421875, -0.00567626953125, -0.17279052734375, 0.98492431640625, -19.903033191098366, -19.887963825230123
4.890361292986199, 0.0, 0.0, 0.00360107421875, -0.00567626953125, -0.17279052734375, 0.98492431640625, -19.903033191098366, -19.887963825230123
4.900179277989082, 0.0, 0.0, 0.00360107421875, -0.00567626953125, -0.17279052734375, 0.98492431640625, -19.903033191098366, -19.887963825230123
4.9102636959869415, 0.0, 0.0, 0.0008544921875, -0.00518798828125, -0.17352294921875, 0.98480224609375, -19.986444882601038, -19.887963825230123
4.920090550906025, 0.0, 0.0, 0.0008544921875, -0.00518798828125, -0.17352294921875, 0.98480224609375, -19.986444882601038, -19.887963825230123
4.930144312907942, 0.0, 0.0, 0.0008544921875, -0.00518798828125, -0.17352294921875, 0.98480224609375, -19.986444882601038, -19.887963825230123
4.940163944964297, 0.0, 0.0, -0.00189208984375, -0.00482177734375, -0.17413330078125, 0.98468017578125, -20.055596999128483, -19.887963825230123
4.9505463019013405, 0.0, 0.0, -0.00189208984375, -0.00482177734375, -0.17413330078125, 0.98468017578125, -20.055596999128483, -19.887963825230123
4.960194338927977, 0.0, 0.0, -0.00189208984375, -0.00482177734375, -0.17413330078125, 0.98468017578125, -20.055596999128483, -19.887963825230123
4.970340355997905, 0.0, 0.0, -0.00189208984375, -0.00482177734375, -0.17413330078125, 0.98468017578125, -20.055596999128483, -19.887963825230123
4.980731568997726, 0.0, 0.0, -0.00189208984375, -0.00482177734375, -0.17413330078125, 0.98468017578125, -20.055596999128483, -19.887963825230123
4.990907245897688, 0.0, 0.0, -0.00323486328125, -0.00445556640625, -0.1748046875, 0.98455810546875, -20.13297021047475, -19.887963825230123
5.000394693925045, 0.0, 0.0, -0.00323486328125, -0.00445556640625, -0.1748046875, 0.98455810546875, -20.13297021047475, -19.887963825230123
5.010197215946391, 0.0, 0.0, -0.0042724609375, -0.00384521484375, -0.1754150390625, 0.98443603515625, -20.20333754758046, -19.887963825230123
5.020227528992109, 0.0, 0.0, -0.0042724609375, -0.00384521484375, -0.1754150390625, 0.98443603515625, -20.20333754758046, -20.248459502076102
5.030223220936023, 0.0, 0.0, -0.0042724609375, -0.00384521484375, -0.1754150390625, 0.98443603515625, -20.20333754758046, -20.248459502076102
5.040201659896411, 0.0, 0.0, -0.0042724609375, -0.00384521484375, -0.1754150390625, 0.98443603515625, -20.20333754758046, -20.248459502076102
5.05024799099192, 0.0, 0.0, -0.00567626953125, -0.002197265625, -0.17584228515625, 0.984375, -20.253386375433283, -20.248459502076102
5.060178195941262, 0.0, 0.0, -0.00567626953125, -0.002197265625, -0.17584228515625, 0.984375, -20.253386375433283, -20.248459502076102
5.070315660908818, 0.0, 0.0, -0.00567626953125, -0.002197265625, -0.17584228515625, 0.984375, -20.253386375433283, -20.248459502076102
5.080242969910614, 0.0, 0.0, -0.00555419921875, -0.00128173828125, -0.17572021484375, 0.984375, -20.239214628423202, -20.248459502076102
5.0907440189039335, 0.0, 0.0, -0.00555419921875, -0.00128173828125, -0.17572021484375, 0.984375, -20.239214628423202, -20.248459502076102
5.100211062002927, 0.0, 0.0, -0.00555419921875, -0.00128173828125, -0.17572021484375, 0.984375, -20.239214628423202, -20.248459502076102
5.1103378989500925, 0.0, 0.0, -0.00555419921875, -0.00128173828125, -0.17572021484375, 0.984375, -20.239214628423202, -20.248459502076102
5.120355357998051, 0.0, 0.0, -0.0052490234375, -0.0006103515625, -0.175537109375, 0.98443603515625, -20.21880813665482, -20.248459502076102
5.130223246989772, 0.0, 0.0, -0.0052490234375, -0.0006103515625, -0.175537109375, 0.98443603515625, -20.21880813665482, -20.248459502076102
5.140215992927551, 0.0, 0.0, -0.0050048828125, 0.00018310546875, -0.17510986328125, 0.9844970703125, -20.169226727703784, -20.248459502076102
5.1501799039542675, 0.0, 0.0, -0.0050048828125, 0.00018310546875, -0.17510986328125, 0.9844970703125, -20.169226727703784, -20.248459502076102
5.160279112984426, 0.0, 0.0, -0.0050048828125, 0.00018310546875, -0.17510986328125, 0.9844970703125, -20.169226727703784, -20.248459502076102
5.170206303941086, 0.0, 0.0, -0.0050048828125, 0.00018310546875, -0.17510986328125, 0.9844970703125, -20.169226727703784, -20.248459502076102
5.180179841001518, 0.0, 0.0, -0.0050048828125, 0.00018310546875, -0.17510986328125, 0.9844970703125, -20.169226727703784, -20.248459502076102
5.19044206594117, 0.0, 0.0, -0.004638671875, 0.00140380859375, -0.17474365234375, 0.98455810546875, -20.1272093600002, -20.248459502076102
5.200401467969641, 0.0, 0.0, -0.004638671875, 0.00140380859375, -0.17474365234375, 0.98455810546875, -20.1272093600002, -20.248459502076102
5.210773406899534, 0.0, 0.0, -0.004638671875, 0.00140380859375, -0.17474365234375, 0.98455810546875, -20.1272093600002, -20.248459502076102
5.220593203906901, 0.0, 0.0, -0.0045166015625, 0.00244140625, -0.17462158203125, 0.98455810546875, -20.113239483158786, -20.248459502076102
5.230302255949937, 0.0, 0.0, -0.0045166015625, 0.00244140625, -0.17462158203125, 0.98455810546875, -20.113239483158786, -20.248459502076102
5.240248430985957, 0.0, 0.0, -0.0045166015625, 0.00244140625, -0.17462158203125, 0.98455810546875, -20.113239483158786, -20.16623768484749
5.250316585996188, 0.0, 0.0, -0.0042724609375, 0.00323486328125, -0.1748046875, 0.98455810546875, -20.135637659100066, -20.16623768484749
5.260144692962058, 0.0, 0.0, -0.0042724609375, 0.00323486328125, -0.1748046875, 0.98455810546875, -20.135637659100066, -20.16623768484749
5.270415515988134, 0.0, 0.0, -0.003662109375, 0.0037841796875, -0.175048828125, 0.9844970703125, -20.163875264412386, -20.16623768484749
5.280152691993862, 0.0, 0.0, -0.003662109375, 0.0037841796875, -0.175048828125, 0.9844970703125, -20.163875264412386, -20.16623768484749
5.290283774957061, 0.0, 0.0, -0.003662109375, 0.0037841796875, -0.175048828125, 0.9844970703125, -20.163875264412386, -20.16623768484749
5.300608886987902, 0.0, 0.0, -0.003662109375, 0.0037841796875, -0.175048828125, 0.9844970703125, -20.163875264412386, -20.16623768484749
5.310813182964921, 0.0, 0.0, -0.003662109375, 0.0037841796875, -0.175048828125, 0.9844970703125, -20.163875264412386, -20.16623768484749
5.3211058139568195, 0.0, 0.0, -0.0029296875, 0.0045166015625, -0.17523193359375, 0.9844970703125, -20.185973304340397, -20.16623768484749
5.3302922419970855, 0.0, 0.0, -0.0029296875, 0.0045166015625, -0.17523193359375, 0.9844970703125, -20.185973304340397, -20.16623768484749
5.340250477893278, 0.0, 0.0, -0.00201416015625, 0.00567626953125, -0.17510986328125, 0.9844970703125, -20.171629776618822, -20.16623768484749
5.35051905689761, 0.0, 0.0, -0.00201416015625, 0.00567626953125, -0.17510986328125, 0.9844970703125, -20.171629776618822, -20.16623768484749
5.360424001002684, 0.0, 0.0, -0.00201416015625, 0.00567626953125, -0.17510986328125, 0.9844970703125, -20.171629776618822, -20.16623768484749
5.370461115962826, 0.0, 0.0, -0.00201416015625, 0.00567626953125, -0.17510986328125, 0.9844970703125, -20.171629776618822, -20.16623768484749
5.380459782900289, 0.0, 0.0, -0.00164794921875, 0.006591796875, -0.17486572265625, 0.98455810546875, -20.143928474577177, -20.16623768484749
5.390203189919703, 0.0, 0.0, -0.00164794921875, 0.006591796875, -0.17486572265625, 0.98455810546875, -20.143928474577177, -20.16623768484749
5.400562873925082, 0.0, 0.0, -0.00164794921875, 0.006591796875, -0.17486572265625, 0.98455810546875, -20.143928474577177, -20.16623768484749
5.410362935974263, 0.0, 0.0, -0.001953125, 0.0074462890625, -0.1746826171875, 0.98455810546875, -20.122875192861414, -20.16623768484749
5.420198197942227, 0.0, 0.0, -0.001953125, 0.0074462890625, -0.1746826171875, 0.98455810546875, -20.122875192861414, -20.16623768484749
5.430345958913676, 0.0, 0.0, -0.001953125, 0.0074462890625, -0.1746826171875, 0.98455810546875, -20.122875192861414, -20.16623768484749
5.440743626910262, 0.0, 0.0, -0.001953125, 0.0074462890625, -0.1746826171875, 0.98455810546875, -20.122875192861414, -20.16623768484749
5.450252845999785, 0.0, 0.0, -0.001953125, 0.0074462890625, -0.1746826171875, 0.98455810546875, -20.122875192861414, -20.12182267222219
5.460640380973928, 0.0, 0.0, -0.00244140625, 0.00836181640625, -0.174560546875, 0.98455810546875, -20.109463514863656, -20.12182267222219
5.470452623907477, 0.0, 0.0, -0.00244140625, 0.00836181640625, -0.174560546875, 0.98455810546875, -20.109463514863656, -20.12182267222219
5.480200703954324, 0.0, 0.0, -0.00244140625, 0.00836181640625, -0.174560546875, 0.98455810546875, -20.109463514863656, -20.12182267222219
5.49016684491653, 0.0, 0.0, -0.00238037109375, 0.00872802734375, -0.17462158203125, 0.98455810546875, -20.117056008419155, -20.12182267222219
5.500231034005992, 0.0, 0.0, -0.00238037109375, 0.00872802734375, -0.17462158203125, 0.98455810546875, -20.117056008419155, -20.12182267222219
5.510208013001829, 0.0, 0.0, -0.002197265625, 0.0086669921875, -0.17474365234375, 0.98455810546875, -20.131442546073828, -20.12182267222219
5.5203026389935985, 0.0, 0.0, -0.002197265625, 0.0086669921875, -0.17474365234375, 0.98455810546875, -20.131442546073828, -20.12182267222219
5.530160975991748, 0.0, 0.0, -0.0018310546875, 0.0081787109375, -0.174560546875, 0.98455810546875, -20.108758842526132, -20.12182267222219
5.540431584930047, 0.0, 0.0, -0.0018310546875, 0.0081787109375, -0.174560546875, 0.98455810546875, -20.108758842526132, -20.12182267222219
5.550182804930955, 0.0, 0.0, -0.0018310546875, 0.0081787109375, -0.174560546875, 0.98455810546875, -20.108758842526132, -20.12182267222219
5.5602252329699695, 0.0, 0.0, -0.0018310546875, 0.0081787109375, -0.174560546875, 0.98455810546875, -20.108758842526132, -20.12182267222219
5.57033415499609, 0.0, 0.0, -0.0018310546875, 0.0081787109375, -0.174560546875, 0.98455810546875, -20.108758842526132, -20.12182267222219
5.580204690922983, 0.0, 0.0, -0.0009765625, 0.0074462890625, -0.17474365234375, 0.98455810546875, -20.129400024192062, -20.12182267222219
5.590255784918554, 0.0, 0.0, -0.0009765625, 0.0074462890625, -0.17474365234375, 0.98455810546875, -20.129400024192062, -20.12182267222219
5.600380147923715, 0.0, 0.0, -0.0009765625, 0.0074462890625, -0.17474365234375, 0.98455810546875, -20.129400024192062, -20.12182267222219
5.610430592903867, 0.0, 0.0, 6.103515625e-05, 0.00689697265625, -0.1746826171875, 0.98455810546875, -20.120954260779833, -20.12182267222219
5.621024722931907, 0.0, 0.0, 6.103515625e-05, 0.00689697265625, -0.1746826171875, 0.98455810546875, -20.120954260779833, -20.12182267222219
5.630214317934588, 0.0, 0.0, 6.103515625e-05, 0.00689697265625, -0.1746826171875, 0.98455810546875, -20.120954260779833, -20.096728557211563
5.640145112993196, 0.0, 0.0, 6.103515625e-05, 0.00689697265625, -0.1746826171875, 0.98455810546875, -20.120954260779833, -20.096728557211563
5.650333129917271, 0.0, 0.0, 0.00018310546875, 0.0069580078125, -0.174560546875, 0.98455810546875, -20.106282063026452, -20.096728557211563
5.660187674919143, 0.0, 0.0, 0.00018310546875, 0.0069580078125, -0.174560546875, 0.98455810546875, -20.106282063026452, -20.096728557211563
5.6702155959792435, 0.0, 0.0, 0.0001220703125, 0.00750732421875, -0.17437744140625, 0.984619140625, -20.085860311445657, -20.096728557211563
5.680157397990115, 0.0, 0.0, 0.0001220703125, 0.00750732421875, -0.17437744140625, 0.984619140625, -20.085860311445657, -20.096728557211563
5.690161580918357, 0.0, 0.0, 0.0001220703125, 0.00750732421875, -0.17437744140625, 0.984619140625, -20.085860311445657, -20.096728557211563
5.700421743909828, 0.0, 0.0, 0.0001220703125, 0.00750732421875, -0.17437744140625, 0.984619140625, -20.085860311445657, -20.096728557211563
5.710284478962421, 0.0, 0.0, 0.001220703125, 0.00823974609375, -0.1744384765625, 0.984619140625, -20.09263682450017, -20.096728557211563
5.720586397917941, 0.0, 0.0, 0.001220703125, 0.00823974609375, -0.1744384765625, 0.984619140625, -20.09263682450017, -20.096728557211563
5.730362928938121, 0.0, 0.0, 0.001220703125, 0.00823974609375, -0.1744384765625, 0.984619140625, -20.09263682450017, -20.096728557211563
5.740145930903964, 0.0, 0.0, 0.00225830078125, 0.0098876953125, -0.17437744140625, 0.98455810546875, -20.084039492064164, -20.096728557211563
5.750205977004953, 0.0, 0.0, 0.00225830078125, 0.0098876953125, -0.17437744140625, 0.98455810546875, -20.084039492064164, -20.096728557211563
5.760388162918389, 0.0, 0.0, 0.00225830078125, 0.0098876953125, -0.17437744140625, 0.98455810546875, -20.084039492064164, -20.096728557211563
5.770306226913817, 0.0, 0.0, 0.00225830078125, 0.0098876953125, -0.17437744140625, 0.98455810546875, -20.084039492064164, -20.096728557211563
5.780627388972789, 0.0, 0.0, 0.00244140625, 0.01129150390625, -0.1744384765625, 0.98455810546875, -20.0919530290643, -20.096728557211563
5.790244398987852, 0.0, 0.0, 0.00244140625, 0.01129150390625, -0.1744384765625, 0.98455810546875, -20.0919530290643, -20.096728557211563
5.800226893974468, 0.0, 0.0, 0.00244140625, 0.01129150390625, -0.1744384765625, 0.98455810546875, -20.0919530290643, -20.096728557211563
5.810208404902369, 0.0, 0.0, 0.0030517578125, 0.0123291015625, -0.17486572265625, 0.9844970703125, -20.141847008726717, -20.096728557211563
5.820127510931343, 0.0, 0.0, 0.0030517578125, 0.0123291015625, -0.17486572265625, 0.9844970703125, -20.141847008726717, -20.130075248286857
5.830417690915056, 0.0, 0.0, 0.0030517578125, 0.0123291015625, -0.17486572265625, 0.9844970703125, -20.141847008726717, -20.130075248286857
5.840507413959131, 0.0, 0.0, 0.00421142578125, 0.01275634765625, -0.175048828125, 0.98443603515625, -20.141847008726717, -20.130075248286857
5.850406040903181, 0.0, 0.0, 0.00421142578125, 0.01275634765625, -0.175048828125, 0.98443603515625, -20.16131759670432, -20.130075248286857
5.860471993917599, 0.0, 0.0, 0.00421142578125, 0.01275634765625, -0.175048828125, 0.98443603515625, -20.16131759670432, -20.130075248286857
5.870259454939514, 0.0, 0.0, 0.00421142578125, 0.01275634765625, -0.175048828125, 0.98443603515625, -20.16131759670432, -20.130075248286857
5.880290731904097, 0.0, 0.0, 0.00494384765625, 0.01312255859375, -0.17474365234375, 0.9844970703125, -20.125092625942237, -20.130075248286857
5.890545707894489, 0.0, 0.0, 0.00494384765625, 0.01312255859375, -0.17474365234375, 0.9844970703125, -20.125092625942237, -20.130075248286857
5.90017720090691, 0.0, 0.0, 0.00494384765625, 0.01312255859375, -0.17474365234375, 0.9844970703125, -20.125092625942237, -20.130075248286857
5.910150660900399, 0.0, 0.0, 0.00494384765625, 0.01312255859375, -0.17474365234375, 0.9844970703125, -20.125092625942237, -20.130075248286857
5.920881846919656, 0.0, 0.0, 0.005859375, 0.01397705078125, -0.17401123046875, 0.984619140625, -20.038767453490053, -20.130075248286857
5.930374391959049, 0.0, 0.0, 0.005859375, 0.01397705078125, -0.17401123046875, 0.984619140625, -20.038767453490053, -20.130075248286857
5.940371611970477, 0.0, 0.0, 0.005859375, 0.01397705078125, -0.17401123046875, 0.984619140625, -20.038767453490053, -20.130075248286857
5.95030466793105, 0.0, 0.0, 0.005859375, 0.01397705078125, -0.17401123046875, 0.984619140625, -20.038767453490053, -20.130075248286857
5.960433854954317, 0.0, 0.0, 0.00653076171875, 0.01458740234375, -0.173828125, 0.984619140625, -20.01609193592061, -20.130075248286857
5.970255188993178, 0.0, 0.0, 0.00653076171875, 0.01458740234375, -0.173828125, 0.984619140625, -20.01609193592061, -20.130075248286857
5.980206813896075, 0.0, 0.0, 0.006591796875, 0.0150146484375, -0.173828125, 0.984619140625, -20.01618895522719, -20.130075248286857
5.9901777629274875, 0.0, 0.0, 0.006591796875, 0.0150146484375, -0.173828125, 0.984619140625, -20.01618895522719, -20.130075248286857
6.00035200396087, 0.0, 0.0, 0.006591796875, 0.0150146484375, -0.173828125, 0.984619140625, -20.01618895522719, -20.130075248286857
6.010446915985085, 0.0, 0.0, 0.006591796875, 0.0150146484375, -0.173828125, 0.984619140625, -20.01618895522719, -20.130075248286857
6.020216346951202, 0.0, 0.0, 0.006591796875, 0.01507568359375, -0.17431640625, 0.9844970703125, -20.072387842791724, -20.130075248286857
6.030172619968653, 0.0, 0.0, 0.006591796875, 0.01507568359375, -0.17431640625, 0.9844970703125, -20.072387842791724, -20.112128926242647
6.040428429958411, 0.0, 0.0, 0.006591796875, 0.01507568359375, -0.17431640625, 0.9844970703125, -20.072387842791724, -20.112128926242647
6.050176325952634, 0.0, 0.0, 0.00640869140625, 0.01507568359375, -0.17462158203125, 0.98443603515625, -20.108081513953078, -20.112128926242647
6.060324163991027, 0.0, 0.0, 0.00640869140625, 0.01507568359375, -0.17462158203125, 0.98443603515625, -20.108081513953078, -20.112128926242647
6.070359530975111, 0.0, 0.0, 0.00640869140625, 0.01507568359375, -0.17462158203125, 0.98443603515625, -20.108081513953078, -20.112128926242647
6.080434063915163, 0.0, 0.0, 0.006591796875, 0.0146484375, -0.17462158203125, 0.9844970703125, -20.108734416666803, -20.112128926242647
6.090202015941031, 0.0, 0.0, 0.006591796875, 0.0146484375, -0.17462158203125, 0.9844970703125, -20.108734416666803, -20.112128926242647
6.1001730429707095, 0.0, 0.0, 0.006591796875, 0.0146484375, -0.17462158203125, 0.9844970703125, -20.108734416666803, -20.112128926242647
6.110514717991464, 0.0, 0.0, 0.006591796875, 0.0146484375, -0.17462158203125, 0.9844970703125, -20.108734416666803, -20.112128926242647
6.120542910997756, 0.0, 0.0, 0.00836181640625, 0.01348876953125, -0.17413330078125, 0.98455810546875, -20.048383026867477, -20.112128926242647
6.13067402492743, 0.0, 0.0, 0.00836181640625, 0.01348876953125, -0.17413330078125, 0.98455810546875, -20.048383026867477, -20.112128926242647
6.1401545299449936, 0.0, 0.0, 0.0098876953125, 0.012451171875, -0.17388916015625, 0.984619140625, -20.01813196118437, -20.112128926242647
6.150217095972039, 0.0, 0.0, 0.0098876953125, 0.012451171875, -0.17388916015625, 0.984619140625, -20.01813196118437, -20.112128926242647
6.160240203957073, 0.0, 0.0, 0.0098876953125, 0.012451171875, -0.17388916015625, 0.984619140625, -20.01813196118437, -20.112128926242647
6.170177492895164, 0.0, 0.0, 0.01092529296875, 0.0107421875, -0.17401123046875, 0.984619140625, -20.031807548186702, -20.112128926242647
6.180303632980213, 0.0, 0.0, 0.01092529296875, 0.0107421875, -0.17401123046875, 0.984619140625, -20.031807548186702, -20.112128926242647
6.19019860890694, 0.0, 0.0, 0.01092529296875, 0.0107421875, -0.17401123046875, 0.984619140625, -20.031807548186702, -20.112128926242647
6.2002371969865635, 0.0, 0.0, 0.01092529296875, 0.0107421875, -0.17401123046875, 0.984619140625, -20.031807548186702, -20.112128926242647
6.210210079909302, 0.0, 0.0, 0.01092529296875, 0.0107421875, -0.17401123046875, 0.984619140625, -20.031807548186702, -20.112128926242647
6.22048423497472, 0.0, 0.0, 0.0123291015625, 0.0076904296875, -0.17462158203125, 0.9844970703125, -20.102797257022136, -20.112128926242647
6.230169644928537, 0.0, 0.0, 0.0123291015625, 0.0076904296875, -0.17462158203125, 0.9844970703125, -20.102797257022136, -20.17871302536652
6.240279476973228, 0.0, 0.0, 0.013427734375, 0.00482177734375, -0.17523193359375, 0.984375, -20.175397489155642, -20.17871302536652
6.250248801894486, 0.0, 0.0, 0.013427734375, 0.00482177734375, -0.17523193359375, 0.984375, -20.175397489155642, -20.17871302536652
6.260685071931221, 0.0, 0.0, 0.013427734375, 0.00482177734375, -0.17523193359375, 0.984375, -20.175397489155642, -20.17871302536652
6.2708449099445716, 0.0, 0.0, 0.013427734375, 0.00482177734375, -0.17523193359375, 0.984375, -20.175397489155642, -20.17871302536652
6.280196376959793, 0.0, 0.0, 0.01373291015625, 0.002197265625, -0.1751708984375, 0.984375, -20.17108001289401, -20.17871302536652
6.290151773951948, 0.0, 0.0, 0.01373291015625, 0.002197265625, -0.1751708984375, 0.984375, -20.17108001289401, -20.17871302536652
6.300207633990794, 0.0, 0.0, 0.01373291015625, 0.002197265625, -0.1751708984375, 0.984375, -20.17108001289401, -20.17871302536652
6.310349311912432, 0.0, 0.0, 0.01373291015625, 0.002197265625, -0.1751708984375, 0.984375, -20.17108001289401, -20.17871302536652
6.320219554938376, 0.0, 0.0, 0.0130615234375, -0.00079345703125, -0.174560546875, 0.9844970703125, -20.1045055382757, -20.17871302536652
6.3301451209699735, 0.0, 0.0, 0.0130615234375, -0.00079345703125, -0.174560546875, 0.9844970703125, -20.1045055382757, -20.17871302536652
6.340186365996487, 0.0, 0.0, 0.01214599609375, -0.0030517578125, -0.17388916015625, 0.984619140625, -20.02966235055343, -20.17871302536652
6.35054783790838, 0.0, 0.0, 0.01214599609375, -0.0030517578125, -0.17388916015625, 0.984619140625, -20.02966235055343, -20.17871302536652
6.360142888966948, 0.0, 0.0, 0.01214599609375, -0.0030517578125, -0.17388916015625, 0.984619140625, -20.02966235055343, -20.17871302536652
6.37055871495977, 0.0, 0.0, 0.0111083984375, -0.0050048828125, -0.17340087890625, 0.9847412109375, -19.97613690131274, -20.17871302536652
6.380248983972706, 0.0, 0.0, 0.0111083984375, -0.0050048828125, -0.17340087890625, 0.9847412109375, -19.97613690131274, -20.17871302536652
6.390218796906993, 0.0, 0.0, 0.0111083984375, -0.0050048828125, -0.17340087890625, 0.9847412109375, -19.97613690131274, -20.17871302536652
6.400624197907746, 0.0, 0.0, 0.0111083984375, -0.0050048828125, -0.17340087890625, 0.9847412109375, -19.97613690131274, -20.17871302536652
6.410579064977355, 0.0, 0.0, 0.00970458984375, -0.00592041015625, -0.17333984375, 0.9847412109375, -19.96942688780273, -20.17871302536652
6.420176093932241, 0.0, 0.0, 0.00970458984375, -0.00592041015625, -0.17333984375, 0.9847412109375, -19.96942688780273, -20.17871302536652
6.430484860902652, 0.0, 0.0, 0.007568359375, -0.00543212890625, -0.173583984375, 0.9847412109375, -19.996658623978163, -20.03810162847076
6.440257814945653, 0.0, 0.0, 0.007568359375, -0.00543212890625, -0.173583984375, 0.9847412109375, -19.996658623978163, -20.03810162847076
6.450188875896856, 0.0, 0.0, 0.007568359375, -0.00543212890625, -0.173583984375, 0.9847412109375, -19.996658623978163, -20.03810162847076
6.460857655969448, 0.0, 0.0, 0.007568359375, -0.00543212890625, -0.173583984375, 0.9847412109375, -19.996658623978163, -20.03810162847076
6.470252896891907, 0.0, 0.0, 0.0052490234375, -0.00457763671875, -0.173828125, 0.9847412109375, -20.02369686666931, -20.03810162847076
6.4802155959187075, 0.0, 0.0, 0.0052490234375, -0.00457763671875, -0.173828125, 0.9847412109375, -20.02369686666931, -20.03810162847076
6.490482908906415, 0.0, 0.0, 0.0052490234375, -0.00457763671875, -0.173828125, 0.9847412109375, -20.02369686666931, -20.03810162847076
6.500580519903451, 0.0, 0.0, 0.0052490234375, -0.00457763671875, -0.173828125, 0.9847412109375, -20.02369686666931, -20.03810162847076
6.510162265971303, 0.0, 0.0, 0.0052490234375, -0.00457763671875, -0.173828125, 0.9847412109375, -20.02369686666931, -20.03810162847076
6.520287813968025, 0.0, 0.0, 0.002685546875, -0.0018310546875, -0.17437744140625, 0.984619140625, -20.084402101883718, -20.03810162847076
6.530203628004529, 0.0, 0.0, 0.002685546875, -0.0018310546875, -0.17437744140625, 0.984619140625, -20.084402101883718, -20.03810162847076
6.540642262902111, 0.0, 0.0, 0.002685546875, -0.0018310546875, -0.17437744140625, 0.984619140625, -20.084402101883718, -20.03810162847076
6.550201638950966, 0.0, 0.0, 0.0013427734375, 0.0001220703125, -0.17462158203125, 0.984619140625, -20.112947873459397, -20.03810162847076
6.560142259928398, 0.0, 0.0, 0.0013427734375, 0.0001220703125, -0.17462158203125, 0.984619140625, -20.112947873459397, -20.03810162847076
6.570209028897807, 0.0, 0.0, 0.000732421875, 0.0010986328125, -0.174560546875, 0.984619140625, -20.105619471946596, -20.03810162847076
6.582073187921196, 0.0, 0.0, 0.000732421875, 0.0010986328125, -0.174560546875, 0.984619140625, -20.105619471946596, -20.03810162847076
6.590768359950744, 0.0, 0.0, 0.000732421875, 0.0010986328125, -0.174560546875, 0.984619140625, -20.105619471946596, -20.03810162847076
6.600199564942159, 0.0, 0.0, 0.000732421875, 0.0010986328125, -0.174560546875, 0.984619140625, -20.105619471946596, -20.03810162847076
6.6101440279744565, 0.0, 0.0, 0.000732421875, 0.0010986328125, -0.174560546875, 0.984619140625, -20.105619471946596, -20.03810162847076
6.620257412898354, 0.0, 0.0, 0.0001220703125, 0.00146484375, -0.17462158203125, 0.984619140625, -20.11303023693755, -20.03810162847076
6.630237889941782, 0.0, 0.0, 0.0001220703125, 0.00146484375, -0.17462158203125, 0.984619140625, -20.11303023693755, -20.09608481188229
6.6402135778917, 0.0, 0.0, -0.0001220703125, 0.0013427734375, -0.17462158203125, 0.984619140625, -20.113053610453974, -20.09608481188229
6.650384607957676, 0.0, 0.0, -0.0001220703125, 0.0013427734375, -0.17462158203125, 0.984619140625, -20.113053610453974, -20.09608481188229
6.660291580948979, 0.0, 0.0, -0.0001220703125, 0.0013427734375, -0.17462158203125, 0.984619140625, -20.113053610453974, -20.09608481188229
6.670234837918542, 0.0, 0.0, -0.000732421875, 0.00103759765625, -0.1744384765625, 0.984619140625, -20.091170688968084, -20.09608481188229
6.680202828953043, 0.0, 0.0, -0.000732421875, 0.00103759765625, -0.1744384765625, 0.984619140625, -20.091170688968084, -20.09608481188229
6.690152123919688, 0.0, 0.0, -0.000732421875, 0.00103759765625, -0.1744384765625, 0.984619140625, -20.091170688968084, -20.09608481188229
6.700375919928774, 0.0, 0.0, -0.000732421875, 0.00103759765625, -0.1744384765625, 0.984619140625, -20.091170688968084, -20.09608481188229
6.7109850369160995, 0.0, 0.0, -0.000732421875, 0.00103759765625, -0.1744384765625, 0.984619140625, -20.091170688968084, -20.09608481188229
6.720409591915086, 0.0, 0.0, -0.00164794921875, 0.00128173828125, -0.17413330078125, 0.98468017578125, -20.05595733931228, -20.09608481188229
6.730166811961681, 0.0, 0.0, -0.00164794921875, 0.00128173828125, -0.17413330078125, 0.98468017578125, -20.05595733931228, -20.09608481188229
6.740748366923071, 0.0, 0.0, -0.0015869140625, 0.00164794921875, -0.17388916015625, 0.9847412109375, -20.027979612530594, -20.09608481188229
6.750157532980666, 0.0, 0.0, -0.0015869140625, 0.00164794921875, -0.17388916015625, 0.9847412109375, -20.027979612530594, -20.09608481188229
6.760179036995396, 0.0, 0.0, -0.0009765625, 0.00164794921875, -0.17376708984375, 0.9847412109375, -20.013263916121165, -20.09608481188229
6.770180560997687, 0.0, 0.0, -0.0009765625, 0.00164794921875, -0.17376708984375, 0.9847412109375, -20.013263916121165, -20.09608481188229
6.780281225917861, 0.0, 0.0, -0.0009765625, 0.00164794921875, -0.17376708984375, 0.9847412109375, -20.013263916121165, -20.09608481188229
6.790181565913372, 0.0, 0.0, -0.0009765625, 0.00164794921875, -0.17376708984375, 0.9847412109375, -20.013263916121165, -20.09608481188229
6.800208403961733, 0.0, 0.0, -0.0009765625, 0.00164794921875, -0.17376708984375, 0.9847412109375, -20.013263916121165, -20.09608481188229
6.810189973912202, 0.0, 0.0, -0.00042724609375, 0.00091552734375, -0.17388916015625, 0.9847412109375, -20.013263916121165, -20.09608481188229
6.820526615949348, 0.0, 0.0, -0.00042724609375, 0.00091552734375, -0.17388916015625, 0.9847412109375, -20.02766648712539, -20.09608481188229
6.830271543003619, 0.0, 0.0, -0.00042724609375, 0.00091552734375, -0.17388916015625, 0.9847412109375, -20.02766648712539, -20.048480100914592
6.840446649934165, 0.0, 0.0, -0.00042724609375, 0.0001220703125, -0.1739501953125, 0.9847412109375, -20.034901764511137, -20.048480100914592
6.850219604908489, 0.0, 0.0, -0.00042724609375, 0.0001220703125, -0.1739501953125, 0.9847412109375, -20.034901764511137, -20.048480100914592
6.860150691936724, 0.0, 0.0, -0.00042724609375, 0.0001220703125, -0.1739501953125, 0.9847412109375, -20.034901764511137, -20.048480100914592
6.870406772941351, 0.0, 0.0, -0.00042724609375, 0.0001220703125, -0.1739501953125, 0.9847412109375, -20.034901764511137, -20.048480100914592
6.880483041983098, 0.0, 0.0, -0.00103759765625, -0.00018310546875, -0.17401123046875, 0.98468017578125, -20.041037428163648, -20.048480100914592
6.8902149049099535, 0.0, 0.0, -0.00103759765625, -0.00018310546875, -0.17401123046875, 0.98468017578125, -20.041037428163648, -20.048480100914592
6.901141854003072, 0.0, 0.0, -0.00103759765625, -0.00018310546875, -0.17401123046875, 0.98468017578125, -20.041037428163648, -20.048480100914592
6.910210997913964, 0.0, 0.0, -0.00103759765625, -0.00018310546875, -0.17401123046875, 0.98468017578125, -20.041037428163648, -20.048480100914592
6.920149546000175, 0.0, 0.0, -0.00103759765625, -0.00018310546875, -0.17401123046875, 0.98468017578125, -20.041037428163648, -20.048480100914592
6.930449589970522, 0.0, 0.0, -0.00146484375, -0.0003662109375, -0.17401123046875, 0.9847412109375, -20.04214744107333, -20.048480100914592
6.940578431938775, 0.0, 0.0, -0.00146484375, -0.0003662109375, -0.17401123046875, 0.9847412109375, -20.04214744107333, -20.048480100914592
6.950167155941017, 0.0, 0.0, -0.0023193359375, -0.000244140625, -0.1739501953125, 0.9847412109375, -20.034836944493215, -20.048480100914592
6.9601532779634, 0.0, 0.0, -0.0023193359375, -0.000244140625, -0.1739501953125, 0.9847412109375, -20.034836944493215, -20.048480100914592
6.970225893892348, 0.0, 0.0, -0.0023193359375, -0.000244140625, -0.1739501953125, 0.9847412109375, -20.034836944493215, -20.048480100914592
6.980437217978761, 0.0, 0.0, -0.0023193359375, -0.000244140625, -0.1739501953125, 0.9847412109375, -20.034836944493215, -20.048480100914592
6.990215519908816, 0.0, 0.0, -0.0037841796875, -0.0, -0.173828125, 0.9847412109375, -20.020287668735346, -20.048480100914592
7.000116373994388, 0.0, 0.0, -0.0037841796875, -0.0, -0.173828125, 0.9847412109375, -20.020287668735346, -20.048480100914592
