time, reference_yaw, command_yaw, quaternion_x, quaternion_y, quaternion_z, quaternion_w, yaw, yaw_slow
0.0, 0.0, 0.0, 0.0, 0.0, 0.0, 1.0, 0.0, 0.0
0.010186096071265638, 200.0, 200.0, -0.0076904296875, 0.00506591796875, -0.28399658203125, 0.958740234375, -33.00078195414999, -32.9958003519691
0.020350735052488744, 200.0, 200.0, -0.0076904296875, 0.00506591796875, -0.28399658203125, 0.958740234375, -33.00078195414999, -32.9958003519691
0.03028436505701393, 200.0, 200.0, -0.00927734375, 0.0052490234375, -0.283935546875, 0.958740234375, -32.994048375615925, -32.9958003519691
0.04019193002022803, 200.0, 200.0, -0.00927734375, 0.0052490234375, -0.283935546875, 0.958740234375, -32.994048375615925, -32.9958003519691
0.05030657001771033, 200.0, 200.0, -0.00927734375, 0.0052490234375, -0.283935546875, 0.958740234375, -32.994048375615925, -32.9958003519691
0.060975515050813556, 200.0, 200.0, -0.01031494140625, 0.00592041015625, -0.28387451171875, 0.958740234375, -32.994048375615925, -32.9958003519691
0.07031214400194585, 200.0, 200.0, -0.01031494140625, 0.00592041015625, -0.28387451171875, 0.958740234375, -32.98791848400889, -32.9958003519691
0.08160590706393123, 200.0, 200.0, -0.01031494140625, 0.00592041015625, -0.28387451171875, 0.958740234375, -32.98791848400889, -32.9958003519691
0.09031964605674148, 200.0, 200.0, -0.01031494140625, 0.00592041015625, -0.28387451171875, 0.958740234375, -32.98791848400889, -32.9958003519691
0.10010186699219048, 200.0, 200.0, -0.01080322265625, 0.007080078125, -0.283935546875, 0.958740234375, -32.99812821893817, -32.9958003519691
0.11036912200506777, 200.0, 200.0, -0.01080322265625, 0.007080078125, -0.283935546875, 0.958740234375, -32.99812821893817, -32.9958003519691
0.1205419710604474, 200.0, 200.0, -0.0107421875, 0.0081787109375, -0.28387451171875, 0.958740234375, -32.992480111727225, -32.9958003519691
0.13013151800259948, 200.0, 200.0, -0.0107421875, 0.0081787109375, -0.28387451171875, 0.958740234375, -32.992480111727225, -32.9958003519691
0.14017869101371616, 200.0, 200.0, -0.0107421875, 0.0081787109375, -0.28387451171875, 0.958740234375, -32.992480111727225, -32.9958003519691
0.15014326898381114, 200.0, 200.0, -0.0107421875, 0.0081787109375, -0.28387451171875, 0.958740234375, -32.992480111727225, -32.9958003519691
0.16043905797414482, 200.0, 200.0, -0.01068115234375, 0.00946044921875, -0.283447265625, 0.9588623046875, -32.943986400353246, -32.9958003519691
0.17025533400010318, 200.0, 200.0, -0.01068115234375, 0.00946044921875, -0.283447265625, 0.9588623046875, -32.943986400353246, -32.9958003519691
0.18018616398330778, 200.0, 200.0, -0.01068115234375, 0.00946044921875, -0.283447265625, 0.9588623046875, -32.943986400353246, -32.9958003519691
0.19019970507360995, 200.0, 200.0, -0.01068115234375, 0.00946044921875, -0.283447265625, 0.9588623046875, -32.943986400353246, -31.953294918571718
0.20024087105412036, 200.0, 200.0, -0.0103759765625, 0.0107421875, -0.28118896484375, 0.95947265625, -32.675371755992366, -31.953294918571718
0.21012597798835486, 200.0, 200.0, -0.0103759765625, 0.0107421875, -0.28118896484375, 0.95947265625, -32.675371755992366, -31.953294918571718
0.22014142002444714, 200.0, 200.0, -0.0103759765625, 0.0107421875, -0.28118896484375, 0.95947265625, -32.675371755992366, -31.953294918571718
0.2301924650091678, 200.0, 200.0, -0.0091552734375, 0.01129150390625, -0.27630615234375, 0.9609375, -32.09398790999071, -31.953294918571718
0.2402527229860425, 200.0, 200.0, -0.0091552734375, 0.01129150390625, -0.27630615234375, 0.9609375, -32.09398790999071, -31.953294918571718
0.25016935204621404, 200.0, 200.0, -0.0091552734375, 0.01129150390625, -0.27630615234375, 0.9609375, -32.09398790999071, -31.953294918571718
0.26028252101968974, 200.0, 200.0, -0.0078125, 0.0115966796875, -0.26739501953125, 0.96343994140625, -31.031607193830485, -31.953294918571718
0.2701569179771468, 200.0, 200.0, -0.0078125, 0.0115966796875, -0.26739501953125, 0.96343994140625, -31.031607193830485, -31.953294918571718
0.28019090404268354, 200.0, 200.0, -0.0078125, 0.0115966796875, -0.26739501953125, 0.96343994140625, -31.031607193830485, -31.953294918571718
0.29018052003812045, 200.0, 200.0, -0.0078125, 0.0115966796875, -0.26739501953125, 0.96343994140625, -31.031607193830485, -31.953294918571718
0.30015581799671054, 200.0, 200.0, -0.00640869140625, 0.0115966796875, -0.2489013671875, 0.9683837890625, -28.836289531238393, -31.953294918571718
0.3107018880546093, 200.0, 200.0, -0.00640869140625, 0.0115966796875, -0.2489013671875, 0.9683837890625, -28.836289531238393, -31.953294918571718
0.32013290107715875, 200.0, 200.0, -0.00640869140625, 0.0115966796875, -0.2489013671875, 0.9683837890625, -28.836289531238393, -31.953294918571718
0.3306933849817142, 200.0, 200.0, -0.006103515625, 0.0115966796875, -0.22967529296875, 0.97314453125, -26.567167838512734, -31.953294918571718
0.3401687970617786, 200.0, 200.0, -0.006103515625, 0.0115966796875, -0.22967529296875, 0.97314453125, -26.567167838512734, -31.953294918571718
0.35040501097682863, 200.0, 200.0, -0.006103515625, 0.0115966796875, -0.22967529296875, 0.97314453125, -26.567167838512734, -31.953294918571718
0.36016885400749743, 200.0, 200.0, -0.006103515625, 0.0115966796875, -0.22967529296875, 0.97314453125, -26.567167838512734, -31.953294918571718
0.3704298880184069, 200.0, 200.0, -0.00543212890625, 0.01177978515625, -0.20599365234375, 0.97845458984375, -23.78633576142596, -31.953294918571718
0.3804074650397524, 200.0, 200.0, -0.00543212890625, 0.01177978515625, -0.20599365234375, 0.97845458984375, -23.78633576142596, -31.953294918571718
0.3901818400481716, 200.0, 200.0, -0.00543212890625, 0.01177978515625, -0.20599365234375, 0.97845458984375, -23.78633576142596, -14.718576133040992
0.4002281770808622, 200.0, 200.0, -0.0037841796875, 0.011962890625, -0.16748046875, 0.98577880859375, -19.291285269499504, -14.718576133040992
0.4103402500040829, 200.0, 200.0, -0.0037841796875, 0.011962890625, -0.16748046875, 0.98577880859375, -19.291285269499504, -14.718576133040992
0.42016137996688485, 200.0, 200.0, -0.0037841796875, 0.011962890625, -0.16748046875, 0.98577880859375, -19.291285269499504, -14.718576133040992
0.4302070040721446, 200.0, 200.0, -0.00225830078125, 0.0115966796875, -0.1339111328125, 0.99090576171875, -15.397010582279686, -14.718576133040992
0.4401989789912477, 200.0, 200.0, -0.00225830078125, 0.0115966796875, -0.1339111328125, 0.99090576171875, -15.397010582279686, -14.718576133040992
0.4502571750199422, 200.0, 200.0, -0.00225830078125, 0.0115966796875, -0.1339111328125, 0.99090576171875, -15.397010582279686, -14.718576133040992
0.4605156540637836, 200.0, 200.0, -0.00103759765625, 0.0111083984375, -0.1033935546875, 0.99456787109375, -11.872599812043388, -14.718576133040992
0.4702259070472792, 200.0, 200.0, -0.00103759765625, 0.0111083984375, -0.1033935546875, 0.99456787109375, -11.872599812043388, -14.718576133040992
0.4802429600385949, 200.0, 200.0, -0.00103759765625, 0.0111083984375, -0.1033935546875, 0.99456787109375, -11.872599812043388, -14.718576133040992
0.4903040990466252, 200.0, 200.0, -0.00103759765625, 0.0111083984375, -0.1033935546875, 0.99456787109375, -11.872599812043388, -14.718576133040992
0.5001774630509317, 200.0, 200.0, -0.00018310546875, 0.01007080078125, -0.050048828125, 0.9986572265625, -5.738431584926747, -14.718576133040992
0.5101969119859859, 200.0, 200.0, -0.00018310546875, 0.01007080078125, -0.050048828125, 0.9986572265625, -5.738431584926747, -14.718576133040992
0.5208029269706458, 200.0, 200.0, -0.00018310546875, 0.01007080078125, -0.050048828125, 0.9986572265625, -5.738431584926747, -14.718576133040992
0.5303808769676834, 200.0, 200.0, -0.00018310546875, 0.01007080078125, -0.050048828125, 0.9986572265625, -5.738431584926747, -14.718576133040992
0.5403071710607037, 200.0, 200.0, -0.00048828125, 0.0087890625, 0.000244140625, 0.99993896484375, 0.027487221486002394, -14.718576133040992
0.550156885990873, 200.0, 200.0, -0.00048828125, 0.0087890625, 0.000244140625, 0.99993896484375, 0.027487221486002394, -14.718576133040992
0.5601375059923157, 200.0, 200.0, -0.00048828125, 0.0087890625, 0.000244140625, 0.99993896484375, 0.027487221486002394, -14.718576133040992
0.5702944590011612, 200.0, 200.0, -0.0003662109375, 0.00811767578125, 0.04571533203125, 0.9989013671875, 5.240490817908034, -14.718576133040992
0.5802834189962596, 200.0, 200.0, -0.0003662109375, 0.00811767578125, 0.04571533203125, 0.9989013671875, 5.240490817908034, 18.90772068875928
0.5902360250474885, 200.0, 200.0, -0.0003662109375, 0.00811767578125, 0.04571533203125, 0.9989013671875, 5.240490817908034, 18.90772068875928
0.600201160996221, 200.0, 200.0, -0.00042724609375, 0.0081787109375, 0.1004638671875, 0.994873046875, 11.532142121418548, 18.90772068875928
0.610169948078692, 200.0, 200.0, -0.00042724609375, 0.0081787109375, 0.1004638671875, 0.994873046875, 11.532142121418548, 18.90772068875928
0.6201310380129144, 200.0, 200.0, -0.00042724609375, 0.0081787109375, 0.1004638671875, 0.994873046875, 11.532142121418548, 18.90772068875928
0.6301652149995789, 200.0, 200.0, -0.00042724609375, 0.0081787109375, 0.1004638671875, 0.994873046875, 11.532142121418548, 18.90772068875928
0.6402791510336101, 200.0, 200.0, -0.00091552734375, 0.00799560546875, 0.15618896484375, 0.9876708984375, 17.9720217394977, 18.90772068875928
0.650210891966708, 200.0, 200.0, -0.00091552734375, 0.00799560546875, 0.15618896484375, 0.9876708984375, 17.9720217394977, 18.90772068875928
0.6603267269674689, 200.0, 200.0, -0.00091552734375, 0.00799560546875, 0.15618896484375, 0.9876708984375, 17.9720217394977, 18.90772068875928
0.6701745809987187, 200.0, 200.0, -0.00225830078125, 0.007080078125, 0.20458984375, 0.978759765625, 23.609710715465955, 18.90772068875928
0.6802953639999032, 200.0, 200.0, -0.00225830078125, 0.007080078125, 0.20458984375, 0.978759765625, 23.609710715465955, 18.90772068875928
0.6905663220677525, 200.0, 200.0, -0.00482177734375, 0.00555419921875, 0.25335693359375, 0.96728515625, 29.349333107099977, 18.90772068875928
0.7001643140101805, 200.0, 200.0, -0.00482177734375, 0.00555419921875, 0.25335693359375, 0.96728515625, 29.349333107099977, 18.90772068875928
0.7101399400271475, 200.0, 200.0, -0.00482177734375, 0.00555419921875, 0.25335693359375, 0.96728515625, 29.349333107099977, 18.90772068875928
0.7201923039974645, 200.0, 200.0, -0.00482177734375, 0.00555419921875, 0.25335693359375, 0.96728515625, 29.349333107099977, 18.90772068875928
0.7301343759754673, 200.0, 200.0, -0.00830078125, 0.0040283203125, 0.318115234375, 0.947998046875, 37.094455775055195, 18.90772068875928
0.7401442610425875, 200.0, 200.0, -0.00830078125, 0.0040283203125, 0.318115234375, 0.947998046875, 37.094455775055195, 18.90772068875928
0.7502031730255112, 200.0, 200.0, -0.00830078125, 0.0040283203125, 0.318115234375, 0.947998046875, 37.094455775055195, 18.90772068875928
0.7603040729882196, 200.0, 200.0, -0.010009765625, 0.00396728515625, 0.36602783203125, 0.93048095703125, 42.93582344134668, 18.90772068875928
0.7701493269996718, 200.0, 200.0, -0.010009765625, 0.00396728515625, 0.36602783203125, 0.93048095703125, 42.93582344134668, 18.90772068875928
0.7801763460738584, 200.0, 200.0, -0.010009765625, 0.00396728515625, 0.36602783203125, 0.93048095703125, 42.93582344134668, 18.90772068875928
0.7902417969889939, 200.0, 200.0, -0.010009765625, 0.00396728515625, 0.36602783203125, 0.93048095703125, 42.93582344134668, 57.68189010686314
0.8004109209869057, 200.0, 200.0, -0.010498046875, 0.00531005859375, 0.4210205078125, 0.90692138671875, 49.792369676407155, 57.68189010686314
0.8101839199662209, 200.0, 200.0, -0.010498046875, 0.00531005859375, 0.4210205078125, 0.90692138671875, 49.792369676407155, 57.68189010686314
0.820203609066084, 200.0, 200.0, -0.010498046875, 0.00531005859375, 0.4210205078125, 0.90692138671875, 49.792369676407155, 57.68189010686314
0.8305568629875779, 200.0, 200.0, -0.00970458984375, 0.00732421875, 0.4747314453125, 0.8800048828125, 56.680634612162045, 57.68189010686314
0.8401624320540577, 200.0, 200.0, -0.00970458984375, 0.00732421875, 0.4747314453125, 0.8800048828125, 56.680634612162045, 57.68189010686314
0.8501718350453302, 200.0, 200.0, -0.00970458984375, 0.00732421875, 0.4747314453125, 0.8800048828125, 56.680634612162045, 57.68189010686314
0.8601463530212641, 200.0, 200.0, -0.008544921875, 0.00848388671875, 0.51983642578125, 0.8541259765625, 62.64223951196709, 57.68189010686314
0.870178584009409, 200.0, 200.0, -0.008544921875, 0.00848388671875, 0.51983642578125, 0.8541259765625, 62.64223951196709, 57.68189010686314
0.8801811300218105, 200.0, 200.0, -0.008544921875, 0.00848388671875, 0.51983642578125, 0.8541259765625, 62.64223951196709, 57.68189010686314
0.8902447189902887, 200.0, 200.0, -0.00628662109375, 0.00946044921875, 0.56329345703125, 0.82611083984375, 68.57135171723421, 57.68189010686314
0.9001264469698071, 200.0, 200.0, -0.00628662109375, 0.00946044921875, 0.56329345703125, 0.82611083984375, 68.57135171723421, 57.68189010686314
0.9101656510028988, 200.0, 200.0, -0.00628662109375, 0.00946044921875, 0.56329345703125, 0.82611083984375, 68.57135171723421, 57.68189010686314
0.9201417330186814, 200.0, 200.0, -0.00628662109375, 0.00946044921875, 0.56329345703125, 0.82611083984375, 68.57135171723421, 57.68189010686314
0.9301639039767906, 200.0, 200.0, -0.00286865234375, 0.01055908203125, 0.618896484375, 0.78533935546875, 76.48059164608152, 57.68189010686314
0.9401399720227346, 200.0, 200.0, -0.00286865234375, 0.01055908203125, 0.618896484375, 0.78533935546875, 76.48059164608152, 57.68189010686314
0.9503183120395988, 200.0, 200.0, -0.00286865234375, 0.01055908203125, 0.618896484375, 0.78533935546875, 76.48059164608152, 57.68189010686314
0.9605359110282734, 200.0, 200.0, -0.00042724609375, 0.0113525390625, 0.65887451171875, 0.75213623046875, 82.44159488326132, 57.68189010686314
0.9701594350626692, 200.0, 200.0, -0.00042724609375, 0.0113525390625, 0.65887451171875, 0.75213623046875, 82.44159488326132, 57.68189010686314
0.9804955350700766, 200.0, 200.0, -0.00042724609375, 0.0113525390625, 0.65887451171875, 0.75213623046875, 82.44159488326132, 57.68189010686314
0.9902465440100059, 200.0, 200.0, -0.00042724609375, 0.0113525390625, 0.65887451171875, 0.75213623046875, 82.44159488326132, 97.3718803171863
1.0008697439916432, 200.0, 200.0, 0.001220703125, 0.01220703125, 0.6971435546875, 0.716796875, 88.41337406240814, 97.3718803171863
1.0104461390292272, 200.0, 200.0, 0.001220703125, 0.01220703125, 0.6971435546875, 0.716796875, 88.41337406240814, 97.3718803171863
1.020322903059423, 200.0, 200.0, 0.001220703125, 0.01220703125, 0.6971435546875, 0.716796875, 88.41337406240814, 97.3718803171863
1.0317881939699873, 200.0, 200.0, 0.001220703125, 0.01220703125, 0.6971435546875, 0.716796875, 88.41337406240814, 97.3718803171863
1.0409147490281612, 200.0, 200.0, 0.00213623046875, 0.01263427734375, 0.74517822265625, 0.66668701171875, 96.36834342249453, 97.3718803171863
1.0505163540365174, 200.0, 200.0, 0.00213623046875, 0.01263427734375, 0.74517822265625, 0.66668701171875, 96.36834342249453, 97.3718803171863
1.0601962560322136, 200.0, 200.0, 0.00299072265625, 0.01287841796875, 0.77899169921875, 0.6268310546875, 102.35819983082138, 97.3718803171863
1.0701780649833381, 200.0, 200.0, 0.00299072265625, 0.01287841796875, 0.77899169921875, 0.6268310546875, 102.35819983082138, 97.3718803171863
1.0802742990199476, 200.0, 200.0, 0.00299072265625, 0.01287841796875, 0.77899169921875, 0.6268310546875, 102.35819983082138, 97.3718803171863
1.090235144016333, 200.0, 200.0, 0.0032958984375, 0.0125732421875, 0.81085205078125, 0.5850830078125, 108.37914679501081, 97.3718803171863
1.1001988250063732, 200.0, 200.0, 0.0032958984375, 0.0125732421875, 0.81085205078125, 0.5850830078125, 108.37914679501081, 97.3718803171863
1.1103494350099936, 200.0, 200.0, 0.0032958984375, 0.0125732421875, 0.81085205078125, 0.5850830078125, 108.37914679501081, 97.3718803171863
1.1202596389921382, 200.0, 200.0, 0.0032958984375, 0.0125732421875, 0.81085205078125, 0.5850830078125, 108.37914679501081, 97.3718803171863
1.1302833050722256, 200.0, 200.0, 0.00286865234375, 0.01055908203125, 0.849609375, 0.52728271484375, 116.35393179720566, 97.3718803171863
1.1404265019809827, 200.0, 200.0, 0.00286865234375, 0.01055908203125, 0.849609375, 0.52728271484375, 116.35393179720566, 97.3718803171863
1.1502402320038527, 200.0, 200.0, 0.00286865234375, 0.01055908203125, 0.849609375, 0.52728271484375, 116.35393179720566, 97.3718803171863
1.1606113699963316, 200.0, 200.0, 0.00286865234375, 0.01055908203125, 0.849609375, 0.52728271484375, 116.35393179720566, 97.3718803171863
1.1705509320599958, 200.0, 200.0, 0.00201416015625, 0.00860595703125, 0.87591552734375, 0.4822998046875, 122.32197601239493, 97.3718803171863
1.1802515860181302, 200.0, 200.0, 0.00201416015625, 0.00860595703125, 0.87591552734375, 0.4822998046875, 122.32197601239493, 97.3718803171863
1.1902544819749892, 200.0, 200.0, 0.00201416015625, 0.00860595703125, 0.87591552734375, 0.4822998046875, 122.32197601239493, 137.3004217144613
1.2005043979734182, 200.0, 200.0, 0.00079345703125, 0.00738525390625, 0.90362548828125, 0.4281005859375, 129.2966090217984, 137.3004217144613
1.2101586200296879, 200.0, 200.0, 0.00079345703125, 0.00738525390625, 0.90362548828125, 0.4281005859375, 129.2966090217984, 137.3004217144613
1.220287385978736, 200.0, 200.0, 0.00079345703125, 0.00738525390625, 0.90362548828125, 0.4281005859375, 129.2966090217984, 137.3004217144613
1.230159730068408, 200.0, 200.0, 0.00079345703125, 0.00738525390625, 0.90362548828125, 0.4281005859375, 129.2966090217984, 137.3004217144613
1.240271692047827, 200.0, 200.0, -0.00030517578125, 0.0069580078125, 0.9281005859375, 0.37213134765625, 136.30053084643492, 137.3004217144613
1.2503115700092167, 200.0, 200.0, -0.00030517578125, 0.0069580078125, 0.9281005859375, 0.37213134765625, 136.30053084643492, 137.3004217144613
1.2605981869855896, 200.0, 200.0, -0.0010986328125, 0.00726318359375, 0.9462890625, 0.3231201171875, 142.29385647457534, 137.3004217144613
1.27013135002926, 200.0, 200.0, -0.0010986328125, 0.00726318359375, 0.9462890625, 0.3231201171875, 142.29385647457534, 137.3004217144613
1.2803630490088835, 200.0, 200.0, -0.0010986328125, 0.00726318359375, 0.9462890625, 0.3231201171875, 142.29385647457534, 137.3004217144613
1.2901919999858364, 200.0, 200.0, -0.001953125, 0.00732421875, 0.96185302734375, 0.27325439453125, 148.28067241874282, 137.3004217144613
1.300188152003102, 200.0, 200.0, -0.001953125, 0.00732421875, 0.96185302734375, 0.27325439453125, 148.28067241874282, 137.3004217144613
1.3102094390196726, 200.0, 200.0, -0.001953125, 0.00732421875, 0.96185302734375, 0.27325439453125, 148.28067241874282, 137.3004217144613
1.3202862100442871, 200.0, 200.0, -0.001953125, 0.00732421875, 0.96185302734375, 0.27325439453125, 148.28067241874282, 137.3004217144613
1.330204852973111, 200.0, 200.0, -0.00213623046875, 0.005615234375, 0.9786376953125, 0.2054443359375, 156.2895538337906, 137.3004217144613
1.3402329540112987, 200.0, 200.0, -0.00213623046875, 0.005615234375, 0.9786376953125, 0.2054443359375, 156.2895538337906, 137.3004217144613
1.3506473830202594, 200.0, 200.0, -0.00213623046875, 0.005615234375, 0.9786376953125, 0.2054443359375, 156.2895538337906, 137.3004217144613
1.3609020080184564, 200.0, 200.0, -0.00225830078125, 0.004150390625, 0.988037109375, 0.15374755859375, 162.30949047415623, 137.3004217144613
1.3702714530518278, 200.0, 200.0, -0.00225830078125, 0.004150390625, 0.988037109375, 0.15374755859375, 162.30949047415623, 137.3004217144613
1.38041077402886, 200.0, 200.0, -0.00225830078125, 0.004150390625, 0.988037109375, 0.15374755859375, 162.30949047415623, 177.2865894177637
1.3904324140166864, 200.0, 200.0, -0.0028076171875, 0.00323486328125, 0.9947509765625, 0.1019287109375, 168.29935487444126, 177.2865894177637
1.4001620729686692, 200.0, 200.0, -0.0028076171875, 0.00323486328125, 0.9947509765625, 0.1019287109375, 168.29935487444126, 177.2865894177637
1.410210766014643, 200.0, 200.0, -0.0028076171875, 0.00323486328125, 0.9947509765625, 0.1019287109375, 168.29935487444126, 177.2865894177637
1.4205132820643485, 200.0, 200.0, -0.0028076171875, 0.00323486328125, 0.9947509765625, 0.1019287109375, 168.29935487444126, 177.2865894177637
1.4303971420740709, 200.0, 200.0, -0.00299072265625, 0.00128173828125, 0.99945068359375, 0.03240966796875, 176.28565866034384, 177.2865894177637
1.4401537670055404, 200.0, 200.0, -0.00299072265625, 0.00128173828125, 0.99945068359375, 0.03240966796875, 176.28565866034384, 177.2865894177637
1.4501781810540706, 200.0, 200.0, -0.00299072265625, 0.00128173828125, 0.99945068359375, 0.03240966796875, 176.28565866034384, 177.2865894177637
1.4602339090779424, 200.0, 200.0, -0.00201416015625, -0.00067138671875, 0.99957275390625, -0.0286865234375, -176.712318430734, 177.2865894177637
1.4701698980061337, 200.0, 200.0, -0.00201416015625, -0.00067138671875, 0.99957275390625, -0.0286865234375, -176.712318430734, 177.2865894177637
1.4801185569958761, 200.0, 200.0, -0.00201416015625, -0.00067138671875, 0.99957275390625, -0.0286865234375, -176.712318430734, 177.2865894177637
1.4901345609687269, 200.0, 200.0, -0.00177001953125, -0.0006103515625, 0.997314453125, -0.07244873046875, -171.68940394391302, 177.2865894177637
1.5003835280658677, 200.0, 200.0, -0.00177001953125, -0.0006103515625, 0.997314453125, -0.07244873046875, -171.68940394391302, 177.2865894177637
1.5102513930760324, 200.0, 200.0, -0.00177001953125, -0.0006103515625, 0.997314453125, -0.07244873046875, -171.68940394391302, 177.2865894177637
1.5214279950596392, 200.0, 200.0, -0.00177001953125, -0.0006103515625, 0.997314453125, -0.07244873046875, -171.68940394391302, 177.2865894177637
1.5306935519911349, 200.0, 200.0, -0.00177001953125, -0.0006103515625, 0.997314453125, -0.07244873046875, -171.68940394391302, 177.2865894177637
1.5403856670018286, 200.0, 200.0, -0.00244140625, 6.103515625e-05, 0.98980712890625, -0.14208984375, -163.66014683405268, 177.2865894177637
1.5504154589725658, 200.0, 200.0, -0.00244140625, 6.103515625e-05, 0.98980712890625, -0.14208984375, -163.66014683405268, 177.2865894177637
1.5601439459715039, 200.0, 200.0, -0.0028076171875, 0.00091552734375, 0.98095703125, -0.19390869140625, -157.63373929977047, 177.2865894177637
1.5701579910237342, 200.0, 200.0, -0.0028076171875, 0.00091552734375, 0.98095703125, -0.19390869140625, -157.63373929977047, 177.2865894177637
1.5801373600261286, 200.0, 200.0, -0.0028076171875, 0.00091552734375, 0.98095703125, -0.19390869140625, -157.63373929977047, -142.60066217076954
1.5902722050668672, 200.0, 200.0, -0.00311279296875, 0.0020751953125, 0.969482421875, -0.24493408203125, -151.63907295114186, -142.60066217076954
1.6002734770299867, 200.0, 200.0, -0.00311279296875, 0.0020751953125, 0.969482421875, -0.24493408203125, -151.63907295114186, -142.60066217076954
1.6103039790177718, 200.0, 200.0, -0.00311279296875, 0.0020751953125, 0.969482421875, -0.24493408203125, -151.63907295114186, -142.60066217076954
1.6201636689947918, 200.0, 200.0, -0.00311279296875, 0.0020751953125, 0.969482421875, -0.24493408203125, -151.63907295114186, -142.60066217076954
1.630191856995225, 200.0, 200.0, -0.00311279296875, 0.0020751953125, 0.969482421875, -0.24493408203125, -151.63907295114186, -142.60066217076954
1.6401983960531652, 200.0, 200.0, -0.0025634765625, 0.0032958984375, 0.949951171875, -0.312255859375, -143.6047909615253, -142.60066217076954
1.6502673360519111, 200.0, 200.0, -0.0025634765625, 0.0032958984375, 0.949951171875, -0.312255859375, -143.6047909615253, -142.60066217076954
1.6602445970056579, 200.0, 200.0, -0.00164794921875, 0.00390625, 0.9322509765625, -0.3616943359375, -143.6047909615253, -142.60066217076954
1.6703393149655312, 200.0, 200.0, -0.00164794921875, 0.00390625, 0.9322509765625, -0.3616943359375, -137.5868654234877, -142.60066217076954
1.6801798810483888, 200.0, 200.0, -0.00164794921875, 0.00390625, 0.9322509765625, -0.3616943359375, -137.5868654234877, -142.60066217076954
1.6903032819973305, 200.0, 200.0, -0.0009765625, 0.004150390625, 0.91552734375, -0.40216064453125, -132.56934512012825, -142.60066217076954
1.7001266280421987, 200.0, 200.0, -0.0009765625, 0.004150390625, 0.91552734375, -0.40216064453125, -132.56934512012825, -142.60066217076954
1.7101640270557255, 200.0, 200.0, -0.0009765625, 0.004150390625, 0.91552734375, -0.40216064453125, -132.56934512012825, -142.60066217076954
1.7204125790158287, 200.0, 200.0, -0.0009765625, 0.004150390625, 0.91552734375, -0.40216064453125, -132.56934512012825, -142.60066217076954
1.7304183520609513, 200.0, 200.0, -0.0009765625, 0.004150390625, 0.91552734375, -0.40216064453125, -132.56934512012825, -142.60066217076954
1.7404327440308407, 200.0, 200.0, 0.00030517578125, 0.00439453125, 0.876953125, -0.48040771484375, -122.56499985734911, -142.60066217076954
1.7502089340705425, 200.0, 200.0, 0.00030517578125, 0.00439453125, 0.876953125, -0.48040771484375, -122.56499985734911, -142.60066217076954
1.7604298599762842, 200.0, 200.0, 0.00030517578125, 0.00439453125, 0.876953125, -0.48040771484375, -122.56499985734911, -142.60066217076954
1.7702016100520268, 200.0, 200.0, 0.00274658203125, 0.00396728515625, 0.85076904296875, -0.52545166015625, -116.59684396775931, -142.60066217076954
1.7802301640622318, 200.0, 200.0, 0.00274658203125, 0.00396728515625, 0.85076904296875, -0.52545166015625, -116.59684396775931, -102.63769662007766
1.7903833920136094, 200.0, 200.0, 0.00531005859375, 0.00311279296875, 0.82220458984375, -0.569091796875, -110.61722179841496, -102.63769662007766
1.8001720870379359, 200.0, 200.0, 0.00531005859375, 0.00311279296875, 0.82220458984375, -0.569091796875, -110.61722179841496, -102.63769662007766
1.8101667360169813, 200.0, 200.0, 0.00531005859375, 0.00311279296875, 0.82220458984375, -0.569091796875, -110.61722179841496, -102.63769662007766
1.8204492409713566, 200.0, 200.0, 0.00531005859375, 0.00311279296875, 0.82220458984375, -0.569091796875, -110.61722179841496, -102.63769662007766
1.8301715230336413, 200.0, 200.0, 0.0072021484375, 0.00177001953125, 0.7860107421875, -0.61810302734375, -103.63153703310047, -102.63769662007766
1.8403258490143344, 200.0, 200.0, 0.0072021484375, 0.00177001953125, 0.7860107421875, -0.61810302734375, -103.63153703310047, -102.63769662007766
1.850574005045928, 200.0, 200.0, 0.0072021484375, 0.00177001953125, 0.7860107421875, -0.61810302734375, -103.63153703310047, -102.63769662007766
1.8603233830071986, 200.0, 200.0, 0.0072021484375, 0.00177001953125, 0.7860107421875, -0.61810302734375, -103.63153703310047, -102.63769662007766
1.8701716270297766, 200.0, 200.0, 0.0076904296875, 0.000732421875, 0.75274658203125, -0.658203125, -97.6590976861583, -102.63769662007766
1.8802330939797685, 200.0, 200.0, 0.0076904296875, 0.000732421875, 0.75274658203125, -0.658203125, -97.6590976861583, -102.63769662007766
1.890140398987569, 200.0, 200.0, 0.00762939453125, -0.00054931640625, 0.71734619140625, -0.69659423828125, -91.6719337477801, -102.63769662007766
1.900255571003072, 200.0, 200.0, 0.00762939453125, -0.00054931640625, 0.71734619140625, -0.69659423828125, -91.6719337477801, -102.63769662007766
1.91016082407441, 200.0, 200.0, 0.00762939453125, -0.00054931640625, 0.71734619140625, -0.69659423828125, -91.6719337477801, -102.63769662007766
1.920431907987222, 200.0, 200.0, 0.00762939453125, -0.00054931640625, 0.71734619140625, -0.69659423828125, -91.6719337477801, -102.63769662007766
1.9305920010665432, 200.0, 200.0, 0.00750732421875, -0.00238037109375, 0.66741943359375, -0.74456787109375, -83.736329455369, -102.63769662007766
1.9406172430608422, 200.0, 200.0, 0.00750732421875, -0.00238037109375, 0.66741943359375, -0.74456787109375, -83.736329455369, -102.63769662007766
1.9509523060405627, 200.0, 200.0, 0.00750732421875, -0.00238037109375, 0.66741943359375, -0.74456787109375, -83.736329455369, -102.63769662007766
1.9604319840436801, 200.0, 200.0, 0.00750732421875, -0.00238037109375, 0.66741943359375, -0.74456787109375, -83.736329455369, -102.63769662007766
1.9707935430342332, 200.0, 200.0, 0.0068359375, -0.00238037109375, 0.6278076171875, -0.77825927734375, -77.77647916111391, -102.63769662007766
1.9802161189727485, 200.0, 200.0, 0.0068359375, -0.00238037109375, 0.6278076171875, -0.77825927734375, -77.77647916111391, -102.63769662007766
1.9909458240726963, 200.0, 200.0, 0.0068359375, -0.00238037109375, 0.6278076171875, -0.77825927734375, -77.77647916111391, -102.63769662007766
2.0009075440466404, 200.0, 200.0, 0.0068359375, -0.00238037109375, 0.6278076171875, -0.77825927734375, -77.77647916111391, -62.79678654985391
2.0102106879930943, -200.0, 200.0, 0.0064697265625, -0.00146484375, 0.5865478515625, -0.80987548828125, -71.82458101370668, -62.79678654985391
2.0201613140525296, -200.0, -200.0, 0.0064697265625, -0.00146484375, 0.5865478515625, -0.80987548828125, -71.82458101370668, -62.79678654985391
2.030649114982225, -200.0, -200.0, 0.007568359375, -0.0001220703125, 0.5284423828125, -0.848876953125, -63.798129113114804, -62.79678654985391
2.0404489310458302, -200.0, -200.0, 0.007568359375, -0.0001220703125, 0.5284423828125, -0.848876953125, -63.798129113114804, -62.79678654985391
2.050299482070841, -200.0, -200.0, 0.007568359375, -0.0001220703125, 0.5284423828125, -0.848876953125, -63.798129113114804, -62.79678654985391
2.0601401809835806, -200.0, -200.0, 0.007568359375, -0.0001220703125, 0.5284423828125, -0.848876953125, -63.798129113114804, -62.79678654985391
2.070278316969052, -200.0, -200.0, 0.01031494140625, -0.00054931640625, 0.475341796875, -0.87969970703125, -56.76056754793565, -62.79678654985391
2.0801242970628664, -200.0, -200.0, 0.01031494140625, -0.00054931640625, 0.475341796875, -0.87969970703125, -56.76056754793565, -62.79678654985391
2.090140155982226, -200.0, -200.0, 0.01220703125, -0.00201416015625, 0.436767578125, -0.8994140625, -51.79278689860072, -62.79678654985391
2.100127508980222, -200.0, -200.0, 0.01220703125, -0.00201416015625, 0.436767578125, -0.8994140625, -51.79278689860072, -62.79678654985391
2.1105881800176576, -200.0, -200.0, 0.01220703125, -0.00201416015625, 0.436767578125, -0.8994140625, -51.79278689860072, -62.79678654985391
2.1202948139980435, -200.0, -200.0, 0.01220703125, -0.00201416015625, 0.436767578125, -0.8994140625, -51.79278689860072, -62.79678654985391
2.13046288699843, -200.0, -200.0, 0.01263427734375, -0.00396728515625, 0.37384033203125, -0.9273681640625, -43.906846475438655, -62.79678654985391
2.1401573850307614, -200.0, -200.0, 0.01263427734375, -0.00396728515625, 0.37384033203125, -0.9273681640625, -43.906846475438655, -62.79678654985391
2.1501759049715474, -200.0, -200.0, 0.01263427734375, -0.00396728515625, 0.37384033203125, -0.9273681640625, -43.906846475438655, -62.79678654985391
2.160260517965071, -200.0, -200.0, 0.01129150390625, -0.0047607421875, 0.3250732421875, -0.945556640625, -37.94259597788683, -62.79678654985391
2.170386378071271, -200.0, -200.0, 0.01129150390625, -0.0047607421875, 0.3250732421875, -0.945556640625, -37.94259597788683, -62.79678654985391
2.180749753024429, -200.0, -200.0, 0.01129150390625, -0.0047607421875, 0.3250732421875, -0.945556640625, -37.94259597788683, -62.79678654985391
2.1907166390446946, -200.0, -200.0, 0.01129150390625, -0.0047607421875, 0.3250732421875, -0.945556640625, -37.94259597788683, -62.79678654985391
2.2006325130350888, -200.0, -200.0, 0.00946044921875, -0.00494384765625, 0.26708984375, -0.96356201171875, -37.94259597788683, -62.79678654985391
2.210537398001179, -200.0, -200.0, 0.00946044921875, -0.00494384765625, 0.26708984375, -0.96356201171875, -30.985497784567453, -62.79678654985391
2.2203805410536006, -200.0, -200.0, 0.00946044921875, -0.00494384765625, 0.26708984375, -0.96356201171875, -30.985497784567453, -24.27195660249595
2.23037852300331, -200.0, -200.0, 0.00946044921875, -0.00494384765625, 0.26708984375, -0.96356201171875, -30.985497784567453, -24.27195660249595
2.2401742580113932, -200.0, -200.0, 0.00677490234375, -0.00494384765625, 0.21014404296875, -0.97760009765625, -24.264693225861617, -24.27195660249595
2.2503265760606155, -200.0, -200.0, 0.00677490234375, -0.00494384765625, 0.21014404296875, -0.97760009765625, -24.264693225861617, -24.27195660249595
2.26015529606957, -200.0, -200.0, 0.00372314453125, -0.00518798828125, 0.16552734375, -0.98614501953125, -19.057760810402808, -24.27195660249595
2.2700765730114654, -200.0, -200.0, 0.00372314453125, -0.00518798828125, 0.16552734375, -0.98614501953125, -19.057760810402808, -24.27195660249595
2.2802759100450203, -200.0, -200.0, 0.00372314453125, -0.00518798828125, 0.16552734375, -0.98614501953125, -19.057760810402808, -24.27195660249595
2.29025866498705, -200.0, -200.0, -0.00018310546875, -0.006103515625, 0.12713623046875, -0.9918212890625, -14.608325175089755, -24.27195660249595
2.3002926390618086, -200.0, -200.0, -0.00018310546875, -0.006103515625, 0.12713623046875, -0.9918212890625, -14.608325175089755, -24.27195660249595
2.310222984990105, -200.0, -200.0, -0.00018310546875, -0.006103515625, 0.12713623046875, -0.9918212890625, -14.608325175089755, -24.27195660249595
2.3201326259877533, -200.0, -200.0, -0.00018310546875, -0.006103515625, 0.12713623046875, -0.9918212890625, -14.608325175089755, -24.27195660249595
2.3301479530055076, -200.0, -200.0, -0.00543212890625, -0.0074462890625, 0.08636474609375, -0.9962158203125, -9.905076619139397, -24.27195660249595
2.3401301300618798, -200.0, -200.0, -0.00543212890625, -0.0074462890625, 0.08636474609375, -0.9962158203125, -9.905076619139397, -24.27195660249595
2.3502700430108234, -200.0, -200.0, -0.00543212890625, -0.0074462890625, 0.08636474609375, -0.9962158203125, -9.905076619139397, -24.27195660249595
2.3605775319738314, -200.0, -200.0, -0.00799560546875, -0.00775146484375, 0.06134033203125, -0.998046875, -7.02680469064922, -24.27195660249595
2.37045919301454, -200.0, -200.0, -0.00799560546875, -0.00775146484375, 0.06134033203125, -0.998046875, -7.02680469064922, -24.27195660249595
2.3805217599729076, -200.0, -200.0, -0.00799560546875, -0.00775146484375, 0.06134033203125, -0.998046875, -7.02680469064922, -24.27195660249595
2.390530620003119, -200.0, -200.0, -0.00799560546875, -0.00775146484375, 0.06134033203125, -0.998046875, -7.02680469064922, -5.393547670559779
2.4002985410625115, -200.0, -200.0, -0.00848388671875, -0.00738525390625, 0.049072265625, -0.99871826171875, -5.6185626184738595, -5.393547670559779
2.4101597650442272, -200.0, -200.0, -0.00848388671875, -0.00738525390625, 0.049072265625, -0.99871826171875, -5.6185626184738595, -5.393547670559779
2.4202032709727064, -200.0, -200.0, -0.00848388671875, -0.00738525390625, 0.049072265625, -0.99871826171875, -5.6185626184738595, -5.393547670559779
2.4301920430734754, -200.0, -200.0, -0.00848388671875, -0.00738525390625, 0.049072265625, -0.99871826171875, -5.6185626184738595, -5.393547670559779
2.4413310050731525, -200.0, -200.0, -0.00689697265625, -0.0062255859375, 0.04705810546875, -0.99884033203125, -5.3896943085898785, -5.393547670559779
2.4503254420123994, -200.0, -200.0, -0.00689697265625, -0.0062255859375, 0.04705810546875, -0.99884033203125, -5.3896943085898785, -5.393547670559779
2.460205162060447, -200.0, -200.0, -0.00689697265625, -0.0062255859375, 0.04705810546875, -0.99884033203125, -5.3896943085898785, -5.393547670559779
2.47012191999238, -200.0, -200.0, -0.0042724609375, -0.00518798828125, 0.05633544921875, -0.99835205078125, -6.456425549496574, -5.393547670559779
2.4802555160131305, -200.0, -200.0, -0.0042724609375, -0.00518798828125, 0.05633544921875, -0.99835205078125, -6.456425549496574, -5.393547670559779
2.4901979949790984, -200.0, -200.0, -0.00164794921875, -0.00439453125, 0.07086181640625, -0.9974365234375, -8.126069591782336, -5.393547670559779
2.5001815810101107, -200.0, -200.0, -0.00164794921875, -0.00439453125, 0.07086181640625, -0.9974365234375, -8.126069591782336, -5.393547670559779
2.5101690100273117, -200.0, -200.0, -0.00164794921875, -0.00439453125, 0.07086181640625, -0.9974365234375, -8.126069591782336, -5.393547670559779
2.5201557009713724, -200.0, -200.0, -0.00164794921875, -0.00439453125, 0.07086181640625, -0.9974365234375, -8.126069591782336, -5.393547670559779
2.5301610690075904, -200.0, -200.0, 0.0028076171875, -0.00360107421875, 0.1051025390625, -0.994384765625, -12.066689764250768, -5.393547670559779
2.540216785040684, -200.0, -200.0, 0.0028076171875, -0.00360107421875, 0.1051025390625, -0.994384765625, -12.066689764250768, -5.393547670559779
2.550167929031886, -200.0, -200.0, 0.0028076171875, -0.00360107421875, 0.1051025390625, -0.994384765625, -12.066689764250768, -5.393547670559779
2.5602430270519108, -200.0, -200.0, 0.0048828125, -0.00262451171875, 0.13861083984375, -0.99029541015625, -15.935780967932402, -5.393547670559779
2.5704731210134923, -200.0, -200.0, 0.0048828125, -0.00262451171875, 0.13861083984375, -0.99029541015625, -15.935780967932402, -5.393547670559779
2.580217225011438, -200.0, -200.0, 0.0048828125, -0.00262451171875, 0.13861083984375, -0.99029541015625, -15.935780967932402, -5.393547670559779
2.5901747799944133, -200.0, -200.0, 0.0064697265625, -0.00152587890625, 0.17657470703125, -0.9842529296875, -20.34112121523338, -26.825182059536974
2.6001664850628003, -200.0, -200.0, 0.0064697265625, -0.00152587890625, 0.17657470703125, -0.9842529296875, -20.34112121523338, -26.825182059536974
2.61012536205817, -200.0, -200.0, 0.0064697265625, -0.00152587890625, 0.17657470703125, -0.9842529296875, -20.34112121523338, -26.825182059536974
2.6207692429888994, -200.0, -200.0, 0.0064697265625, -0.00152587890625, 0.17657470703125, -0.9842529296875, -20.34112121523338, -26.825182059536974
2.63064539199695, -200.0, -200.0, 0.0064697265625, -0.00152587890625, 0.17657470703125, -0.9842529296875, -20.34112121523338, -26.825182059536974
2.6407074040034786, -200.0, -200.0, 0.0079345703125, -0.0, 0.23193359375, -0.97265625, -26.82008681969839, -26.825182059536974
2.6502000640612096, -200.0, -200.0, 0.0079345703125, -0.0, 0.23193359375, -0.97265625, -26.82008681969839, -26.825182059536974
2.660160403000191, -200.0, -200.0, 0.0079345703125, -0.0, 0.23193359375, -0.97265625, -26.82008681969839, -26.825182059536974
2.6704198920633644, -200.0, -200.0, 0.00848388671875, 0.0015869140625, 0.28314208984375, -0.958984375, -32.89195986959112, -26.825182059536974
2.6801338699879125, -200.0, -200.0, 0.00848388671875, 0.0015869140625, 0.28314208984375, -0.958984375, -32.89195986959112, -26.825182059536974
2.691030282061547, -200.0, -200.0, 0.0076904296875, 0.00311279296875, 0.3282470703125, -0.94451904296875, -38.32121482340373, -26.825182059536974
2.7003301760414615, -200.0, -200.0, 0.0076904296875, 0.00311279296875, 0.3282470703125, -0.94451904296875, -38.32121482340373, -26.825182059536974
2.7102495040744543, -200.0, -200.0, 0.0076904296875, 0.00311279296875, 0.3282470703125, -0.94451904296875, -38.32121482340373, -26.825182059536974
2.7203242629766464, -200.0, -200.0, 0.0076904296875, 0.00311279296875, 0.3282470703125, -0.94451904296875, -38.32121482340373, -26.825182059536974
2.7301987929968163, -200.0, -200.0, 0.0076904296875, 0.00311279296875, 0.3282470703125, -0.94451904296875, -38.32121482340373, -26.825182059536974
2.7401953510707244, -200.0, -200.0, 0.005859375, 0.0042724609375, 0.38140869140625, -0.92431640625, -44.83858316482166, -26.825182059536974
2.750469830003567, -200.0, -200.0, 0.005859375, 0.0042724609375, 0.38140869140625, -0.92431640625, -44.83858316482166, -26.825182059536974
2.7606477920198813, -200.0, -200.0, 0.00384521484375, 0.00390625, 0.4349365234375, -0.900390625, -51.56062504320193, -26.825182059536974
2.770221595070325, -200.0, -200.0, 0.00384521484375, 0.00390625, 0.4349365234375, -0.900390625, -51.56062504320193, -26.825182059536974
2.780257912003435, -200.0, -200.0, 0.00384521484375, 0.00390625, 0.4349365234375, -0.900390625, -51.56062504320193, -64.28917605331253
2.7906356590101495, -200.0, -200.0, 0.0018310546875, 0.00311279296875, 0.48040771484375, -0.87701416015625, -57.42372930012365, -64.28917605331253
2.800293256994337, -200.0, -200.0, 0.0018310546875, 0.00311279296875, 0.48040771484375, -0.87701416015625, -57.42372930012365, -64.28917605331253
2.810168107971549, -200.0, -200.0, 0.0018310546875, 0.00311279296875, 0.48040771484375, -0.87701416015625, -57.42372930012365, -64.28917605331253
2.8202443009940907, -200.0, -200.0, 0.0018310546875, 0.00311279296875, 0.48040771484375, -0.87701416015625, -57.42372930012365, -64.28917605331253
2.830178844043985, -200.0, -200.0, 0.0018310546875, 0.00311279296875, 0.48040771484375, -0.87701416015625, -57.42372930012365, -64.28917605331253
2.8401330950437114, -200.0, -200.0, -0.000244140625, 0.00244140625, 0.53204345703125, -0.8466796875, -64.28691123756572, -64.28917605331253
2.850175215047784, -200.0, -200.0, -0.000244140625, 0.00244140625, 0.53204345703125, -0.8466796875, -64.28691123756572, -64.28917605331253
2.86012106097769, -200.0, -200.0, -0.00054931640625, 0.00164794921875, 0.5750732421875, -0.81805419921875, -70.2087860606353, -64.28917605331253
2.8702018710318953, -200.0, -200.0, -0.00054931640625, 0.00164794921875, 0.5750732421875, -0.81805419921875, -70.2087860606353, -64.28917605331253
2.8802905490156263, -200.0, -200.0, -0.00054931640625, 0.00164794921875, 0.5750732421875, -0.81805419921875, -70.2087860606353, -64.28917605331253
2.890398798044771, -200.0, -200.0, -0.00054931640625, 0.00164794921875, 0.5750732421875, -0.81805419921875, -70.2087860606353, -64.28917605331253
2.900127111002803, -200.0, -200.0, -0.00018310546875, 0.0009765625, 0.6236572265625, -0.7816162109375, -70.2087860606353, -64.28917605331253
2.9102214539889246, -200.0, -200.0, -0.00018310546875, 0.0009765625, 0.6236572265625, -0.7816162109375, -77.16621213476314, -64.28917605331253
2.9202386119868606, -200.0, -200.0, -0.00018310546875, 0.0009765625, 0.6236572265625, -0.7816162109375, -77.16621213476314, -64.28917605331253
2.930247985990718, -200.0, -200.0, -0.00018310546875, 0.0009765625, 0.6236572265625, -0.7816162109375, -77.16621213476314, -64.28917605331253
2.9402496570255607, -200.0, -200.0, 0.0001220703125, 0.000732421875, 0.67022705078125, -0.7420654296875, -84.16853467542809, -64.28917605331253
2.950142606976442, -200.0, -200.0, 0.0001220703125, 0.000732421875, 0.67022705078125, -0.7420654296875, -84.16853467542809, -64.28917605331253
2.960305153974332, -200.0, -200.0, 0.0001220703125, 0.000732421875, 0.67022705078125, -0.7420654296875, -84.16853467542809, -64.28917605331253
2.970187827013433, -200.0, -200.0, 0.000732421875, 0.00079345703125, 0.71417236328125, -0.699951171875, -91.150928884663, -64.28917605331253
2.980253336019814, -200.0, -200.0, 0.000732421875, 0.00079345703125, 0.71417236328125, -0.699951171875, -91.150928884663, -104.13163657647787
2.990781469969079, -200.0, -200.0, 0.0010986328125, 0.00067138671875, 0.74981689453125, -0.66162109375, -97.14936004704656, -104.13163657647787
3.0003152870340273, -200.0, -200.0, 0.0010986328125, 0.00067138671875, 0.74981689453125, -0.66162109375, -97.14936004704656, -104.13163657647787
3.010253802058287, -200.0, -200.0, 0.0010986328125, 0.00067138671875, 0.74981689453125, -0.66162109375, -97.14936004704656, -104.13163657647787
3.0201542649883777, -200.0, -200.0, 0.0010986328125, 0.00067138671875, 0.74981689453125, -0.66162109375, -97.14936004704656, -104.13163657647787
3.0307831639656797, -200.0, -200.0, 0.00164794921875, 0.00030517578125, 0.7886962890625, -0.61474609375, -104.12852719759964, -104.13163657647787
3.0402114420430735, -200.0, -200.0, 0.00164794921875, 0.00030517578125, 0.7886962890625, -0.61474609375, -104.12852719759964, -104.13163657647787
3.0501730740070343, -200.0, -200.0, 0.00164794921875, 0.00030517578125, 0.7886962890625, -0.61474609375, -104.12852719759964, -104.13163657647787
3.0607122289948165, -200.0, -200.0, 0.00201416015625, 0.00018310546875, 0.82501220703125, -0.5650634765625, -111.18123357476158, -104.13163657647787
3.0701593820704147, -200.0, -200.0, 0.00201416015625, 0.00018310546875, 0.82501220703125, -0.5650634765625, -111.18123357476158, -104.13163657647787
3.0801706929923967, -200.0, -200.0, 0.00201416015625, 0.00018310546875, 0.82501220703125, -0.5650634765625, -111.18123357476158, -104.13163657647787
3.0901632660534233, -200.0, -200.0, 0.00225830078125, -0.0001220703125, 0.848876953125, -0.5284423828125, -116.18580549740189, -104.13163657647787
3.10021504398901, -200.0, -200.0, 0.00225830078125, -0.0001220703125, 0.848876953125, -0.5284423828125, -116.18580549740189, -104.13163657647787
3.1101582060800865, -200.0, -200.0, 0.00225830078125, -0.0001220703125, 0.848876953125, -0.5284423828125, -116.18580549740189, -104.13163657647787
3.1203236819710582, -200.0, -200.0, 0.00225830078125, -0.0001220703125, 0.848876953125, -0.5284423828125, -116.18580549740189, -104.13163657647787
3.130341419018805, -200.0, -200.0, 0.00225830078125, -0.0001220703125, 0.848876953125, -0.5284423828125, -116.18580549740189, -104.13163657647787
3.1406152300769463, -200.0, -200.0, 0.00244140625, -0.00164794921875, 0.8876953125, -0.4603271484375, -125.17620436482487, -104.13163657647787
3.1504917159909382, -200.0, -200.0, 0.00244140625, -0.00164794921875, 0.8876953125, -0.4603271484375, -125.17620436482487, -104.13163657647787
3.160501038073562, -200.0, -200.0, 0.00244140625, -0.00164794921875, 0.8876953125, -0.4603271484375, -125.17620436482487, -104.13163657647787
3.1701879400061443, -200.0, -200.0, 0.001953125, -0.0023193359375, 0.91064453125, -0.41302490234375, -131.20066377463309, -104.13163657647787
3.180120386998169, -200.0, -200.0, 0.001953125, -0.0023193359375, 0.91064453125, -0.41302490234375, -131.20066377463309, -144.23975730741085
3.1902555900160223, -200.0, -200.0, 0.00115966796875, -0.0025634765625, 0.92791748046875, -0.3726806640625, -136.23329916928867, -144.23975730741085
3.200307253981009, -200.0, -200.0, 0.00115966796875, -0.0025634765625, 0.92791748046875, -0.3726806640625, -136.23329916928867, -144.23975730741085
3.210135680041276, -200.0, -200.0, 0.00115966796875, -0.0025634765625, 0.92791748046875, -0.3726806640625, -136.23329916928867, -144.23975730741085
3.220189703977667, -200.0, -200.0, 0.00115966796875, -0.0025634765625, 0.92791748046875, -0.3726806640625, -136.23329916928867, -144.23975730741085
3.231237590080127, -200.0, -200.0, 0.00115966796875, -0.0025634765625, 0.92791748046875, -0.3726806640625, -136.23329916928867, -144.23975730741085
3.2401673410786316, -200.0, -200.0, 0.00115966796875, -0.0025634765625, 0.92791748046875, -0.3726806640625, -136.23329916928867, -144.23975730741085
3.2505202940665185, -200.0, -200.0, 0.000244140625, -0.003173828125, 0.95166015625, -0.3070068359375, -144.23805658444044, -144.23975730741085
3.2601672670571133, -200.0, -200.0, 0.000244140625, -0.003173828125, 0.95166015625, -0.3070068359375, -144.23805658444044, -144.23975730741085
3.270132487057708, -200.0, -200.0, 0.000244140625, -0.003173828125, 0.95166015625, -0.3070068359375, -144.23805658444044, -144.23975730741085
3.2801586689893156, -200.0, -200.0, -0.00030517578125, -0.00469970703125, 0.96856689453125, -0.24847412109375, -151.22102031208215, -144.23975730741085
3.290322666056454, -200.0, -200.0, -0.00030517578125, -0.00469970703125, 0.96856689453125, -0.24847412109375, -151.22102031208215, -144.23975730741085
3.3001730700489134, -200.0, -200.0, -0.00103759765625, -0.0067138671875, 0.980224609375, -0.19744873046875, -157.22126270084934, -144.23975730741085
3.3101859510643408, -200.0, -200.0, -0.00103759765625, -0.0067138671875, 0.980224609375, -0.19744873046875, -157.22126270084934, -144.23975730741085
3.3202505049994215, -200.0, -200.0, -0.00103759765625, -0.0067138671875, 0.980224609375, -0.19744873046875, -157.22126270084934, -144.23975730741085
3.330262943985872, -200.0, -200.0, -0.00103759765625, -0.0067138671875, 0.980224609375, -0.19744873046875, -157.22126270084934, -144.23975730741085
3.3401754460064694, -200.0, -200.0, -0.00244140625, -0.00921630859375, 0.990478515625, -0.13702392578125, -164.24963395509414, -144.23975730741085
3.3501835400238633, -200.0, -200.0, -0.00244140625, -0.00921630859375, 0.990478515625, -0.13702392578125, -164.24963395509414, -144.23975730741085
3.3608591080410406, -200.0, -200.0, -0.00244140625, -0.00921630859375, 0.990478515625, -0.13702392578125, -164.24963395509414, -144.23975730741085
3.3702516820048913, -200.0, -200.0, -0.00372314453125, -0.0101318359375, 0.99700927734375, -0.07611083984375, -171.27360839204508, -144.23975730741085
3.380422417074442, -200.0, -200.0, -0.00372314453125, -0.0101318359375, 0.99700927734375, -0.07611083984375, -171.27360839204508, -144.23975730741085
3.390232837991789, -200.0, -200.0, -0.004150390625, -0.00927734375, 0.9996337890625, -0.02362060546875, -177.2971923470629, 175.67245179234962
3.4002787630306557, -200.0, -200.0, -0.004150390625, -0.00927734375, 0.9996337890625, -0.02362060546875, -177.2971923470629, 175.67245179234962
3.4104124039877206, -200.0, -200.0, -0.004150390625, -0.00927734375, 0.9996337890625, -0.02362060546875, -177.2971923470629, 175.67245179234962
3.420113084022887, -200.0, -200.0, -0.004150390625, -0.00927734375, 0.9996337890625, -0.02362060546875, -177.2971923470629, 175.67245179234962
3.4305274459766224, -200.0, -200.0, -0.004150390625, -0.00927734375, 0.9996337890625, -0.02362060546875, -177.2971923470629, 175.67245179234962
3.4401762830093503, -200.0, -200.0, -0.00347900390625, -0.00750732421875, 0.99920654296875, 0.0377197265625, 175.67305400728972, 175.67245179234962
3.450332063017413, -200.0, -200.0, -0.00347900390625, -0.00750732421875, 0.99920654296875, 0.0377197265625, 175.67305400728972, 175.67245179234962
3.4602150410646573, -200.0, -200.0, -0.00238037109375, -0.00616455078125, 0.995849609375, 0.0902099609375, 169.6454990541634, 175.67245179234962
3.4700921620242298, -200.0, -200.0, -0.00238037109375, -0.00616455078125, 0.995849609375, 0.0902099609375, 169.6454990541634, 175.67245179234962
3.480126188020222, -200.0, -200.0, -0.00238037109375, -0.00616455078125, 0.995849609375, 0.0902099609375, 169.6454990541634, 175.67245179234962
3.4901400540256873, -200.0, -200.0, -0.00128173828125, -0.0052490234375, 0.98974609375, 0.14239501953125, 163.62414917040317, 175.67245179234962
3.5002059370744973, -200.0, -200.0, -0.00128173828125, -0.0052490234375, 0.98974609375, 0.14239501953125, 163.62414917040317, 175.67245179234962
3.5101231350563467, -200.0, -200.0, -0.00128173828125, -0.0052490234375, 0.98974609375, 0.14239501953125, 163.62414917040317, 175.67245179234962
3.520157397026196, -200.0, -200.0, -0.00128173828125, -0.0052490234375, 0.98974609375, 0.14239501953125, 163.62414917040317, 175.67245179234962
3.5302642569877207, -200.0, -200.0, -0.0001220703125, -0.00494384765625, 0.97735595703125, 0.21142578125, 155.58656841510717, 175.67245179234962
3.540414578979835, -200.0, -200.0, -0.0001220703125, -0.00494384765625, 0.97735595703125, 0.21142578125, 155.58656841510717, 175.67245179234962
3.5501334270229563, -200.0, -200.0, -0.0001220703125, -0.00494384765625, 0.97735595703125, 0.21142578125, 155.58656841510717, 175.67245179234962
3.560279713012278, -200.0, -200.0, 0.00128173828125, -0.004150390625, 0.9625244140625, 0.27093505859375, 148.55523163914347, 175.67245179234962
3.5702003510668874, -200.0, -200.0, 0.00128173828125, -0.004150390625, 0.9625244140625, 0.27093505859375, 148.55523163914347, 175.67245179234962
3.5805270060664043, -200.0, -200.0, 0.00128173828125, -0.004150390625, 0.9625244140625, 0.27093505859375, 148.55523163914347, 175.67245179234962
3.5903089090716094, -200.0, -200.0, 0.00128173828125, -0.004150390625, 0.9625244140625, 0.27093505859375, 148.55523163914347, 175.67245179234962
3.6005679570371285, -200.0, -200.0, 0.00299072265625, -0.0030517578125, 0.94708251953125, 0.3209228515625, 142.561646034076, 175.67245179234962
3.6101634179940447, -200.0, -200.0, 0.00299072265625, -0.0030517578125, 0.94708251953125, 0.3209228515625, 142.561646034076, 135.54903826786497
3.620152108022012, -200.0, -200.0, 0.00299072265625, -0.0030517578125, 0.94708251953125, 0.3209228515625, 142.561646034076, 135.54903826786497
3.6301375740440562, -200.0, -200.0, 0.00494384765625, -0.00146484375, 0.9256591796875, 0.37823486328125, 135.54604766007654, 135.54903826786497
3.640162563067861, -200.0, -200.0, 0.00494384765625, -0.00146484375, 0.9256591796875, 0.37823486328125, 135.54604766007654, 135.54903826786497
3.6502617630176246, -200.0, -200.0, 0.00494384765625, -0.00146484375, 0.9256591796875, 0.37823486328125, 135.54604766007654, 135.54903826786497
3.660518200020306, -200.0, -200.0, 0.00665283203125, -0.0008544921875, 0.90081787109375, 0.43402099609375, 128.54336530045572, 135.54903826786497
3.6701827970100567, -200.0, -200.0, 0.00665283203125, -0.0008544921875, 0.90081787109375, 0.43402099609375, 128.54336530045572, 135.54903826786497
3.6801742310635746, -200.0, -200.0, 0.0078125, -0.00079345703125, 0.8809814453125, 0.47296142578125, 123.53297866105711, 135.54903826786497
3.6901577280368656, -200.0, -200.0, 0.0078125, -0.00079345703125, 0.8809814453125, 0.47296142578125, 123.53297866105711, 135.54903826786497
3.700165527057834, -200.0, -200.0, 0.0078125, -0.00079345703125, 0.8809814453125, 0.47296142578125, 123.53297866105711, 135.54903826786497
3.7101552040548995, -200.0, -200.0, 0.0078125, -0.00079345703125, 0.8809814453125, 0.47296142578125, 123.53297866105711, 135.54903826786497
3.720179115072824, -200.0, -200.0, 0.0078125, -0.00079345703125, 0.8809814453125, 0.47296142578125, 123.53297866105711, 135.54903826786497
3.730173350078985, -200.0, -200.0, 0.00811767578125, -0.00238037109375, 0.84576416015625, 0.53338623046875, 115.51646984815528, 135.54903826786497
3.7402483250480145, -200.0, -200.0, 0.00811767578125, -0.00238037109375, 0.84576416015625, 0.53338623046875, 115.51646984815528, 135.54903826786497
3.7501603700220585, -200.0, -200.0, 0.00811767578125, -0.00238037109375, 0.84576416015625, 0.53338623046875, 115.51646984815528, 135.54903826786497
3.7602178279776126, -200.0, -200.0, 0.00701904296875, -0.0040283203125, 0.81158447265625, 0.5841064453125, 108.50864754893459, 135.54903826786497
3.7704368460690603, -200.0, -200.0, 0.00701904296875, -0.0040283203125, 0.81158447265625, 0.5841064453125, 108.50864754893459, 135.54903826786497
3.780161012080498, -200.0, -200.0, 0.00701904296875, -0.0040283203125, 0.81158447265625, 0.5841064453125, 108.50864754893459, 135.54903826786497
3.790283296024427, -200.0, -200.0, 0.006591796875, -0.00439453125, 0.7852783203125, 0.6190185546875, 103.49839260632069, 95.49724610701708
3.8003465640358627, -200.0, -200.0, 0.006591796875, -0.00439453125, 0.7852783203125, 0.6190185546875, 103.49839260632069, 95.49724610701708
3.8102133420761675, -200.0, -200.0, 0.006591796875, -0.00439453125, 0.7852783203125, 0.6190185546875, 103.49839260632069, 95.49724610701708
3.8201916459947824, -200.0, -200.0, 0.006591796875, -0.00439453125, 0.7852783203125, 0.6190185546875, 103.49839260632069, 95.49724610701708
3.8301976129878312, -200.0, -200.0, 0.00714111328125, -0.00384521484375, 0.75177001953125, 0.6593017578125, 97.49135048033625, 95.49724610701708
3.8401630490552634, -200.0, -200.0, 0.00714111328125, -0.00384521484375, 0.75177001953125, 0.6593017578125, 97.49135048033625, 95.49724610701708
3.850374946021475, -200.0, -200.0, 0.00714111328125, -0.00384521484375, 0.75177001953125, 0.6593017578125, 97.49135048033625, 95.49724610701708
3.860455374000594, -200.0, -200.0, 0.00823974609375, -0.00286865234375, 0.70391845703125, 0.71014404296875, 89.48528739792019, 95.49724610701708
3.8701726980507374, -200.0, -200.0, 0.00823974609375, -0.00286865234375, 0.70391845703125, 0.71014404296875, 89.48528739792019, 95.49724610701708
3.880201823078096, -200.0, -200.0, 0.00823974609375, -0.00286865234375, 0.70391845703125, 0.71014404296875, 89.48528739792019, 95.49724610701708
3.89045313000679, -200.0, -200.0, 0.00732421875, -0.00372314453125, 0.65924072265625, 0.7518310546875, 82.48415236623178, 95.49724610701708
3.9002451490378007, -200.0, -200.0, 0.00732421875, -0.00372314453125, 0.65924072265625, 0.7518310546875, 82.48415236623178, 95.49724610701708
3.9103008389938623, -200.0, -200.0, 0.00732421875, -0.00372314453125, 0.65924072265625, 0.7518310546875, 82.48415236623178, 95.49724610701708
3.9201300740242004, -200.0, -200.0, 0.0059814453125, -0.00457763671875, 0.62579345703125, 0.7799072265625, 77.4812934966877, 95.49724610701708
3.9301448760088533, -200.0, -200.0, 0.0059814453125, -0.00457763671875, 0.62579345703125, 0.7799072265625, 77.4812934966877, 95.49724610701708
3.940223025972955, -200.0, -200.0, 0.0059814453125, -0.00457763671875, 0.62579345703125, 0.7799072265625, 77.4812934966877, 95.49724610701708
3.9501744540175423, -200.0, -200.0, 0.0059814453125, -0.00457763671875, 0.62579345703125, 0.7799072265625, 77.4812934966877, 95.49724610701708
3.960360964993015, -200.0, -200.0, 0.00360107421875, -0.00640869140625, 0.56243896484375, 0.82672119140625, 68.44989525837234, 95.49724610701708
3.9703817890258506, -200.0, -200.0, 0.00360107421875, -0.00640869140625, 0.56243896484375, 0.82672119140625, 68.44989525837234, 95.49724610701708
3.9802987850271165, -200.0, -200.0, 0.00360107421875, -0.00640869140625, 0.56243896484375, 0.82672119140625, 68.44989525837234, 95.49724610701708
3.9904222820186988, -200.0, -200.0, 0.00360107421875, -0.00640869140625, 0.56243896484375, 0.82672119140625, 68.44989525837234, 55.43804319091973
4.00049761205446, -200.0, -200.0, 0.00360107421875, -0.00640869140625, 0.56243896484375, 0.82672119140625, 68.44989525837234, 55.43804319091973
4.010680492967367, 0.0, -200.0, 0.00286865234375, -0.00726318359375, 0.518310546875, 0.8551025390625, 62.439771685536215, 55.43804319091973
4.020306929014623, 0.0, 0.0, 0.00262451171875, -0.00738525390625, 0.48046875, 0.876953125, 57.43437415864881, 55.43804319091973
4.030356265022419, 0.0, 0.0, 0.00262451171875, -0.00738525390625, 0.48046875, 0.876953125, 57.43437415864881, 55.43804319091973
4.040170339052565, 0.0, 0.0, 0.00262451171875, -0.00738525390625, 0.48046875, 0.876953125, 57.43437415864881, 55.43804319091973
4.050136546022259, 0.0, 0.0, 0.00262451171875, -0.00738525390625, 0.48046875, 0.876953125, 57.43437415864881, 55.43804319091973
4.060302907018922, 0.0, 0.0, 0.00335693359375, -0.00628662109375, 0.40997314453125, 0.91204833984375, 48.40654113592484, 55.43804319091973
4.0701639640610665, 0.0, 0.0, 0.00335693359375, -0.00628662109375, 0.40997314453125, 0.91204833984375, 48.40654113592484, 55.43804319091973
4.08019669202622, 0.0, 0.0, 0.00335693359375, -0.00628662109375, 0.40997314453125, 0.91204833984375, 48.40654113592484, 55.43804319091973
4.090173701057211, 0.0, 0.0, 0.00335693359375, -0.00628662109375, 0.40997314453125, 0.91204833984375, 48.40654113592484, 55.43804319091973
4.100229550036602, 0.0, 0.0, 0.00445556640625, -0.00439453125, 0.3614501953125, 0.93231201171875, 42.37597279116234, 55.43804319091973
4.1101674269884825, 0.0, 0.0, 0.00445556640625, -0.00439453125, 0.3614501953125, 0.93231201171875, 42.37597279116234, 55.43804319091973
4.120124922017567, 0.0, 0.0, 0.00555419921875, -0.002685546875, 0.32049560546875, 0.94720458984375, 37.38361768072642, 55.43804319091973
4.1301881480030715, 0.0, 0.0, 0.00555419921875, -0.002685546875, 0.32049560546875, 0.94720458984375, 37.38361768072642, 55.43804319091973
4.140213121077977, 0.0, 0.0, 0.00555419921875, -0.002685546875, 0.32049560546875, 0.94720458984375, 37.38361768072642, 55.43804319091973
4.1501523540355265, 0.0, 0.0, 0.00555419921875, -0.002685546875, 0.32049560546875, 0.94720458984375, 37.38361768072642, 55.43804319091973
4.160408583004028, 0.0, 0.0, 0.00555419921875, -0.002685546875, 0.32049560546875, 0.94720458984375, 37.38361768072642, 55.43804319091973
4.17042084003333, 0.0, 0.0, 0.0067138671875, 0.00103759765625, 0.24530029296875, 0.9693603515625, 28.397776368114247, 55.43804319091973
4.180150793050416, 0.0, 0.0, 0.0067138671875, 0.00103759765625, 0.24530029296875, 0.9693603515625, 28.397776368114247, 55.43804319091973
4.1901589459739625, 0.0, 0.0, 0.0067138671875, 0.00103759765625, 0.24530029296875, 0.9693603515625, 28.397776368114247, 15.499278708004498
4.200144693022594, 0.0, 0.0, 0.00653076171875, 0.00341796875, 0.19415283203125, 0.98089599609375, 22.391803400725983, 15.499278708004498
4.210233467980288, 0.0, 0.0, 0.00653076171875, 0.00341796875, 0.19415283203125, 0.98089599609375, 22.391803400725983, 15.499278708004498
4.220721750985831, 0.0, 0.0, 0.00653076171875, 0.00341796875, 0.19415283203125, 0.98089599609375, 22.391803400725983, 15.499278708004498
4.230167664005421, 0.0, 0.0, 0.00653076171875, 0.00341796875, 0.19415283203125, 0.98089599609375, 22.391803400725983, 15.499278708004498
4.240073297987692, 0.0, 0.0, 0.00518798828125, 0.005126953125, 0.1431884765625, 0.9896240234375, 16.467436910902794, 15.499278708004498
4.250248332042247, 0.0, 0.0, 0.00518798828125, 0.005126953125, 0.1431884765625, 0.9896240234375, 16.467436910902794, 15.499278708004498
4.260511248023249, 0.0, 0.0, 0.00518798828125, 0.005126953125, 0.1431884765625, 0.9896240234375, 16.467436910902794, 15.499278708004498
4.270173485972919, 0.0, 0.0, 0.00244140625, 0.00592041015625, 0.078125, 0.99688720703125, 8.963361023215626, 15.499278708004498
4.2805844120448455, 0.0, 0.0, 0.00244140625, 0.00592041015625, 0.078125, 0.99688720703125, 8.963361023215626, 15.499278708004498
4.29018732602708, 0.0, 0.0, 0.00244140625, 0.00592041015625, 0.078125, 0.99688720703125, 8.963361023215626, 15.499278708004498
4.300711481017061, 0.0, 0.0, 0.000244140625, 0.00567626953125, 0.03326416015625, 0.9993896484375, 3.8126826548114225, 15.499278708004498
4.3104615829652175, 0.0, 0.0, 0.000244140625, 0.00567626953125, 0.03326416015625, 0.9993896484375, 3.8126826548114225, 15.499278708004498
4.320153406006284, 0.0, 0.0, 0.000244140625, 0.00567626953125, 0.03326416015625, 0.9993896484375, 3.8126826548114225, 15.499278708004498
4.330223827972077, 0.0, 0.0, -0.00128173828125, 0.00494384765625, -0.0074462890625, 0.99993896484375, -0.854029137530883, 15.499278708004498
4.340166319045238, 0.0, 0.0, -0.00128173828125, 0.00494384765625, -0.0074462890625, 0.99993896484375, -0.854029137530883, 15.499278708004498
4.350327481981367, 0.0, 0.0, -0.00128173828125, 0.00494384765625, -0.0074462890625, 0.99993896484375, -0.854029137530883, 15.499278708004498
4.360637867008336, 0.0, 0.0, -0.0029296875, 0.0029296875, -0.054443359375, 0.99847412109375, -6.242655178721819, 15.499278708004498
4.370212416048162, 0.0, 0.0, -0.0029296875, 0.0029296875, -0.054443359375, 0.99847412109375, -6.242655178721819, 15.499278708004498
4.3801366810221225, 0.0, 0.0, -0.0029296875, 0.0029296875, -0.054443359375, 0.99847412109375, -6.242655178721819, 15.499278708004498
4.3902908799936995, 0.0, 0.0, -0.00311279296875, 0.00146484375, -0.079345703125, 0.996826171875, -9.102281869131128, -12.927616862846316
4.40015558199957, 0.0, 0.0, -0.00311279296875, 0.00146484375, -0.079345703125, 0.996826171875, -9.102281869131128, -12.927616862846316
4.4101551020285115, 0.0, 0.0, -0.00311279296875, 0.00146484375, -0.079345703125, 0.996826171875, -9.102281869131128, -12.927616862846316
4.420248256064951, 0.0, 0.0, -0.00311279296875, 0.00146484375, -0.079345703125, 0.996826171875, -9.102281869131128, -12.927616862846316
4.430206889985129, 0.0, 0.0, -0.0029296875, -0.00042724609375, -0.10882568359375, 0.9940185546875, -12.494601171645701, -12.927616862846316
4.4401091820327565, 0.0, 0.0, -0.0029296875, -0.00042724609375, -0.10882568359375, 0.9940185546875, -12.494601171645701, -12.927616862846316
4.450219409074634, 0.0, 0.0, -0.0029296875, -0.00042724609375, -0.10882568359375, 0.9940185546875, -12.494601171645701, -12.927616862846316
4.460237752064131, 0.0, 0.0, -0.00164794921875, -0.00177001953125, -0.13568115234375, 0.99072265625, -15.595345748186524, -12.927616862846316
4.4701835829764605, 0.0, 0.0, -0.00164794921875, -0.00177001953125, -0.13568115234375, 0.99072265625, -15.595345748186524, -12.927616862846316
4.480119522078894, 0.0, 0.0, -0.00164794921875, -0.00177001953125, -0.13568115234375, 0.99072265625, -15.595345748186524, -12.927616862846316
4.490307362983003, 0.0, 0.0, -0.00018310546875, -0.00201416015625, -0.1517333984375, 0.9884033203125, -17.454584129486086, -12.927616862846316
4.500475459033623, 0.0, 0.0, -0.00018310546875, -0.00201416015625, -0.1517333984375, 0.9884033203125, -17.454584129486086, -12.927616862846316
4.510282951989211, 0.0, 0.0, -0.00018310546875, -0.00201416015625, -0.1517333984375, 0.9884033203125, -17.454584129486086, -12.927616862846316
4.5204452549805865, 0.0, 0.0, -0.00018310546875, -0.00201416015625, -0.1517333984375, 0.9884033203125, -17.454584129486086, -12.927616862846316
4.530157872010022, 0.0, 0.0, -0.00018310546875, -0.00201416015625, -0.1517333984375, 0.9884033203125, -17.454584129486086, -12.927616862846316
4.542549350997433, 0.0, 0.0, 0.00091552734375, -0.0020751953125, -0.1646728515625, 0.986328125, -18.956467780435677, -12.927616862846316
4.550153720076196, 0.0, 0.0, 0.00091552734375, -0.0020751953125, -0.1646728515625, 0.986328125, -18.956467780435677, -12.927616862846316
4.5601989440619946, 0.0, 0.0, 0.00091552734375, -0.0020751953125, -0.1646728515625, 0.986328125, -18.956467780435677, -12.927616862846316
4.571623843978159, 0.0, 0.0, 0.00103759765625, -0.0018310546875, -0.17803955078125, 0.9840087890625, -20.51124055144701, -12.927616862846316
4.580182134988718, 0.0, 0.0, 0.00103759765625, -0.0018310546875, -0.17803955078125, 0.9840087890625, -20.51124055144701, -12.927616862846316
4.590214355965145, 0.0, 0.0, 0.00103759765625, -0.0018310546875, -0.17803955078125, 0.9840087890625, -20.51124055144701, -22.187488735740192
4.600205971975811, 0.0, 0.0, 0.0, -0.00146484375, -0.1856689453125, 0.98260498046875, -21.400215324360172, -22.187488735740192
4.610254507046193, 0.0, 0.0, 0.0, -0.00146484375, -0.1856689453125, 0.98260498046875, -21.400215324360172, -22.187488735740192
4.620160498074256, 0.0, 0.0, 0.0, -0.00146484375, -0.1856689453125, 0.98260498046875, -21.400215324360172, -22.187488735740192
4.630128856049851, 0.0, 0.0, -0.001220703125, -0.0015869140625, -0.190673828125, 0.98162841796875, -21.98361634143658, -22.187488735740192
4.640509012970142, 0.0, 0.0, -0.001220703125, -0.0015869140625, -0.190673828125, 0.98162841796875, -21.98361634143658, -22.187488735740192
4.650156588992104, 0.0, 0.0, -0.001220703125, -0.0015869140625, -0.190673828125, 0.98162841796875, -21.98361634143658, -22.187488735740192
4.660146867972799, 0.0, 0.0, -0.001220703125, -0.0015869140625, -0.190673828125, 0.98162841796875, -21.98361634143658, -22.187488735740192
4.670192971010692, 0.0, 0.0, -0.00347900390625, -0.00201416015625, -0.1971435546875, 0.9803466796875, -22.738799483716924, -22.187488735740192
4.680126663995907, 0.0, 0.0, -0.00347900390625, -0.00201416015625, -0.1971435546875, 0.9803466796875, -22.738799483716924, -22.187488735740192
4.69090010097716, 0.0, 0.0, -0.004150390625, -0.00213623046875, -0.19976806640625, 0.97979736328125, -23.0450970392735, -22.187488735740192
4.700174572062679, 0.0, 0.0, -0.004150390625, -0.00213623046875, -0.19976806640625, 0.97979736328125, -23.0450970392735, -22.187488735740192
4.710225661052391, 0.0, 0.0, -0.004150390625, -0.00213623046875, -0.19976806640625, 0.97979736328125, -23.0450970392735, -22.187488735740192
4.720147517044097, 0.0, 0.0, -0.00445556640625, -0.00189208984375, -0.20208740234375, 0.97930908203125, -23.31613557868521, -22.187488735740192
4.730153438053094, 0.0, 0.0, -0.00445556640625, -0.00189208984375, -0.20208740234375, 0.97930908203125, -23.31613557868521, -22.187488735740192
4.740334229078144, 0.0, 0.0, -0.00445556640625, -0.00189208984375, -0.20208740234375, 0.97930908203125, -23.31613557868521, -22.187488735740192
4.750401205965318, 0.0, 0.0, -0.00445556640625, -0.00189208984375, -0.20208740234375, 0.97930908203125, -23.31613557868521, -22.187488735740192
4.760173163027503, 0.0, 0.0, -0.00445556640625, -0.00189208984375, -0.20208740234375, 0.97930908203125, -23.31613557868521, -22.187488735740192
4.770196176017635, 0.0, 0.0, -0.0050048828125, -0.00091552734375, -0.2047119140625, 0.978759765625, -23.623484685945034, -22.187488735740192
4.780245869071223, 0.0, 0.0, -0.0050048828125, -0.00091552734375, -0.2047119140625, 0.978759765625, -23.623484685945034, -22.187488735740192
4.7901855719974265, 0.0, 0.0, -0.0050048828125, -0.00091552734375, -0.2047119140625, 0.978759765625, -23.623484685945034, -23.888436357957858
4.800207732012495, 0.0, 0.0, -0.00567626953125, 6.103515625e-05, -0.20599365234375, 0.978515625, -23.774567433653004, -23.888436357957858
4.810234560049139, 0.0, 0.0, -0.00567626953125, 6.103515625e-05, -0.20599365234375, 0.978515625, -23.774567433653004, -23.888436357957858
4.820573905017227, 0.0, 0.0, -0.00567626953125, 6.103515625e-05, -0.20599365234375, 0.978515625, -23.774567433653004, -23.888436357957858
4.830387123976834, 0.0, 0.0, -0.0067138671875, 0.00128173828125, -0.20684814453125, 0.97833251953125, -23.875517430466978, -23.888436357957858
4.840421136002988, 0.0, 0.0, -0.0067138671875, 0.00128173828125, -0.20684814453125, 0.97833251953125, -23.875517430466978, -23.888436357957858
4.850171423982829, 0.0, 0.0, -0.0067138671875, 0.00128173828125, -0.20684814453125, 0.97833251953125, -23.875517430466978, -23.888436357957858
4.8601903800154105, 0.0, 0.0, -0.0067138671875, 0.00128173828125, -0.20684814453125, 0.97833251953125, -23.875517430466978, -23.888436357957858
4.870088392985053, 0.0, 0.0, -0.0067138671875, 0.00128173828125, -0.20684814453125, 0.97833251953125, -23.875517430466978, -23.888436357957858
4.880122839007527, 0.0, 0.0, -0.00872802734375, 0.00299072265625, -0.207763671875, 0.97808837890625, -23.983836837963835, -23.888436357957858
4.8905573800439015, 0.0, 0.0, -0.00994873046875, 0.00457763671875, -0.20843505859375, 0.9779052734375, -24.064205541524522, -23.888436357957858
4.90015827701427, 0.0, 0.0, -0.00994873046875, 0.00457763671875, -0.20843505859375, 0.9779052734375, -24.064205541524522, -23.888436357957858
4.910144274006598, 0.0, 0.0, -0.00994873046875, 0.00457763671875, -0.20843505859375, 0.9779052734375, -24.064205541524522, -23.888436357957858
4.920161009998992, 0.0, 0.0, -0.00994873046875, 0.00457763671875, -0.20843505859375, 0.9779052734375, -24.064205541524522, -23.888436357957858
4.930201090988703, 0.0, 0.0, -0.01025390625, 0.00579833984375, -0.208984375, 0.977783203125, -24.130506708979645, -23.888436357957858
4.940169792040251, 0.0, 0.0, -0.01025390625, 0.00579833984375, -0.208984375, 0.977783203125, -24.130506708979645, -23.888436357957858
4.950193288968876, 0.0, 0.0, -0.01025390625, 0.00579833984375, -0.208984375, 0.977783203125, -24.130506708979645, -23.888436357957858
4.960158161004074, 0.0, 0.0, -0.01025390625, 0.00579833984375, -0.208984375, 0.977783203125, -24.130506708979645, -23.888436357957858
4.97026527998969, 0.0, 0.0, -0.00994873046875, 0.007080078125, -0.20947265625, 0.97772216796875, -24.190595501554064, -23.888436357957858
4.980398386018351, 0.0, 0.0, -0.00994873046875, 0.007080078125, -0.20947265625, 0.97772216796875, -24.190595501554064, -23.888436357957858
4.990319874021225, 0.0, 0.0, -0.00994873046875, 0.007080078125, -0.20947265625, 0.97772216796875, -24.190595501554064, -24.292047603939544
5.000204642070457, 0.0, 0.0, -0.009521484375, 0.00677490234375, -0.209716796875, 0.9776611328125, -24.218197217586873, -24.292047603939544
5.010162363061681, 0.0, 0.0, -0.009521484375, 0.00677490234375, -0.209716796875, 0.9776611328125, -24.218197217586873, -24.292047603939544
5.020273581030779, 0.0, 0.0, -0.009521484375, 0.00677490234375, -0.209716796875, 0.9776611328125, -24.218197217586873, -24.292047603939544
5.030277610057965, 0.0, 0.0, -0.009521484375, 0.0062255859375, -0.210205078125, 0.9775390625, -24.274162556306937, -24.292047603939544
5.040192584041506, 0.0, 0.0, -0.009521484375, 0.0062255859375, -0.210205078125, 0.9775390625, -24.274162556306937, -24.292047603939544
5.050538139999844, 0.0, 0.0, -0.009521484375, 0.0062255859375, -0.210205078125, 0.9775390625, -24.274162556306937, -24.292047603939544
5.060165403061546, 0.0, 0.0, -0.009521484375, 0.0062255859375, -0.210205078125, 0.9775390625, -24.274162556306937, -24.292047603939544
5.070607083034702, 0.0, 0.0, -0.010498046875, 0.0050048828125, -0.2105712890625, 0.97747802734375, -24.31612590373989, -24.292047603939544
5.080303146038204, 0.0, 0.0, -0.010498046875, 0.0050048828125, -0.2105712890625, 0.97747802734375, -24.31612590373989, -24.292047603939544
5.090706745046191, 0.0, 0.0, -0.0107421875, 0.00433349609375, -0.2105712890625, 0.97747802734375, -24.315204515803188, -24.292047603939544
5.100359525065869, 0.0, 0.0, -0.0107421875, 0.00433349609375, -0.2105712890625, 0.97747802734375, -24.315204515803188, -24.292047603939544
5.110171766020358, 0.0, 0.0, -0.0107421875, 0.00433349609375, -0.2105712890625, 0.97747802734375, -24.315204515803188, -24.292047603939544
5.12038241699338, 0.0, 0.0, -0.010986328125, 0.00372314453125, -0.2105712890625, 0.97747802734375, -24.314382734212796, -24.292047603939544
5.130407245014794, 0.0, 0.0, -0.010986328125, 0.00372314453125, -0.2105712890625, 0.97747802734375, -24.314382734212796, -24.292047603939544
5.140210825018585, 0.0, 0.0, -0.010986328125, 0.00372314453125, -0.2105712890625, 0.97747802734375, -24.314382734212796, -24.292047603939544
5.150319184991531, 0.0, 0.0, -0.010986328125, 0.00372314453125, -0.2105712890625, 0.97747802734375, -24.314382734212796, -24.292047603939544
5.160373048041947, 0.0, 0.0, -0.010986328125, 0.00372314453125, -0.2105712890625, 0.97747802734375, -24.314382734212796, -24.292047603939544
5.170247158035636, 0.0, 0.0, -0.010986328125, 0.00372314453125, -0.2105712890625, 0.97747802734375, -24.314382734212796, -24.292047603939544
5.180813672021031, 0.0, 0.0, -0.01025390625, 0.00311279296875, -0.210693359375, 0.97747802734375, -24.32813428213712, -24.292047603939544
5.190545068006031, 0.0, 0.0, -0.01025390625, 0.00311279296875, -0.210693359375, 0.97747802734375, -24.32813428213712, -24.292047603939544
5.200306706014089, 0.0, 0.0, -0.00927734375, 0.0029296875, -0.21063232421875, 0.97747802734375, -24.32014372234897, -24.297002906182385
5.210084683028981, 0.0, 0.0, -0.00927734375, 0.0029296875, -0.21063232421875, 0.97747802734375, -24.32014372234897, -24.297002906182385
5.220316699007526, 0.0, 0.0, -0.00927734375, 0.0029296875, -0.21063232421875, 0.97747802734375, -24.32014372234897, -24.297002906182385
5.230423294007778, 0.0, 0.0, -0.0091552734375, 0.00335693359375, -0.21044921875, 0.9775390625, -24.299654355646513, -24.297002906182385
5.240193380974233, 0.0, 0.0, -0.0091552734375, 0.00335693359375, -0.21044921875, 0.9775390625, -24.299654355646513, -24.297002906182385
5.250117424991913, 0.0, 0.0, -0.0091552734375, 0.00335693359375, -0.21044921875, 0.9775390625, -24.299654355646513, -24.297002906182385
5.260479929042049, 0.0, 0.0, -0.0091552734375, 0.00335693359375, -0.21044921875, 0.9775390625, -24.299654355646513, -24.297002906182385
5.270328446989879, 0.0, 0.0, -0.00927734375, 0.00494384765625, -0.24603271484375, 0.96917724609375, -28.48961133958743, -24.297002906182385
5.280194076010957, 0.0, 0.0, -0.00927734375, 0.00494384765625, -0.24603271484375, 0.96917724609375, -28.48961133958743, -24.297002906182385
5.290380479069427, 0.0, 0.0, -0.01007080078125, 0.00567626953125, -0.24609375, 0.9691162109375, -28.49726144624853, -24.297002906182385
5.300172448041849, 0.0, 0.0, -0.01007080078125, 0.00567626953125, -0.24609375, 0.9691162109375, -28.49726144624853, -24.297002906182385
5.310308972024359, 0.0, 0.0, -0.01007080078125, 0.00567626953125, -0.24609375, 0.9691162109375, -28.49726144624853, -24.297002906182385
5.320167439989746, 0.0, 0.0, -0.01007080078125, 0.00567626953125, -0.24609375, 0.9691162109375, -28.49726144624853, -24.297002906182385
5.330471649067476, 0.0, 0.0, -0.01129150390625, 0.006591796875, -0.24627685546875, 0.96905517578125, -28.520901306564184, -24.297002906182385
5.340218065073714, 0.0, 0.0, -0.01129150390625, 0.006591796875, -0.24627685546875, 0.96905517578125, -28.520901306564184, -24.297002906182385
5.3502814209787175, 0.0, 0.0, -0.01129150390625, 0.006591796875, -0.24627685546875, 0.96905517578125, -28.520901306564184, -24.297002906182385
5.360251198057085, 0.0, 0.0, -0.01129150390625, 0.006591796875, -0.24627685546875, 0.96905517578125, -28.520901306564184, -24.297002906182385
5.370218693045899, 0.0, 0.0, -0.01220703125, 0.00830078125, -0.25347900390625, 0.9671630859375, -29.3764463504693, -24.297002906182385
5.380171912023798, 0.0, 0.0, -0.01220703125, 0.00830078125, -0.25347900390625, 0.9671630859375, -29.3764463504693, -29.39908420674292
5.390244123991579, 0.0, 0.0, -0.010498046875, 0.00982666015625, -0.25360107421875, 0.9671630859375, -29.3934547854983, -29.39908420674292
5.400150362984277, 0.0, 0.0, -0.010498046875, 0.00982666015625, -0.25360107421875, 0.9671630859375, -29.3934547854983, -29.39908420674292
5.4100928789703175, 0.0, 0.0, -0.010498046875, 0.00982666015625, -0.25360107421875, 0.9671630859375, -29.3934547854983, -29.39908420674292
5.420193615020253, 0.0, 0.0, -0.010498046875, 0.00982666015625, -0.25360107421875, 0.9671630859375, -29.3934547854983, -29.39908420674292
5.430226883967407, 0.0, 0.0, -0.00762939453125, 0.0106201171875, -0.253662109375, 0.9671630859375, -29.39979311582267, -29.39908420674292
5.440336046041921, 0.0, 0.0, -0.00762939453125, 0.0106201171875, -0.253662109375, 0.9671630859375, -29.39979311582267, -29.39908420674292
5.450166633003391, 0.0, 0.0, -0.00762939453125, 0.0106201171875, -0.253662109375, 0.9671630859375, -29.39979311582267, -29.39908420674292
5.460216075065546, 0.0, 0.0, -0.00762939453125, 0.0106201171875, -0.253662109375, 0.9671630859375, -29.39979311582267, -29.39908420674292
5.470315402024426, 0.0, 0.0, -0.00762939453125, 0.0106201171875, -0.253662109375, 0.9671630859375, -29.39979311582267, -29.39908420674292
5.480415360070765, 0.0, 0.0, -0.00335693359375, 0.01043701171875, -0.23345947265625, 0.9722900390625, -27.009085211057705, -29.39908420674292
5.490564165986143, 0.0, 0.0, -0.00335693359375, 0.01043701171875, -0.23345947265625, 0.9722900390625, -27.009085211057705, -29.39908420674292
5.50019293196965, 0.0, 0.0, -0.00201416015625, 0.0103759765625, -0.23345947265625, 0.9722900390625, -27.00757547279752, -29.39908420674292
5.510237962007523, 0.0, 0.0, -0.00201416015625, 0.0103759765625, -0.23345947265625, 0.9722900390625, -27.00757547279752, -29.39908420674292
5.520292434026487, 0.0, 0.0, -0.00201416015625, 0.0103759765625, -0.23345947265625, 0.9722900390625, -27.00757547279752, -29.39908420674292
5.530211378005333, 0.0, 0.0, -0.00164794921875, 0.00970458984375, -0.2413330078125, 0.9703369140625, -27.934556261368417, -29.39908420674292
5.540172624983825, 0.0, 0.0, -0.00164794921875, 0.00970458984375, -0.2413330078125, 0.9703369140625, -27.934556261368417, -29.39908420674292
5.550140851992182, 0.0, 0.0, -0.00164794921875, 0.00970458984375, -0.2413330078125, 0.9703369140625, -27.934556261368417, -29.39908420674292
5.560276817064732, 0.0, 0.0, -0.00164794921875, 0.00970458984375, -0.2413330078125, 0.9703369140625, -27.934556261368417, -29.39908420674292
5.5704040540149435, 0.0, 0.0, -0.00115966796875, 0.0076904296875, -0.241455078125, 0.9703369140625, -27.947116132263123, -29.39908420674292
5.580430733039975, 0.0, 0.0, -0.00115966796875, 0.0076904296875, -0.241455078125, 0.9703369140625, -27.947116132263123, -26.022436756574546
5.590751313022338, 0.0, 0.0, -0.00054931640625, 0.00616455078125, -0.241455078125, 0.9703369140625, -27.945420637375257, -26.022436756574546
5.600203837966546, 0.0, 0.0, -0.00054931640625, 0.00616455078125, -0.241455078125, 0.9703369140625, -27.945420637375257, -26.022436756574546
5.6101230720523745, 0.0, 0.0, -0.00054931640625, 0.00616455078125, -0.241455078125, 0.9703369140625, -27.945420637375257, -26.022436756574546
5.620573170017451, 0.0, 0.0, 0.0001220703125, 0.004150390625, -0.22509765625, 0.97430419921875, -26.017313244979807, -26.022436756574546
5.630279941018671, 0.0, 0.0, 0.0001220703125, 0.004150390625, -0.22509765625, 0.97430419921875, -26.017313244979807, -26.022436756574546
5.640386734972708, 0.0, 0.0, 0.0001220703125, 0.004150390625, -0.22509765625, 0.97430419921875, -26.017313244979807, -26.022436756574546
5.650184127036482, 0.0, 0.0, 0.0001220703125, 0.004150390625, -0.22509765625, 0.97430419921875, -26.017313244979807, -26.022436756574546
5.660181355080567, 0.0, 0.0, 0.0001220703125, 0.004150390625, -0.22509765625, 0.97430419921875, -26.017313244979807, -26.022436756574546
5.670464287046343, 0.0, 0.0, 0.0001220703125, 0.004150390625, -0.22509765625, 0.97430419921875, -26.017313244979807, -26.022436756574546
5.6801794150378555, 0.0, 0.0, -0.00054931640625, 0.00238037109375, -0.2249755859375, 0.97430419921875, -26.001909466632863, -26.022436756574546
5.69038793805521, 0.0, 0.0, -0.00054931640625, 0.00238037109375, -0.2249755859375, 0.97430419921875, -26.001909466632863, -26.022436756574546
5.700454325065948, 0.0, 0.0, -0.00054931640625, 0.00238037109375, -0.2249755859375, 0.97430419921875, -26.001909466632863, -26.022436756574546
5.710261287982576, 0.0, 0.0, -0.0020751953125, 0.00115966796875, -0.22503662109375, 0.97430419921875, -26.00931010690035, -26.022436756574546
5.720103115076199, 0.0, 0.0, -0.0020751953125, 0.00115966796875, -0.22503662109375, 0.97430419921875, -26.00931010690035, -26.022436756574546
5.730180967017077, 0.0, 0.0, -0.0020751953125, 0.00115966796875, -0.22503662109375, 0.97430419921875, -26.00931010690035, -26.022436756574546
5.740235874080099, 0.0, 0.0, -0.00384521484375, 0.0009765625, -0.22515869140625, 0.9742431640625, -26.023024266684263, -26.022436756574546
5.750177872017957, 0.0, 0.0, -0.00384521484375, 0.0009765625, -0.22515869140625, 0.9742431640625, -26.023024266684263, -26.022436756574546
5.760187361040153, 0.0, 0.0, -0.00384521484375, 0.0009765625, -0.22515869140625, 0.9742431640625, -26.023024266684263, -26.022436756574546
5.770734095014632, 0.0, 0.0, -0.00714111328125, 0.00128173828125, -0.22528076171875, 0.9742431640625, -26.03862553195102, -26.022436756574546
5.780127244070172, 0.0, 0.0, -0.00714111328125, 0.00128173828125, -0.22528076171875, 0.9742431640625, -26.03862553195102, -26.047363531950506
5.7901736460626125, 0.0, 0.0, -0.00714111328125, 0.00128173828125, -0.22528076171875, 0.9742431640625, -26.03862553195102, -26.047363531950506
5.800192772061564, 0.0, 0.0, -0.0086669921875, 0.001220703125, -0.2254638671875, 0.97418212890625, -26.059866760712065, -26.047363531950506
5.810150995035656, 0.0, 0.0, -0.0086669921875, 0.001220703125, -0.2254638671875, 0.97418212890625, -26.059866760712065, -26.047363531950506
5.820455120061524, 0.0, 0.0, -0.0086669921875, 0.001220703125, -0.2254638671875, 0.97418212890625, -26.059866760712065, -26.047363531950506
5.830642890068702, 0.0, 0.0, -0.0091552734375, 0.00152587890625, -0.22540283203125, 0.97418212890625, -26.0527516983761, -26.047363531950506
5.8401671290630475, 0.0, 0.0, -0.0091552734375, 0.00152587890625, -0.22540283203125, 0.97418212890625, -26.0527516983761, -26.047363531950506
5.850147032062523, 0.0, 0.0, -0.0091552734375, 0.00152587890625, -0.22540283203125, 0.97418212890625, -26.0527516983761, -26.047363531950506
5.860168138053268, 0.0, 0.0, -0.0091552734375, 0.00152587890625, -0.22540283203125, 0.97418212890625, -26.0527516983761, -26.047363531950506
5.87026048603002, 0.0, 0.0, -0.00958251953125, 0.00250244140625, -0.2249755859375, 0.97430419921875, -26.004274474058708, -26.047363531950506
5.880396650987677, 0.0, 0.0, -0.00958251953125, 0.00250244140625, -0.2249755859375, 0.97430419921875, -26.004274474058708, -26.047363531950506
5.890194114064798, 0.0, 0.0, -0.0098876953125, 0.0029296875, -0.2249755859375, 0.97430419921875, -26.004904811403335, -26.047363531950506
5.90015374601353, 0.0, 0.0, -0.0098876953125, 0.0029296875, -0.2249755859375, 0.97430419921875, -26.004904811403335, -26.047363531950506
5.910188221023418, 0.0, 0.0, -0.0098876953125, 0.0029296875, -0.2249755859375, 0.97430419921875, -26.004904811403335, -26.047363531950506
5.920391096035019, 0.0, 0.0, -0.0098876953125, 0.0029296875, -0.2249755859375, 0.97430419921875, -26.004904811403335, -26.047363531950506
5.930461478070356, 0.0, 0.0, -0.0111083984375, 0.0028076171875, -0.22479248046875, 0.97430419921875, -25.982586971634742, -26.047363531950506
5.940158889978193, 0.0, 0.0, -0.0111083984375, 0.0028076171875, -0.22479248046875, 0.97430419921875, -25.982586971634742, -26.047363531950506
5.950132859055884, 0.0, 0.0, -0.0111083984375, 0.0028076171875, -0.22479248046875, 0.97430419921875, -25.982586971634742, -26.047363531950506
5.960198750020936, 0.0, 0.0, -0.0111083984375, 0.0028076171875, -0.22479248046875, 0.97430419921875, -25.982586971634742, -26.047363531950506
5.970158139010891, 0.0, 0.0, -0.01348876953125, 0.0018310546875, -0.2247314453125, 0.97430419921875, -25.97418798632155, -26.047363531950506
5.980168820009567, 0.0, 0.0, -0.01348876953125, 0.0018310546875, -0.2247314453125, 0.97430419921875, -25.97418798632155, -26.047363531950506
5.990332404966466, 0.0, 0.0, -0.01544189453125, 0.00146484375, -0.224853515625, 0.9742431640625, -25.987506136641702, -25.983117065070076
6.000208087032661, 0.0, 0.0, -0.01544189453125, 0.00146484375, -0.224853515625, 0.9742431640625, -25.987506136641702, -25.983117065070076
6.010344255017117, 0.0, 0.0, -0.01544189453125, 0.00146484375, -0.224853515625, 0.9742431640625, -25.987506136641702, -25.983117065070076
6.020204016007483, 0.0, 0.0, -0.01544189453125, 0.00146484375, -0.224853515625, 0.9742431640625, -25.987506136641702, -25.983117065070076
6.030457642977126, 0.0, 0.0, -0.0164794921875, 0.00079345703125, -0.22479248046875, 0.9742431640625, -25.978943707472105, -25.983117065070076
6.040168076055124, 0.0, 0.0, -0.0164794921875, 0.00079345703125, -0.22479248046875, 0.9742431640625, -25.978943707472105, -25.983117065070076
6.050473568029702, 0.0, 0.0, -0.0164794921875, 0.00079345703125, -0.22479248046875, 0.9742431640625, -25.978943707472105, -25.983117065070076
6.060187587048858, 0.0, 0.0, -0.0164794921875, 0.00079345703125, -0.22479248046875, 0.9742431640625, -25.978943707472105, -25.983117065070076
6.070210144971497, 0.0, 0.0, -0.0164794921875, 0.00079345703125, -0.22479248046875, 0.9742431640625, -25.978943707472105, -25.983117065070076
6.080235118046403, 0.0, 0.0, -0.01483154296875, 0.00030517578125, -0.22454833984375, 0.97430419921875, -25.949438685574094, -25.983117065070076
6.09043786698021, 0.0, 0.0, -0.01483154296875, 0.00030517578125, -0.22454833984375, 0.97430419921875, -25.949438685574094, -25.983117065070076
6.100377997965552, 0.0, 0.0, -0.01483154296875, 0.00030517578125, -0.22454833984375, 0.97430419921875, -25.949438685574094, -25.983117065070076
6.110274106031284, 0.0, 0.0, -0.01336669921875, 0.0009765625, -0.22418212890625, 0.97442626953125, -25.908175453153813, -25.983117065070076
6.120179995079525, 0.0, 0.0, -0.01336669921875, 0.0009765625, -0.22418212890625, 0.97442626953125, -25.908175453153813, -25.983117065070076
6.130367842037231, 0.0, 0.0, -0.01336669921875, 0.0009765625, -0.22418212890625, 0.97442626953125, -25.908175453153813, -25.983117065070076
6.140434590051882, 0.0, 0.0, -0.012939453125, 0.0023193359375, -0.2239990234375, 0.9744873046875, -25.889054381888684, -25.983117065070076
6.150245054974221, 0.0, 0.0, -0.012939453125, 0.0023193359375, -0.2239990234375, 0.9744873046875, -25.889054381888684, -25.983117065070076
6.160247409017757, 0.0, 0.0, -0.012939453125, 0.0023193359375, -0.2239990234375, 0.9744873046875, -25.889054381888684, -25.983117065070076
6.170194777077995, 0.0, 0.0, -0.012939453125, 0.0023193359375, -0.2239990234375, 0.9744873046875, -25.889054381888684, -25.983117065070076
6.180184346972965, 0.0, 0.0, -0.012451171875, 0.00347900390625, -0.223876953125, 0.9744873046875, -25.875763695508027, -25.983117065070076
6.190178602002561, 0.0, 0.0, -0.012451171875, 0.00347900390625, -0.223876953125, 0.9744873046875, -25.875763695508027, -25.887139246853057
6.200652641011402, 0.0, 0.0, -0.01165771484375, 0.00372314453125, -0.223876953125, 0.9744873046875, -25.87586046551261, -25.887139246853057
6.210107784019783, 0.0, 0.0, -0.01165771484375, 0.00372314453125, -0.223876953125, 0.9744873046875, -25.87586046551261, -25.887139246853057
6.220210436033085, 0.0, 0.0, -0.01165771484375, 0.00372314453125, -0.223876953125, 0.9744873046875, -25.87586046551261, -25.887139246853057
6.230192478047684, 0.0, 0.0, -0.01165771484375, 0.00372314453125, -0.223876953125, 0.9744873046875, -25.87586046551261, -25.887139246853057
6.240084310993552, 0.0, 0.0, -0.00994873046875, 0.00335693359375, -0.22393798828125, 0.9744873046875, -25.88219847929641, -25.887139246853057
6.25012056902051, 0.0, 0.0, -0.00994873046875, 0.00335693359375, -0.22393798828125, 0.9744873046875, -25.88219847929641, -25.887139246853057
6.260119484970346, 0.0, 0.0, -0.00994873046875, 0.00335693359375, -0.22393798828125, 0.9744873046875, -25.88219847929641, -25.887139246853057
6.270868428051472, 0.0, 0.0, -0.0069580078125, 0.00250244140625, -0.22412109375, 0.9744873046875, -25.902800159579208, -25.887139246853057
6.2801588360453025, 0.0, 0.0, -0.0069580078125, 0.00250244140625, -0.22412109375, 0.9744873046875, -25.902800159579208, -25.887139246853057
6.290141228004359, 0.0, 0.0, -0.00537109375, 0.00189208984375, -0.223876953125, 0.97454833984375, -25.902800159579208, -25.887139246853057
6.300134724006057, 0.0, 0.0, -0.00537109375, 0.00189208984375, -0.223876953125, 0.97454833984375, -25.873327859002387, -25.887139246853057
6.310136456042528, 0.0, 0.0, -0.00537109375, 0.00189208984375, -0.223876953125, 0.97454833984375, -25.873327859002387, -25.887139246853057
6.320190677070059, 0.0, 0.0, -0.00537109375, 0.00189208984375, -0.223876953125, 0.97454833984375, -25.873327859002387, -25.887139246853057
6.330299115972593, 0.0, 0.0, -0.005615234375, 0.00079345703125, -0.22357177734375, 0.974609375, -25.836505734935294, -25.887139246853057
6.340157906059176, 0.0, 0.0, -0.005615234375, 0.00079345703125, -0.22357177734375, 0.974609375, -25.836505734935294, -25.887139246853057
6.350364921032451, 0.0, 0.0, -0.005615234375, 0.00079345703125, -0.22357177734375, 0.974609375, -25.836505734935294, -25.887139246853057
6.360411855974235, 0.0, 0.0, -0.005615234375, 0.00079345703125, -0.22357177734375, 0.974609375, -25.836505734935294, -25.887139246853057
6.370457111042924, 0.0, 0.0, -0.0069580078125, -0.00018310546875, -0.2235107421875, 0.974609375, -25.828386994756276, -25.887139246853057
6.3802945429924875, 0.0, 0.0, -0.0069580078125, -0.00018310546875, -0.2235107421875, 0.974609375, -25.828386994756276, -25.887139246853057
6.3903007010230795, 0.0, 0.0, -0.0069580078125, -0.00018310546875, -0.2235107421875, 0.974609375, -25.828386994756276, -25.869240736133037
6.4001707000425085, 0.0, 0.0, -0.0069580078125, -0.00018310546875, -0.2235107421875, 0.974609375, -25.828386994756276, -25.869240736133037
6.4101590199861676, 0.0, 0.0, -0.00970458984375, 0.00042724609375, -0.2237548828125, 0.97454833984375, -25.857539232481997, -25.869240736133037
6.420298340031877, 0.0, 0.0, -0.00970458984375, 0.00042724609375, -0.2237548828125, 0.97454833984375, -25.857539232481997, -25.869240736133037
6.430561830988154, 0.0, 0.0, -0.01092529296875, 0.00164794921875, -0.22381591796875, 0.97454833984375, -25.866593854866476, -25.869240736133037
6.440457602031529, 0.0, 0.0, -0.01092529296875, 0.00164794921875, -0.22381591796875, 0.97454833984375, -25.866593854866476, -25.869240736133037
6.450093909050338, 0.0, 0.0, -0.01092529296875, 0.00164794921875, -0.22381591796875, 0.97454833984375, -25.866593854866476, -25.869240736133037
6.4608538270695135, 0.0, 0.0, -0.01092529296875, 0.00164794921875, -0.22381591796875, 0.97454833984375, -25.866593854866476, -25.869240736133037
6.470371617004275, 0.0, 0.0, -0.011962890625, 0.00311279296875, -0.22381591796875, 0.97454833984375, -25.868925702065365, -25.869240736133037
6.480127094080672, 0.0, 0.0, -0.011962890625, 0.00311279296875, -0.22381591796875, 0.97454833984375, -25.868925702065365, -25.869240736133037
6.490114105981775, 0.0, 0.0, -0.013427734375, 0.0040283203125, -0.22357177734375, 0.97454833984375, -25.840996631014335, -25.869240736133037
6.500180853065103, 0.0, 0.0, -0.013427734375, 0.0040283203125, -0.22357177734375, 0.97454833984375, -25.840996631014335, -25.869240736133037
6.510213561006822, 0.0, 0.0, -0.013427734375, 0.0040283203125, -0.22357177734375, 0.97454833984375, -25.840996631014335, -25.869240736133037
6.520254545030184, 0.0, 0.0, -0.01373291015625, 0.00390625, -0.22369384765625, 0.97454833984375, -25.855898297381806, -25.869240736133037
6.530454752035439, 0.0, 0.0, -0.01373291015625, 0.00390625, -0.22369384765625, 0.97454833984375, -25.855898297381806, -25.869240736133037
6.540252370992675, 0.0, 0.0, -0.01373291015625, 0.00390625, -0.22369384765625, 0.97454833984375, -25.855898297381806, -25.869240736133037
6.550186792970635, 0.0, 0.0, -0.01373291015625, 0.00390625, -0.22369384765625, 0.97454833984375, -25.855898297381806, -25.869240736133037
6.560314630973153, 0.0, 0.0, -0.01312255859375, 0.0035400390625, -0.223876953125, 0.9744873046875, -25.876108525121666, -25.869240736133037
6.57028393400833, 0.0, 0.0, -0.01312255859375, 0.0035400390625, -0.223876953125, 0.9744873046875, -25.876108525121666, -25.869240736133037
6.58036499901209, 0.0, 0.0, -0.01312255859375, 0.0035400390625, -0.223876953125, 0.9744873046875, -25.876108525121666, -25.868892396485364
6.59013856202364, 0.0, 0.0, -0.01312255859375, 0.0035400390625, -0.223876953125, 0.9744873046875, -25.876108525121666, -25.868892396485364
6.600180824985728, 0.0, 0.0, -0.01190185546875, 0.0035400390625, -0.223876953125, 0.9744873046875, -25.87566297911569, -25.868892396485364
6.610285012982786, 0.0, 0.0, -0.01190185546875, 0.0035400390625, -0.223876953125, 0.9744873046875, -25.87566297911569, -25.868892396485364
6.620174061041325, 0.0, 0.0, -0.01190185546875, 0.0035400390625, -0.223876953125, 0.9744873046875, -25.87566297911569, -25.868892396485364
6.630385749973357, 0.0, 0.0, -0.01190185546875, 0.0035400390625, -0.223876953125, 0.9744873046875, -25.87566297911569, -25.868892396485364
6.640595052973367, 0.0, 0.0, -0.01116943359375, 0.00286865234375, -0.22381591796875, 0.97454833984375, -25.868316853533514, -25.868892396485364
6.650286110001616, 0.0, 0.0, -0.01116943359375, 0.00286865234375, -0.22381591796875, 0.97454833984375, -25.868316853533514, -25.868892396485364
6.6603008810197935, 0.0, 0.0, -0.01116943359375, 0.00286865234375, -0.22381591796875, 0.97454833984375, -25.868316853533514, -25.868892396485364
6.670229064999148, 0.0, 0.0, -0.009765625, 0.00152587890625, -0.2237548828125, 0.97454833984375, -25.858755518339045, -25.868892396485364
6.680217900080606, 0.0, 0.0, -0.009765625, 0.00152587890625, -0.2237548828125, 0.97454833984375, -25.858755518339045, -25.868892396485364
6.690579973976128, 0.0, 0.0, -0.00775146484375, 0.0001220703125, -0.22369384765625, 0.974609375, -25.85111014444027, -25.868892396485364
6.700206613051705, 0.0, 0.0, -0.00775146484375, 0.0001220703125, -0.22369384765625, 0.974609375, -25.85111014444027, -25.868892396485364
6.710367145016789, 0.0, 0.0, -0.00775146484375, 0.0001220703125, -0.22369384765625, 0.974609375, -25.85111014444027, -25.868892396485364
6.7201749560190365, 0.0, 0.0, -0.00775146484375, 0.0001220703125, -0.22369384765625, 0.974609375, -25.85111014444027, -25.868892396485364
6.730190783040598, 0.0, 0.0, -0.0067138671875, -0.0003662109375, -0.22369384765625, 0.974609375, -25.850764966779682, -25.868892396485364
6.740654870052822, 0.0, 0.0, -0.0067138671875, -0.0003662109375, -0.22369384765625, 0.974609375, -25.850764966779682, -25.868892396485364
6.750163346994668, 0.0, 0.0, -0.0067138671875, -0.0003662109375, -0.22369384765625, 0.974609375, -25.850764966779682, -25.868892396485364
6.760226216050796, 0.0, 0.0, -0.0067138671875, -0.0003662109375, -0.22369384765625, 0.974609375, -25.850764966779682, -25.868892396485364
6.770301675074734, 0.0, 0.0, -0.00689697265625, -0.0006103515625, -0.22369384765625, 0.974609375, -25.850596317388998, -25.868892396485364
6.780385278048925, 0.0, 0.0, -0.00689697265625, -0.0006103515625, -0.22369384765625, 0.974609375, -25.850596317388998, -25.868892396485364
6.790260883048177, 0.0, 0.0, -0.00689697265625, -0.0006103515625, -0.22369384765625, 0.974609375, -25.850596317388998, -25.868892396485364
6.800166837056167, 0.0, 0.0, -0.00726318359375, -0.001220703125, -0.2237548828125, 0.974609375, -25.857671041574022, -25.857902622110817
6.810137800057419, 0.0, 0.0, -0.00726318359375, -0.001220703125, -0.2237548828125, 0.974609375, -25.857671041574022, -25.857902622110817
6.820186202065088, 0.0, 0.0, -0.00726318359375, -0.001220703125, -0.2237548828125, 0.974609375, -25.857671041574022, -25.857902622110817
6.830300254980102, 0.0, 0.0, -0.00750732421875, -0.00189208984375, -0.2237548828125, 0.97454833984375, -25.85581665351833, -25.857902622110817
6.84027338004671, 0.0, 0.0, -0.00750732421875, -0.00189208984375, -0.2237548828125, 0.97454833984375, -25.85581665351833, -25.857902622110817
6.850425589014776, 0.0, 0.0, -0.00750732421875, -0.00189208984375, -0.2237548828125, 0.97454833984375, -25.85581665351833, -25.857902622110817
6.860288014053367, 0.0, 0.0, -0.00750732421875, -0.00189208984375, -0.2237548828125, 0.97454833984375, -25.85581665351833, -25.857902622110817
6.8702026680111885, 0.0, 0.0, -0.0079345703125, -0.002197265625, -0.22357177734375, 0.974609375, -25.834457669263728, -25.857902622110817
6.8803642929997295, 0.0, 0.0, -0.0079345703125, -0.002197265625, -0.22357177734375, 0.974609375, -25.834457669263728, -25.857902622110817
6.890466850018129, 0.0, 0.0, -0.0079345703125, -0.002197265625, -0.22357177734375, 0.974609375, -25.834457669263728, -25.857902622110817
6.900158610078506, 0.0, 0.0, -0.0079345703125, -0.002197265625, -0.22357177734375, 0.974609375, -25.834457669263728, -25.857902622110817
6.910169200971723, 0.0, 0.0, -0.00750732421875, -0.001220703125, -0.22332763671875, 0.97467041015625, -25.806559769615827, -25.857902622110817
6.920446738018654, 0.0, 0.0, -0.00750732421875, -0.001220703125, -0.22332763671875, 0.97467041015625, -25.806559769615827, -25.857902622110817
6.9301139790331945, 0.0, 0.0, -0.00750732421875, -0.001220703125, -0.22332763671875, 0.97467041015625, -25.806559769615827, -25.857902622110817
6.940276455017738, 0.0, 0.0, -0.0068359375, -0.0, -0.2232666015625, 0.97467041015625, -25.79993385886152, -25.857902622110817
6.9503826280124485, 0.0, 0.0, -0.0068359375, -0.0, -0.2232666015625, 0.97467041015625, -25.79993385886152, -25.857902622110817
6.960259546060115, 0.0, 0.0, -0.0068359375, -0.0, -0.2232666015625, 0.97467041015625, -25.79993385886152, -25.857902622110817
6.970174269983545, 0.0, 0.0, -0.00689697265625, 0.00091552734375, -0.22320556640625, 0.9747314453125, -25.79453608048495, -25.857902622110817
6.980364180053584, 0.0, 0.0, -0.00689697265625, 0.00091552734375, -0.22320556640625, 0.9747314453125, -25.79453608048495, -25.857902622110817
6.990355157060549, 0.0, 0.0, -0.00689697265625, 0.00091552734375, -0.22320556640625, 0.9747314453125, -25.79453608048495, -25.820186317514004
7.000198194989935, 0.0, 0.0, -0.0069580078125, 0.00115966796875, -0.2232666015625, 0.97467041015625, -25.800833409944424, -25.820186317514004
