time, reference_pitch, command_pitch, quaternion_x, quaternion_y, quaternion_z, quaternion_w, pitch, pitch_slow, speed_x
0.0, 0.0, 0.0, 0.0, 0.0, 0.0, 1.0, 0.0, 0.0, 0.0
0.010248961974866688, 3.6, 3.5999999046325684, 0.005126953125, -0.02447509765625, 0.1365966796875, 0.99029541015625, -2.858859145901658, -2.8630944910984004, 0.0
0.020181950996629894, 3.6, 3.5999999046325684, 0.005126953125, -0.02447509765625, 0.1365966796875, 0.99029541015625, -2.858859145901658, -2.860382265667671, 0.0
0.030420126975513995, 3.6, 3.5999999046325684, 0.005126953125, -0.02447509765625, 0.1365966796875, 0.99029541015625, -2.858859145901658, -2.860382265667671, 0.0
0.04016918200068176, 3.6, 3.5999999046325684, 0.005126953125, -0.02447509765625, 0.1365966796875, 0.99029541015625, -2.858859145901658, -2.860382265667671, 0.0
0.050289017031900585, 3.6, 3.5999999046325684, 0.005126953125, -0.02447509765625, 0.1365966796875, 0.99029541015625, -2.858859145901658, -2.860382265667671, 0.0
0.06045005505438894, 3.6, 3.5999999046325684, 0.005126953125, -0.02447509765625, 0.1365966796875, 0.99029541015625, -2.858859145901658, -2.860382265667671, 0.0
0.07025039999280125, 3.6, 3.5999999046325684, 0.005126953125, -0.02447509765625, 0.1365966796875, 0.99029541015625, -2.858859145901658, -2.860382265667671, 0.0
0.08036383101716638, 3.6, 3.5999999046325684, 0.00518798828125, -0.02447509765625, 0.13653564453125, 0.99029541015625, -2.858859145901658, -2.860382265667671, 0.0
0.09017606999259442, 3.6, 3.5999999046325684, 0.00518798828125, -0.02447509765625, 0.13653564453125, 0.99029541015625, -2.8597793788970165, -2.860382265667671, 0.0
0.10060955607332289, 3.6, 3.5999999046325684, 0.00518798828125, -0.02447509765625, 0.13653564453125, 0.99029541015625, -2.8597793788970165, -2.860382265667671, 0.0
0.1102166649652645, 3.6, 3.5999999046325684, 0.00518798828125, -0.02447509765625, 0.13653564453125, 0.99029541015625, -2.8597793788970165, -2.860382265667671, 0.0
0.12028012506198138, 3.6, 3.5999999046325684, 0.00518798828125, -0.0245361328125, 0.13653564453125, 0.99029541015625, -2.866714275094457, -2.860382265667671, 0.0
0.13036831899080426, 3.6, 3.5999999046325684, 0.00518798828125, -0.0245361328125, 0.13653564453125, 0.99029541015625, -2.866714275094457, -2.860382265667671, 0.0
0.14025888103060424, 3.6, 3.5999999046325684, 0.00518798828125, -0.0245361328125, 0.13653564453125, 0.99029541015625, -2.866714275094457, -2.860382265667671, 0.0
0.15013784100301564, 3.6, 3.5999999046325684, 0.00518798828125, -0.0245361328125, 0.13653564453125, 0.99029541015625, -2.866714275094457, -2.860382265667671, 0.0
0.1602444719756022, 3.6, 3.5999999046325684, 0.00518798828125, -0.0245361328125, 0.13653564453125, 0.99029541015625, -2.866714275094457, -2.860382265667671, 0.0
0.170537436963059, 3.6, 3.5999999046325684, 0.00518798828125, -0.0245361328125, 0.13653564453125, 0.99029541015625, -2.866714275094457, -2.860382265667671, 0.0
0.1801989550003782, 3.6, 3.5999999046325684, 0.00518798828125, -0.0245361328125, 0.13653564453125, 0.99029541015625, -2.866714275094457, -2.860382265667671, 0.0
0.1902935360558331, 3.6, 3.5999999046325684, 0.00518798828125, -0.0245361328125, 0.13653564453125, 0.99029541015625, -2.866714275094457, -2.860382265667671, 0.0
0.20021311903838068, 3.6, 3.5999999046325684, 0.00518798828125, -0.0245361328125, 0.13653564453125, 0.99029541015625, -2.866714275094457, -2.860382265667671, 0.0
0.21033797005657107, 3.6, 3.5999999046325684, 0.00518798828125, -0.0245361328125, 0.13653564453125, 0.99029541015625, -2.866714275094457, -2.860382265667671, 0.0
0.22046717500779778, 3.6, 3.5999999046325684, 0.00518798828125, -0.0245361328125, 0.1365966796875, 0.99029541015625, -2.866750605940132, -2.8723969953045465, 0.0
0.23017988202627748, 3.6, 3.5999999046325684, 0.00518798828125, -0.0245361328125, 0.1365966796875, 0.99029541015625, -2.866750605940132, -2.8723969953045465, 0.0
0.2402170510031283, 3.6, 3.5999999046325684, 0.00518798828125, -0.0245361328125, 0.13653564453125, 0.99029541015625, -2.866750605940132, -2.8723969953045465, 0.0
0.25020018697250634, 3.6, 3.5999999046325684, 0.00518798828125, -0.0245361328125, 0.13653564453125, 0.99029541015625, -2.866714275094457, -2.8723969953045465, 0.0
0.26022166502662003, 3.6, 3.5999999046325684, 0.00518798828125, -0.0245361328125, 0.13653564453125, 0.99029541015625, -2.866714275094457, -2.8723969953045465, 0.0
0.27033434400800616, 3.6, 3.5999999046325684, 0.00518798828125, -0.0245361328125, 0.13653564453125, 0.99029541015625, -2.866714275094457, -2.8723969953045465, 0.0
0.2801962799858302, 3.6, 3.5999999046325684, 0.00518798828125, -0.0245361328125, 0.13653564453125, 0.99029541015625, -2.866714275094457, -2.8723969953045465, 0.0
0.2901280550286174, 3.6, 3.5999999046325684, 0.00518798828125, -0.02459716796875, 0.13653564453125, 0.99029541015625, -2.873649213324311, -2.8723969953045465, 0.0
0.3001511520706117, 3.6, 3.5999999046325684, 0.00518798828125, -0.02459716796875, 0.13653564453125, 0.99029541015625, -2.873649213324311, -2.8723969953045465, 0.0
0.31016319803893566, 3.6, 3.5999999046325684, 0.00518798828125, -0.02459716796875, 0.13653564453125, 0.99029541015625, -2.873649213324311, -2.8723969953045465, 0.0
0.3201495429966599, 3.6, 3.5999999046325684, 0.00518798828125, -0.02459716796875, 0.13653564453125, 0.99029541015625, -2.873649213324311, -2.8723969953045465, 0.0
0.33016118803061545, 3.6, 3.5999999046325684, 0.00518798828125, -0.02459716796875, 0.13653564453125, 0.99029541015625, -2.873649213324311, -2.8723969953045465, 0.0
0.3403655659640208, 3.6, 3.5999999046325684, 0.00518798828125, -0.02459716796875, 0.13653564453125, 0.99029541015625, -2.873649213324311, -2.8723969953045465, 0.0
0.35016693104989827, 3.6, 3.5999999046325684, 0.00518798828125, -0.02459716796875, 0.13653564453125, 0.99029541015625, -2.873649213324311, -2.8723969953045465, 0.0
0.3602472000056878, 3.6, 3.5999999046325684, 0.00518798828125, -0.02459716796875, 0.13653564453125, 0.99029541015625, -2.873649213324311, -2.8723969953045465, 0.0
0.3701678670477122, 3.6, 3.5999999046325684, 0.00518798828125, -0.02459716796875, 0.13653564453125, 0.99029541015625, -2.873649213324311, -2.8723969953045465, 0.0
0.3803560270462185, 3.6, 3.5999999046325684, 0.00518798828125, -0.02459716796875, 0.13653564453125, 0.99029541015625, -2.873649213324311, -2.8723969953045465, 0.0
0.39021084003616124, 3.6, 3.5999999046325684, 0.00518798828125, -0.02459716796875, 0.13653564453125, 0.99029541015625, -2.873649213324311, -2.8723969953045465, 0.0
0.4002387330401689, 3.6, 3.5999999046325684, 0.00518798828125, -0.02459716796875, 0.13653564453125, 0.99029541015625, -2.873649213324311, -2.8723969953045465, 0.0
0.4101377760525793, 3.6, 3.5999999046325684, 0.00518798828125, -0.02459716796875, 0.13653564453125, 0.99029541015625, -2.873649213324311, -2.876350180730103, 0.0
0.4201802290044725, 3.6, 3.5999999046325684, 0.00518798828125, -0.02459716796875, 0.13653564453125, 0.99029541015625, -2.873649213324311, -2.876350180730103, 0.0
0.4302557980408892, 3.6, 3.5999999046325684, 0.00518798828125, -0.02459716796875, 0.13653564453125, 0.99029541015625, -2.873649213324311, -2.876350180730103, 0.0
0.4402758909855038, 3.6, 3.5999999046325684, 0.00518798828125, -0.02459716796875, 0.13653564453125, 0.99029541015625, -2.873649213324311, -2.876350180730103, 0.0
0.45021574397105724, 3.6, 3.5999999046325684, 0.0052490234375, -0.02459716796875, 0.13653564453125, 0.99029541015625, -2.874605361885677, -2.876350180730103, 0.0
0.4602352330693975, 3.6, 3.5999999046325684, 0.0052490234375, -0.02459716796875, 0.13653564453125, 0.99029541015625, -2.874605361885677, -2.876350180730103, 0.0
0.4703329580370337, 3.6, 3.5999999046325684, 0.0052490234375, -0.02459716796875, 0.13653564453125, 0.99029541015625, -2.874605361885677, -2.876350180730103, 0.0
0.4801830630749464, 3.6, 3.5999999046325684, 0.0052490234375, -0.02459716796875, 0.1365966796875, 0.99029541015625, -2.874642120406933, -2.876350180730103, 0.0
0.4902368220500648, 3.6, 3.5999999046325684, 0.0052490234375, -0.02459716796875, 0.1365966796875, 0.99029541015625, -2.874642120406933, -2.876350180730103, 0.0
0.50028606003616, 3.6, 3.5999999046325684, 0.0052490234375, -0.02459716796875, 0.1365966796875, 0.99029541015625, -2.874642120406933, -2.876350180730103, 0.0
0.5103023779811338, 3.6, 3.5999999046325684, 0.0052490234375, -0.02459716796875, 0.1365966796875, 0.99029541015625, -2.874642120406933, -2.876350180730103, 0.0
0.5201993329683319, 3.6, 3.5999999046325684, 0.0052490234375, -0.02459716796875, 0.1365966796875, 0.99029541015625, -2.874642120406933, -2.876350180730103, 0.0
0.5303538989974186, 3.6, 3.5999999046325684, 0.0052490234375, -0.02459716796875, 0.1365966796875, 0.99029541015625, -2.874642120406933, -2.876350180730103, 0.0
0.5404492779634893, 3.6, 3.5999999046325684, 0.0052490234375, -0.0245361328125, 0.13665771484375, 0.990234375, -2.8675721107820746, -2.876350180730103, 0.0
0.5502397160744295, 3.6, 3.5999999046325684, 0.0052490234375, -0.0245361328125, 0.13665771484375, 0.990234375, -2.8675721107820746, -2.876350180730103, 0.0
0.5604878050507978, 3.6, 3.5999999046325684, 0.0052490234375, -0.0245361328125, 0.13665771484375, 0.990234375, -2.8675721107820746, -2.876350180730103, 0.0
0.570265015005134, 3.6, 3.5999999046325684, 0.0052490234375, -0.0245361328125, 0.13665771484375, 0.990234375, -2.8675721107820746, -2.876350180730103, 0.0
0.5804788350360468, 3.6, 3.5999999046325684, 0.00518798828125, -0.0245361328125, 0.13665771484375, 0.99029541015625, -2.86678693678696, -2.876350180730103, 0.0
0.5902580369729549, 3.6, 3.5999999046325684, 0.00518798828125, -0.0245361328125, 0.13665771484375, 0.99029541015625, -2.86678693678696, -2.876350180730103, 0.0
0.6002274720231071, 3.6, 3.5999999046325684, 0.00518798828125, -0.0245361328125, 0.13665771484375, 0.99029541015625, -2.86678693678696, -2.876350180730103, 0.0
0.6102642749901861, 3.6, 3.5999999046325684, 0.00518798828125, -0.0245361328125, 0.1365966796875, 0.99029541015625, -2.866750605940132, -2.876350180730103, 0.0
0.6203997699776664, 3.6, 3.5999999046325684, 0.00518798828125, -0.0245361328125, 0.1365966796875, 0.99029541015625, -2.866750605940132, -2.876350180730103, 0.0
0.6301492790225893, 3.6, 3.5999999046325684, 0.00518798828125, -0.0245361328125, 0.1365966796875, 0.99029541015625, -2.866750605940132, -2.871951538904615, 0.0
0.6403591210255399, 3.6, 3.5999999046325684, 0.00518798828125, -0.0245361328125, 0.1365966796875, 0.99029541015625, -2.866750605940132, -2.871951538904615, 0.0
0.6505999760702252, 3.6, 3.5999999046325684, 0.00518798828125, -0.0245361328125, 0.1365966796875, 0.99029541015625, -2.866750605940132, -2.871951538904615, 0.0
0.6603886230150238, 3.6, 3.5999999046325684, 0.00518798828125, -0.0245361328125, 0.1365966796875, 0.99029541015625, -2.866750605940132, -2.871951538904615, 0.0
0.6702198850689456, 3.6, 3.5999999046325684, 0.00518798828125, -0.0245361328125, 0.1365966796875, 0.99029541015625, -2.866750605940132, -2.871951538904615, 0.0
0.6804636480519548, 3.6, 3.5999999046325684, 0.00518798828125, -0.0245361328125, 0.13665771484375, 0.99029541015625, -2.86678693678696, -2.871951538904615, 0.0
0.6902603700291365, 3.6, 3.5999999046325684, 0.00518798828125, -0.0245361328125, 0.13665771484375, 0.99029541015625, -2.86678693678696, -2.871951538904615, 0.0
0.7002482330426574, 3.6, 3.5999999046325684, 0.00518798828125, -0.0245361328125, 0.13665771484375, 0.99029541015625, -2.86678693678696, -2.871951538904615, 0.0
0.7102547260001302, 3.6, 3.5999999046325684, 0.00518798828125, -0.0245361328125, 0.13665771484375, 0.99029541015625, -2.86678693678696, -2.871951538904615, 0.0
0.7201364260399714, 3.6, 3.5999999046325684, 0.00518798828125, -0.0245361328125, 0.13665771484375, 0.99029541015625, -2.86678693678696, -2.871951538904615, 0.0
0.7303343870444223, 3.6, 3.5999999046325684, 0.00518798828125, -0.0245361328125, 0.13665771484375, 0.99029541015625, -2.86678693678696, -2.871951538904615, 0.0
0.7403624739963561, 3.6, 3.5999999046325684, 0.00518798828125, -0.0245361328125, 0.13665771484375, 0.99029541015625, -2.86678693678696, -2.871951538904615, 0.0
0.7503607720136642, 3.6, 3.5999999046325684, 0.00518798828125, -0.02459716796875, 0.13665771484375, 0.99029541015625, -2.8737218754577563, -2.871951538904615, 0.0
0.760204236023128, 3.6, 3.5999999046325684, 0.00518798828125, -0.02459716796875, 0.13665771484375, 0.99029541015625, -2.8737218754577563, -2.871951538904615, 0.0
0.7701619530562311, 3.6, 3.5999999046325684, 0.00518798828125, -0.02459716796875, 0.13665771484375, 0.99029541015625, -2.8737218754577563, -2.871951538904615, 0.0
0.7801649100147188, 3.6, 3.5999999046325684, 0.00518798828125, -0.02459716796875, 0.13665771484375, 0.990234375, -2.873549623466573, -2.871951538904615, 0.0
0.7901609080145136, 3.6, 3.5999999046325684, 0.00518798828125, -0.02459716796875, 0.13665771484375, 0.990234375, -2.873549623466573, -2.871951538904615, 0.0
0.8001615650719032, 3.6, 3.5999999046325684, 0.00518798828125, -0.02459716796875, 0.13665771484375, 0.990234375, -2.873549623466573, -2.871951538904615, 0.0
0.8102071919711307, 3.6, 3.5999999046325684, 0.00518798828125, -0.02459716796875, 0.13665771484375, 0.99029541015625, -2.8737218754577563, -2.871951538904615, 0.0
0.8202451120596379, 3.6, 3.5999999046325684, 0.00518798828125, -0.02459716796875, 0.13665771484375, 0.99029541015625, -2.8737218754577563, -2.8741045425970495, 0.0
0.8301988709717989, 3.6, 3.5999999046325684, 0.00518798828125, -0.02459716796875, 0.13665771484375, 0.99029541015625, -2.8737218754577563, -2.8741045425970495, 0.0
0.8402324310736731, 3.6, 3.5999999046325684, 0.00518798828125, -0.02459716796875, 0.13665771484375, 0.99029541015625, -2.8737218754577563, -2.8741045425970495, 0.0
0.8502031749812886, 3.6, 3.5999999046325684, 0.00518798828125, -0.0245361328125, 0.1365966796875, 0.99029541015625, -2.866750605940132, -2.8741045425970495, 0.0
0.8602882319828495, 3.6, 3.5999999046325684, 0.00518798828125, -0.0245361328125, 0.1365966796875, 0.99029541015625, -2.866750605940132, -2.8741045425970495, 0.0
0.870625838986598, 3.6, 3.5999999046325684, 0.00518798828125, -0.0245361328125, 0.1365966796875, 0.99029541015625, -2.866750605940132, -2.8741045425970495, 0.0
0.8802247269777581, 3.6, 3.5999999046325684, 0.00518798828125, -0.02459716796875, 0.1365966796875, 0.99029541015625, -2.8736855443904554, -2.8741045425970495, 0.0
0.8907378050498664, 3.6, 3.5999999046325684, 0.00518798828125, -0.02459716796875, 0.1365966796875, 0.99029541015625, -2.8736855443904554, -2.8741045425970495, 0.0
0.9002045440720394, 3.6, 3.5999999046325684, 0.00518798828125, -0.02459716796875, 0.1365966796875, 0.99029541015625, -2.8736855443904554, -2.8741045425970495, 0.0
0.9101202000165358, 3.6, 3.5999999046325684, 0.00518798828125, -0.0245361328125, 0.1365966796875, 0.99029541015625, -2.866750605940132, -2.8741045425970495, 0.0
0.9203689210116863, 3.6, 3.5999999046325684, 0.00518798828125, -0.0245361328125, 0.1365966796875, 0.99029541015625, -2.866750605940132, -2.8741045425970495, 0.0
0.930217209039256, 3.6, 3.5999999046325684, 0.00518798828125, -0.0245361328125, 0.1365966796875, 0.99029541015625, -2.866750605940132, -2.8741045425970495, 0.0
0.9405971660744399, 3.6, 3.5999999046325684, 0.00518798828125, -0.0245361328125, 0.1365966796875, 0.99029541015625, -2.866750605940132, -2.8741045425970495, 0.0
0.9502454739995301, 3.6, 3.5999999046325684, 0.00518798828125, -0.0245361328125, 0.1365966796875, 0.99029541015625, -2.866750605940132, -2.8741045425970495, 0.0
0.9601714500458911, 3.6, 3.5999999046325684, 0.00518798828125, -0.0245361328125, 0.1365966796875, 0.99029541015625, -2.866750605940132, -2.8741045425970495, 0.0
0.970174920046702, 3.6, 3.5999999046325684, 0.00518798828125, -0.0245361328125, 0.1365966796875, 0.99029541015625, -2.866750605940132, -2.8741045425970495, 0.0
0.9801820470020175, 3.6, 3.5999999046325684, 0.00518798828125, -0.0245361328125, 0.13653564453125, 0.99029541015625, -2.866714275094457, -2.8741045425970495, 0.0
0.9901949489722028, 3.6, 3.5999999046325684, 0.00518798828125, -0.0245361328125, 0.13653564453125, 0.99029541015625, -2.866714275094457, -2.8741045425970495, 0.0
1.0002285189693794, 3.6, 3.5999999046325684, 0.00518798828125, -0.0245361328125, 0.13653564453125, 0.99029541015625, -2.866714275094457, -2.8741045425970495, 0.0
1.0104815700324252, 3.6, 3.5999999046325684, 0.00518798828125, -0.0245361328125, 0.1365966796875, 0.99029541015625, -2.866750605940132, -2.8731124576201053, 0.0
1.020154761034064, 3.6, 3.5999999046325684, 0.00518798828125, -0.0245361328125, 0.1365966796875, 0.99029541015625, -2.866750605940132, -2.8731124576201053, 0.0
1.0303863290464506, 3.6, 3.5999999046325684, 0.00518798828125, -0.0245361328125, 0.1365966796875, 0.99029541015625, -2.866750605940132, -2.8731124576201053, 0.0
1.0401548630325124, 3.6, 3.5999999046325684, 0.00518798828125, -0.0245361328125, 0.13653564453125, 0.99029541015625, -2.866714275094457, -2.8731124576201053, 0.0
1.0503860929748043, 3.6, 3.5999999046325684, 0.00518798828125, -0.0245361328125, 0.13653564453125, 0.99029541015625, -2.866714275094457, -2.8731124576201053, 0.0
1.0605713779805228, 3.6, 3.5999999046325684, 0.00518798828125, -0.0245361328125, 0.13653564453125, 0.99029541015625, -2.866714275094457, -2.8731124576201053, 0.0
1.070220023044385, 3.6, 3.5999999046325684, 0.00518798828125, -0.0245361328125, 0.13653564453125, 0.99029541015625, -2.866714275094457, -2.8731124576201053, 0.0
1.080223249970004, 3.6, 3.5999999046325684, 0.00518798828125, -0.0245361328125, 0.13653564453125, 0.99029541015625, -2.866714275094457, -2.8731124576201053, 0.0
1.0905121819814667, 3.6, 3.5999999046325684, 0.00518798828125, -0.0245361328125, 0.13653564453125, 0.99029541015625, -2.866714275094457, -2.8731124576201053, 0.0
1.100316127995029, 3.6, 3.5999999046325684, 0.00518798828125, -0.0245361328125, 0.13653564453125, 0.99029541015625, -2.866714275094457, -2.8731124576201053, 0.0
1.1104778490262106, 3.6, 3.5999999046325684, 0.0052490234375, -0.0245361328125, 0.13653564453125, 0.99029541015625, -2.8676704178526315, -2.8731124576201053, 0.0
1.120118343969807, 3.6, 3.5999999046325684, 0.0052490234375, -0.0245361328125, 0.13653564453125, 0.99029541015625, -2.8676704178526315, -2.8731124576201053, 0.0
1.1301859020022675, 3.6, 3.5999999046325684, 0.0052490234375, -0.0245361328125, 0.13653564453125, 0.99029541015625, -2.8676704178526315, -2.8731124576201053, 0.0
1.1405123830772936, 3.6, 3.5999999046325684, 0.00518798828125, -0.0245361328125, 0.1365966796875, 0.99029541015625, -2.866750605940132, -2.8731124576201053, 0.0
1.1502138710347936, 3.6, 3.5999999046325684, 0.00518798828125, -0.0245361328125, 0.1365966796875, 0.99029541015625, -2.866750605940132, -2.8731124576201053, 0.0
1.1602260019863024, 3.6, 3.5999999046325684, 0.00518798828125, -0.0245361328125, 0.1365966796875, 0.99029541015625, -2.866750605940132, -2.8731124576201053, 0.0
1.1704237890662625, 3.6, 3.5999999046325684, 0.00518798828125, -0.0245361328125, 0.1365966796875, 0.99029541015625, -2.866750605940132, -2.8731124576201053, 0.0
1.180402438971214, 3.6, 3.5999999046325684, 0.00518798828125, -0.0245361328125, 0.13653564453125, 0.99029541015625, -2.866714275094457, -2.8731124576201053, 0.0
1.190143201034516, 3.6, 3.5999999046325684, 0.00518798828125, -0.0245361328125, 0.13653564453125, 0.99029541015625, -2.866714275094457, -2.8731124576201053, 0.0
1.2004271569894627, 3.6, 3.5999999046325684, 0.00518798828125, -0.02459716796875, 0.136474609375, 0.99029541015625, -2.8736128822593225, -2.8731124576201053, 0.0
1.2107146240305156, 3.6, 3.5999999046325684, 0.00518798828125, -0.02459716796875, 0.136474609375, 0.99029541015625, -2.8736128822593225, -2.8731124576201053, 0.0
1.2201954909833148, 3.6, 3.5999999046325684, 0.00518798828125, -0.02459716796875, 0.136474609375, 0.99029541015625, -2.8736128822593225, -2.8730509859175752, 0.0
1.2302407909883186, 3.6, 3.5999999046325684, 0.00518798828125, -0.02459716796875, 0.136474609375, 0.99029541015625, -2.8736128822593225, -2.8730509859175752, 0.0
1.240275742020458, 3.6, 3.5999999046325684, 0.00518798828125, -0.02459716796875, 0.136474609375, 0.99029541015625, -2.8736128822593225, -2.8730509859175752, 0.0
1.2502800059737638, 3.6, 3.5999999046325684, 0.00518798828125, -0.0245361328125, 0.136474609375, 0.99029541015625, -2.866677944249936, -2.8730509859175752, 0.0
1.2602416899753734, 3.6, 3.5999999046325684, 0.00518798828125, -0.0245361328125, 0.136474609375, 0.99029541015625, -2.866677944249936, -2.8730509859175752, 0.0
1.2701806930126622, 3.6, 3.5999999046325684, 0.00518798828125, -0.0245361328125, 0.136474609375, 0.99029541015625, -2.866677944249936, -2.8730509859175752, 0.0
1.2802102810237557, 3.6, 3.5999999046325684, 0.0052490234375, -0.0245361328125, 0.136474609375, 0.99029541015625, -2.8676336595556955, -2.8730509859175752, 0.0
1.2905183580005541, 3.6, 3.5999999046325684, 0.0052490234375, -0.0245361328125, 0.136474609375, 0.99029541015625, -2.8676336595556955, -2.8730509859175752, 0.0
1.3003677210072055, 3.6, 3.5999999046325684, 0.0052490234375, -0.0245361328125, 0.136474609375, 0.99029541015625, -2.8676336595556955, -2.8730509859175752, 0.0
1.3105341859627515, 3.6, 3.5999999046325684, 0.0052490234375, -0.0245361328125, 0.13641357421875, 0.99029541015625, -2.8675969012599403, -2.8730509859175752, 0.0
1.3201316150370985, 3.6, 3.5999999046325684, 0.0052490234375, -0.0245361328125, 0.13641357421875, 0.99029541015625, -2.8675969012599403, -2.8730509859175752, 0.0
1.330176193965599, 3.6, 3.5999999046325684, 0.0052490234375, -0.0245361328125, 0.13641357421875, 0.99029541015625, -2.8675969012599403, -2.8730509859175752, 0.0
1.3403384439880028, 3.6, 3.5999999046325684, 0.0052490234375, -0.0245361328125, 0.13641357421875, 0.99029541015625, -2.8675969012599403, -2.8730509859175752, 0.0
1.3503676570253447, 3.6, 3.5999999046325684, 0.0052490234375, -0.0245361328125, 0.13641357421875, 0.99029541015625, -2.8675969012599403, -2.8730509859175752, 0.0
1.3602174300467595, 3.6, 3.5999999046325684, 0.0052490234375, -0.0245361328125, 0.13641357421875, 0.99029541015625, -2.8675969012599403, -2.8730509859175752, 0.0
1.3706420559901744, 3.6, 3.5999999046325684, 0.0052490234375, -0.0245361328125, 0.1363525390625, 0.99029541015625, -2.8675601429653668, -2.8730509859175752, 0.0
1.3802439640276134, 3.6, 3.5999999046325684, 0.0052490234375, -0.0245361328125, 0.1363525390625, 0.99029541015625, -2.8675601429653668, -2.8730509859175752, 0.0
1.3904432660201564, 3.6, 3.5999999046325684, 0.0052490234375, -0.0245361328125, 0.1363525390625, 0.99029541015625, -2.8675601429653668, -2.8730509859175752, 0.0
1.400170178967528, 3.6, 3.5999999046325684, 0.0052490234375, -0.0245361328125, 0.1363525390625, 0.99029541015625, -2.8675601429653668, -2.8730509859175752, 0.0
1.4101737149758264, 3.6, 3.5999999046325684, 0.0052490234375, -0.0245361328125, 0.1363525390625, 0.99029541015625, -2.8675601429653668, -2.8679044383779706, 0.0
1.4202105510048568, 3.6, 3.5999999046325684, 0.0052490234375, -0.0245361328125, 0.1363525390625, 0.99029541015625, -2.8675601429653668, -2.8679044383779706, 0.0
1.4303359220502898, 3.6, 3.5999999046325684, 0.0052490234375, -0.0245361328125, 0.1363525390625, 0.99029541015625, -2.8675601429653668, -2.8679044383779706, 0.0
1.4402025659801438, 3.6, 3.5999999046325684, 0.0052490234375, -0.0245361328125, 0.1363525390625, 0.99029541015625, -2.8675601429653668, -2.8679044383779706, 0.0
1.4504028470255435, 3.6, 3.5999999046325684, 0.0052490234375, -0.0245361328125, 0.1363525390625, 0.99029541015625, -2.8675601429653668, -2.8679044383779706, 0.0
1.4601981330197304, 3.6, 3.5999999046325684, 0.0052490234375, -0.0245361328125, 0.1363525390625, 0.99029541015625, -2.8675601429653668, -2.8679044383779706, 0.0
1.4702327100094408, 3.6, 3.5999999046325684, 0.0052490234375, -0.0245361328125, 0.1363525390625, 0.99029541015625, -2.8675601429653668, -2.8679044383779706, 0.0
1.4802655290113762, 3.6, 3.5999999046325684, 0.0052490234375, -0.02447509765625, 0.1363525390625, 0.99029541015625, -2.860625241646618, -2.8679044383779706, 0.0
1.4902193039888516, 3.6, 3.5999999046325684, 0.0052490234375, -0.02447509765625, 0.1363525390625, 0.99029541015625, -2.860625241646618, -2.8679044383779706, 0.0
1.5004575629718602, 3.6, 3.5999999046325684, 0.0052490234375, -0.02447509765625, 0.1363525390625, 0.99029541015625, -2.860625241646618, -2.8679044383779706, 0.0
1.5109646130586043, 3.6, 3.5999999046325684, 0.0052490234375, -0.0245361328125, 0.13641357421875, 0.99029541015625, -2.8675969012599403, -2.8679044383779706, 0.0
1.520850335014984, 3.6, 3.5999999046325684, 0.0052490234375, -0.0245361328125, 0.13641357421875, 0.99029541015625, -2.8675969012599403, -2.8679044383779706, 0.0
1.5324369249865413, 3.6, 3.5999999046325684, 0.0052490234375, -0.0245361328125, 0.13641357421875, 0.99029541015625, -2.8675969012599403, -2.8679044383779706, 0.0
1.5406726560322568, 3.6, 3.5999999046325684, 0.0052490234375, -0.0245361328125, 0.136474609375, 0.99029541015625, -2.8676336595556955, -2.8679044383779706, 0.0
1.5501838839845732, 3.6, 3.5999999046325684, 0.0052490234375, -0.0245361328125, 0.136474609375, 0.99029541015625, -2.8676336595556955, -2.8679044383779706, 0.0
1.560236772056669, 3.6, 3.5999999046325684, 0.0052490234375, -0.0245361328125, 0.136474609375, 0.99029541015625, -2.8676336595556955, -2.8679044383779706, 0.0
1.5703403310617432, 3.6, 3.5999999046325684, 0.0052490234375, -0.0245361328125, 0.136474609375, 0.99029541015625, -2.8676336595556955, -2.8679044383779706, 0.0
1.580201553995721, 3.6, 3.5999999046325684, 0.0052490234375, -0.02447509765625, 0.13641357421875, 0.99029541015625, -2.8606619997186047, -2.8679044383779706, 0.0
1.5901127599645406, 3.6, 3.5999999046325684, 0.0052490234375, -0.02447509765625, 0.13641357421875, 0.99029541015625, -2.8606619997186047, -2.8679044383779706, 0.0
1.6001746010733768, 3.6, 3.5999999046325684, 0.0052490234375, -0.02447509765625, 0.13641357421875, 0.99029541015625, -2.8606619997186047, -2.8679044383779706, 0.0
1.6103154540760443, 3.6, 3.5999999046325684, 0.0052490234375, -0.02447509765625, 0.13641357421875, 0.99029541015625, -2.8606619997186047, -2.8677712496891554, 0.0
1.620318075059913, 3.6, 3.5999999046325684, 0.00531005859375, -0.02447509765625, 0.136474609375, 0.99029541015625, -2.8616544681077114, -2.8677712496891554, 0.0
1.6303542730165645, 3.6, 3.5999999046325684, 0.00531005859375, -0.02447509765625, 0.136474609375, 0.99029541015625, -2.8616544681077114, -2.8677712496891554, 0.0
1.640337591059506, 3.6, 3.5999999046325684, 0.00531005859375, -0.02447509765625, 0.136474609375, 0.99029541015625, -2.8616544681077114, -2.8677712496891554, 0.0
1.650195086025633, 3.6, 3.5999999046325684, 0.00531005859375, -0.02447509765625, 0.136474609375, 0.99029541015625, -2.8616544681077114, -2.8677712496891554, 0.0
1.6604827010305598, 3.6, 3.5999999046325684, 0.00531005859375, -0.02447509765625, 0.136474609375, 0.99029541015625, -2.8616544681077114, -2.8677712496891554, 0.0
1.670260702027008, 3.6, 3.5999999046325684, 0.00531005859375, -0.02447509765625, 0.136474609375, 0.99029541015625, -2.8616544681077114, -2.8677712496891554, 0.0
1.6801254639867693, 3.6, 3.5999999046325684, 0.00531005859375, -0.02447509765625, 0.136474609375, 0.99029541015625, -2.8616544681077114, -2.8677712496891554, 0.0
1.6905566890491173, 3.6, 3.5999999046325684, 0.00531005859375, -0.02447509765625, 0.136474609375, 0.99029541015625, -2.8616544681077114, -2.8677712496891554, 0.0
1.7002882730448619, 3.6, 3.5999999046325684, 0.00531005859375, -0.02447509765625, 0.136474609375, 0.99029541015625, -2.8616544681077114, -2.8677712496891554, 0.0
1.7104318810161203, 3.6, 3.5999999046325684, 0.0052490234375, -0.02447509765625, 0.136474609375, 0.99029541015625, -2.860698757791769, -2.8677712496891554, 0.0
1.7201944930711761, 3.6, 3.5999999046325684, 0.0052490234375, -0.02447509765625, 0.136474609375, 0.99029541015625, -2.860698757791769, -2.8677712496891554, 0.0
1.7304094140417874, 3.6, 3.5999999046325684, 0.0052490234375, -0.02447509765625, 0.136474609375, 0.99029541015625, -2.860698757791769, -2.8677712496891554, 0.0
1.7406947270501405, 3.6, 3.5999999046325684, 0.0052490234375, -0.02447509765625, 0.136474609375, 0.99029541015625, -2.860698757791769, -2.8677712496891554, 0.0
1.7505234880372882, 3.6, 3.5999999046325684, 0.0052490234375, -0.02447509765625, 0.136474609375, 0.99029541015625, -2.860698757791769, -2.8677712496891554, 0.0
1.760235141031444, 3.6, 3.5999999046325684, 0.0052490234375, -0.02447509765625, 0.136474609375, 0.99029541015625, -2.860698757791769, -2.8677712496891554, 0.0
1.7707573979860172, 3.6, 3.5999999046325684, 0.0052490234375, -0.02447509765625, 0.13641357421875, 0.99029541015625, -2.860698757791769, -2.8677712496891554, 0.0
1.7802257930161431, 3.6, 3.5999999046325684, 0.0052490234375, -0.02447509765625, 0.13641357421875, 0.99029541015625, -2.8606619997186047, -2.8677712496891554, 0.0
1.7901918550487608, 3.6, 3.5999999046325684, 0.0052490234375, -0.02447509765625, 0.13641357421875, 0.99029541015625, -2.8606619997186047, -2.8677712496891554, 0.0
1.8002278020139784, 3.6, 3.5999999046325684, 0.0052490234375, -0.02447509765625, 0.13641357421875, 0.99029541015625, -2.8606619997186047, -2.8677712496891554, 0.0
1.8102641879813746, 3.6, 3.5999999046325684, 0.0052490234375, -0.02447509765625, 0.13641357421875, 0.99029541015625, -2.8606619997186047, -2.8677712496891554, 0.0
1.8202062649652362, 3.6, 3.5999999046325684, 0.0052490234375, -0.0245361328125, 0.13641357421875, 0.99029541015625, -2.8675969012599403, -2.8691473193635013, 0.0
1.8301697500282899, 3.6, 3.5999999046325684, 0.0052490234375, -0.0245361328125, 0.13641357421875, 0.99029541015625, -2.8675969012599403, -2.8691473193635013, 0.0
1.8408479819772765, 3.6, 3.5999999046325684, 0.0052490234375, -0.0245361328125, 0.13641357421875, 0.99029541015625, -2.8675969012599403, -2.8691473193635013, 0.0
1.8502908849623054, 3.6, 3.5999999046325684, 0.0052490234375, -0.0245361328125, 0.13641357421875, 0.99029541015625, -2.8675969012599403, -2.8691473193635013, 0.0
1.8603787809843197, 3.6, 3.5999999046325684, 0.0052490234375, -0.0245361328125, 0.13641357421875, 0.99029541015625, -2.8675969012599403, -2.8691473193635013, 0.0
1.8704297110671178, 3.6, 3.5999999046325684, 0.0052490234375, -0.0245361328125, 0.13641357421875, 0.99029541015625, -2.8675969012599403, -2.8691473193635013, 0.0
1.8801821219967678, 3.6, 3.5999999046325684, 0.0052490234375, -0.0245361328125, 0.136474609375, 0.99029541015625, -2.8676336595556955, -2.8691473193635013, 0.0
1.8901984880212694, 3.6, 3.5999999046325684, 0.0052490234375, -0.0245361328125, 0.136474609375, 0.99029541015625, -2.8676336595556955, -2.8691473193635013, 0.0
1.9003021609969437, 3.6, 3.5999999046325684, 0.0052490234375, -0.0245361328125, 0.136474609375, 0.99029541015625, -2.8676336595556955, -2.8691473193635013, 0.0
1.910390616976656, 3.6, 3.5999999046325684, 0.0052490234375, -0.0245361328125, 0.136474609375, 0.99029541015625, -2.8676336595556955, -2.8691473193635013, 0.0
1.9202080130344257, 3.6, 3.5999999046325684, 0.0052490234375, -0.0245361328125, 0.136474609375, 0.99029541015625, -2.8676336595556955, -2.8691473193635013, 0.0
1.9301853800425306, 3.6, 3.5999999046325684, 0.0052490234375, -0.0245361328125, 0.136474609375, 0.99029541015625, -2.8676336595556955, -2.8691473193635013, 0.0
1.9403032710542902, 3.6, 3.5999999046325684, 0.0052490234375, -0.0245361328125, 0.136474609375, 0.99029541015625, -2.8676336595556955, -2.8691473193635013, 0.0
1.950254658004269, 3.6, 3.5999999046325684, 0.0052490234375, -0.0245361328125, 0.136474609375, 0.99029541015625, -2.8676336595556955, -2.8691473193635013, 0.0
1.9603882810333744, 3.6, 3.5999999046325684, 0.0052490234375, -0.0245361328125, 0.136474609375, 0.99029541015625, -2.8676336595556955, -2.8691473193635013, 0.0
1.9707171829650179, 3.6, 3.5999999046325684, 0.0052490234375, -0.0245361328125, 0.136474609375, 0.99029541015625, -2.8676336595556955, -2.8691473193635013, 0.0
1.9801662800600752, 3.6, 3.5999999046325684, 0.0052490234375, -0.0245361328125, 0.136474609375, 0.99029541015625, -2.8676336595556955, -2.8691473193635013, 0.0
1.9902156359748915, 3.6, 3.5999999046325684, 0.0052490234375, -0.0245361328125, 0.136474609375, 0.99029541015625, -2.8676336595556955, -2.8691473193635013, 0.0
2.000130156055093, 3.6, 3.5999999046325684, 0.0052490234375, -0.0245361328125, 0.136474609375, 0.99029541015625, -2.8676336595556955, -2.8691473193635013, 0.0
2.010175292030908, -3.6, -3.5999999046325684, 0.0052490234375, -0.0245361328125, 0.136474609375, 0.99029541015625, -2.8676336595556955, -2.866241073871661, 0.0
2.0201949920738116, -3.6, -3.5999999046325684, 0.0052490234375, -0.02447509765625, 0.13641357421875, 0.99029541015625, -2.8606619997186047, -2.866241073871661, 0.0
2.030258708051406, -3.6, -3.5999999046325684, 0.0052490234375, -0.02447509765625, 0.13641357421875, 0.99029541015625, -2.8606619997186047, -2.866241073871661, 0.0
2.04084289399907, -3.6, -3.5999999046325684, 0.0052490234375, -0.02447509765625, 0.1363525390625, 0.99029541015625, -2.860625241646618, -2.866241073871661, 0.0
2.0505899030249566, -3.6, -3.5999999046325684, 0.0052490234375, -0.02447509765625, 0.1363525390625, 0.99029541015625, -2.860625241646618, -2.866241073871661, 0.0
2.0601844780612737, -3.6, -3.5999999046325684, 0.0052490234375, -0.02447509765625, 0.1363525390625, 0.99029541015625, -2.860625241646618, -2.866241073871661, 0.0
2.0703864820534363, -3.6, -3.5999999046325684, 0.0052490234375, -0.02447509765625, 0.13641357421875, 0.99029541015625, -2.8606619997186047, -2.866241073871661, 0.0
2.080204138997942, -3.6, -3.5999999046325684, 0.0052490234375, -0.02447509765625, 0.13641357421875, 0.99029541015625, -2.8606619997186047, -2.866241073871661, 0.0
2.09019779402297, -3.6, -3.5999999046325684, 0.0052490234375, -0.02447509765625, 0.13641357421875, 0.99029541015625, -2.8606619997186047, -2.866241073871661, 0.0
2.1004369519650936, -3.6, -3.5999999046325684, 0.0052490234375, -0.02447509765625, 0.13641357421875, 0.99029541015625, -2.8606619997186047, -2.866241073871661, 0.0
2.1105996740516275, -3.6, -3.5999999046325684, 0.0052490234375, -0.02447509765625, 0.13641357421875, 0.99029541015625, -2.8606619997186047, -2.866241073871661, 0.0
2.120171971968375, -3.6, -3.5999999046325684, 0.0052490234375, -0.02447509765625, 0.13641357421875, 0.99029541015625, -2.8606619997186047, -2.866241073871661, 0.0
2.130172251025215, -3.6, -3.5999999046325684, 0.0052490234375, -0.02447509765625, 0.13641357421875, 0.99029541015625, -2.8606619997186047, -2.866241073871661, 0.0
2.1404313850216568, -3.6, -3.5999999046325684, 0.0052490234375, -0.02447509765625, 0.13641357421875, 0.99029541015625, -2.8606619997186047, -2.866241073871661, 0.0
2.1501746310386807, -3.6, -3.5999999046325684, 0.0052490234375, -0.02447509765625, 0.13641357421875, 0.99029541015625, -2.8606619997186047, -2.866241073871661, 0.0
2.160301986965351, -3.6, -3.5999999046325684, 0.0052490234375, -0.02447509765625, 0.13641357421875, 0.99029541015625, -2.8606619997186047, -2.866241073871661, 0.0
2.1702082720585167, -3.6, -3.5999999046325684, 0.0052490234375, -0.02447509765625, 0.13641357421875, 0.99029541015625, -2.8606619997186047, -2.866241073871661, 0.0
2.180282093002461, -3.6, -3.5999999046325684, 0.00531005859375, -0.02447509765625, 0.1363525390625, 0.99029541015625, -2.861580097061692, -2.866241073871661, 0.0
2.1901328379753977, -3.6, -3.5999999046325684, 0.00531005859375, -0.02447509765625, 0.1363525390625, 0.99029541015625, -2.861580097061692, -2.866241073871661, 0.0
2.200210119015537, -3.6, -3.5999999046325684, 0.00531005859375, -0.02447509765625, 0.1363525390625, 0.99029541015625, -2.861580097061692, -2.866241073871661, 0.0
2.210382885998115, -3.6, -3.5999999046325684, 0.00531005859375, -0.02447509765625, 0.1363525390625, 0.99029541015625, -2.861580097061692, -2.867952890032395, 0.0
2.2202876820228994, -3.6, -3.5999999046325684, 0.00531005859375, -0.02447509765625, 0.1363525390625, 0.99029541015625, -2.861580097061692, -2.867952890032395, 0.0
2.2302371080731973, -3.6, -3.5999999046325684, 0.00531005859375, -0.02447509765625, 0.1363525390625, 0.99029541015625, -2.861580097061692, -2.867952890032395, 0.0
2.240566354012117, -3.6, -3.5999999046325684, 0.00531005859375, -0.02447509765625, 0.1363525390625, 0.99029541015625, -2.861580097061692, -2.867952890032395, 0.0
2.250189637998119, -3.6, -3.5999999046325684, 0.00531005859375, -0.02447509765625, 0.1363525390625, 0.99029541015625, -2.861580097061692, -2.867952890032395, 0.0
2.2602724990574643, -3.6, -3.5999999046325684, 0.00531005859375, -0.02447509765625, 0.1363525390625, 0.99029541015625, -2.861580097061692, -2.867952890032395, 0.0
2.2701871540630236, -3.6, -3.5999999046325684, 0.00531005859375, -0.02447509765625, 0.1363525390625, 0.99029541015625, -2.861580097061692, -2.867952890032395, 0.0
2.2801630729809403, -3.6, -3.5999999046325684, 0.0052490234375, -0.02447509765625, 0.13629150390625, 0.99029541015625, -2.8605884835758104, -2.867952890032395, 0.0
2.2902941580396146, -3.6, -3.5999999046325684, 0.0052490234375, -0.02447509765625, 0.13629150390625, 0.99029541015625, -2.8605884835758104, -2.867952890032395, 0.0
2.3002089679939672, -3.6, -3.5999999046325684, 0.0052490234375, -0.02447509765625, 0.13629150390625, 0.99029541015625, -2.8605884835758104, -2.867952890032395, 0.0
2.3101951379794627, -3.6, -3.5999999046325684, 0.0052490234375, -0.02447509765625, 0.13629150390625, 0.99029541015625, -2.8605884835758104, -2.867952890032395, 0.0
2.3201501209987327, -3.6, -3.5999999046325684, 0.00531005859375, -0.02447509765625, 0.13629150390625, 0.99029541015625, -2.861542911540492, -2.867952890032395, 0.0
2.3301946660503745, -3.6, -3.5999999046325684, 0.00531005859375, -0.02447509765625, 0.13629150390625, 0.99029541015625, -2.861542911540492, -2.867952890032395, 0.0
2.3402161450358108, -3.6, -3.5999999046325684, 0.00531005859375, -0.02447509765625, 0.13629150390625, 0.99029541015625, -2.861542911540492, -2.867952890032395, 0.0
2.35049461806193, -3.6, -3.5999999046325684, 0.00531005859375, -0.02447509765625, 0.13629150390625, 0.99029541015625, -2.861542911540492, -2.867952890032395, 0.0
2.3602068700129166, -3.6, -3.5999999046325684, 0.00531005859375, -0.02447509765625, 0.13629150390625, 0.99029541015625, -2.861542911540492, -2.867952890032395, 0.0
2.3702118640067056, -3.6, -3.5999999046325684, 0.00531005859375, -0.02447509765625, 0.13629150390625, 0.99029541015625, -2.861542911540492, -2.867952890032395, 0.0
2.3802002950105816, -3.6, -3.5999999046325684, 0.00531005859375, -0.02447509765625, 0.13629150390625, 0.99029541015625, -2.861542911540492, -2.867952890032395, 0.0
2.3902932819910347, -3.6, -3.5999999046325684, 0.0052490234375, -0.02447509765625, 0.1363525390625, 0.99029541015625, -2.860625241646618, -2.867952890032395, 0.0
2.4002892170101404, -3.6, -3.5999999046325684, 0.0052490234375, -0.02447509765625, 0.1363525390625, 0.99029541015625, -2.860625241646618, -2.867952890032395, 0.0
2.4102169580291957, -3.6, -3.5999999046325684, 0.0052490234375, -0.02447509765625, 0.1363525390625, 0.99029541015625, -2.860625241646618, -2.8687238476349606, 0.0
2.420367904007435, -3.6, -3.5999999046325684, 0.0052490234375, -0.02447509765625, 0.1363525390625, 0.99029541015625, -2.860625241646618, -2.8687238476349606, 0.0
2.4301986310165375, -3.6, -3.5999999046325684, 0.0052490234375, -0.02447509765625, 0.1363525390625, 0.99029541015625, -2.860625241646618, -2.8687238476349606, 0.0
2.4402827779995278, -3.6, -3.5999999046325684, 0.0052490234375, -0.02447509765625, 0.13629150390625, 0.99029541015625, -2.8605884835758104, -2.8687238476349606, 0.0
2.4503441150300205, -3.6, -3.5999999046325684, 0.0052490234375, -0.02447509765625, 0.13629150390625, 0.99029541015625, -2.8605884835758104, -2.8687238476349606, 0.0
2.4603919660439715, -3.6, -3.5999999046325684, 0.0052490234375, -0.02447509765625, 0.13629150390625, 0.99029541015625, -2.8605884835758104, -2.8687238476349606, 0.0
2.472313581034541, -3.6, -3.5999999046325684, 0.0052490234375, -0.02447509765625, 0.13629150390625, 0.99029541015625, -2.8605884835758104, -2.8687238476349606, 0.0
2.4802638370310888, -3.6, -3.5999999046325684, 0.0052490234375, -0.0245361328125, 0.13629150390625, 0.99029541015625, -2.867523384671974, -2.8687238476349606, 0.0
2.4901714130537584, -3.6, -3.5999999046325684, 0.0052490234375, -0.0245361328125, 0.13629150390625, 0.99029541015625, -2.867523384671974, -2.8687238476349606, 0.0
2.5005465829744935, -3.6, -3.5999999046325684, 0.0052490234375, -0.0245361328125, 0.13629150390625, 0.99029541015625, -2.867523384671974, -2.8687238476349606, 0.0
2.5102237219689414, -3.6, -3.5999999046325684, 0.0052490234375, -0.0245361328125, 0.13629150390625, 0.99029541015625, -2.867523384671974, -2.8687238476349606, 0.0
2.5204910350730643, -3.6, -3.5999999046325684, 0.0052490234375, -0.0245361328125, 0.13629150390625, 0.99029541015625, -2.867523384671974, -2.8687238476349606, 0.0
2.53017969802022, -3.6, -3.5999999046325684, 0.0052490234375, -0.0245361328125, 0.13629150390625, 0.99029541015625, -2.867523384671974, -2.8687238476349606, 0.0
2.540290963021107, -3.6, -3.5999999046325684, 0.0052490234375, -0.0245361328125, 0.13629150390625, 0.99029541015625, -2.867523384671974, -2.8687238476349606, 0.0
2.550275229034014, -3.6, -3.5999999046325684, 0.0052490234375, -0.0245361328125, 0.13629150390625, 0.99029541015625, -2.867523384671974, -2.8687238476349606, 0.0
2.5604293000651523, -3.6, -3.5999999046325684, 0.0052490234375, -0.0245361328125, 0.13629150390625, 0.99029541015625, -2.867523384671974, -2.8687238476349606, 0.0
2.5703195889946073, -3.6, -3.5999999046325684, 0.0052490234375, -0.0245361328125, 0.13629150390625, 0.99029541015625, -2.867523384671974, -2.8687238476349606, 0.0
2.5801746660145, -3.6, -3.5999999046325684, 0.0052490234375, -0.0245361328125, 0.13623046875, 0.99029541015625, -2.8674866263797627, -2.8687238476349606, 0.0
2.590496220975183, -3.6, -3.5999999046325684, 0.0052490234375, -0.0245361328125, 0.13623046875, 0.99029541015625, -2.8674866263797627, -2.8687238476349606, 0.0
2.60027561604511, -3.6, -3.5999999046325684, 0.0052490234375, -0.0245361328125, 0.13623046875, 0.99029541015625, -2.8674866263797627, -2.8687238476349606, 0.0
2.6101957310456783, -3.6, -3.5999999046325684, 0.0052490234375, -0.0245361328125, 0.13623046875, 0.99029541015625, -2.8674866263797627, -2.8687238476349606, 0.0
2.6202957390341908, -3.6, -3.5999999046325684, 0.00518798828125, -0.02459716796875, 0.13623046875, 0.99029541015625, -2.8734675580109337, -2.8741933350562596, 0.0
2.6302227610722184, -3.6, -3.5999999046325684, 0.00518798828125, -0.02459716796875, 0.13623046875, 0.99029541015625, -2.8734675580109337, -2.8741933350562596, 0.0
2.6401766299968585, -3.6, -3.5999999046325684, 0.00518798828125, -0.02459716796875, 0.13623046875, 0.99029541015625, -2.8734675580109337, -2.8741933350562596, 0.0
2.6502024159999564, -3.6, -3.5999999046325684, 0.00518798828125, -0.02459716796875, 0.13623046875, 0.99029541015625, -2.8734675580109337, -2.8741933350562596, 0.0
2.6602322390535846, -3.6, -3.5999999046325684, 0.00518798828125, -0.02459716796875, 0.13623046875, 0.99029541015625, -2.8734675580109337, -2.8741933350562596, 0.0
2.670259744976647, -3.6, -3.5999999046325684, 0.00518798828125, -0.02459716796875, 0.13623046875, 0.99029541015625, -2.8734675580109337, -2.8741933350562596, 0.0
2.680384777020663, -3.6, -3.5999999046325684, 0.00518798828125, -0.0245361328125, 0.13623046875, 0.99029541015625, -2.8665326208833886, -2.8741933350562596, 0.0
2.6902120889863, -3.6, -3.5999999046325684, 0.00518798828125, -0.0245361328125, 0.13623046875, 0.99029541015625, -2.8665326208833886, -2.8741933350562596, 0.0
2.7002028439892456, -3.6, -3.5999999046325684, 0.00518798828125, -0.0245361328125, 0.13623046875, 0.99029541015625, -2.8665326208833886, -2.8741933350562596, 0.0
2.7101626080693677, -3.6, -3.5999999046325684, 0.00518798828125, -0.0245361328125, 0.1363525390625, 0.99029541015625, -2.8666052825643553, -2.8741933350562596, 0.0
2.720585830975324, -3.6, -3.5999999046325684, 0.00518798828125, -0.0245361328125, 0.1363525390625, 0.99029541015625, -2.8666052825643553, -2.8741933350562596, 0.0
2.7301802249858156, -3.6, -3.5999999046325684, 0.00518798828125, -0.0245361328125, 0.1363525390625, 0.99029541015625, -2.8666052825643553, -2.8741933350562596, 0.0
2.740576428011991, -3.6, -3.5999999046325684, 0.00518798828125, -0.0245361328125, 0.1363525390625, 0.99029541015625, -2.8666052825643553, -2.8741933350562596, 0.0
2.7501789400121197, -3.6, -3.5999999046325684, 0.00518798828125, -0.0245361328125, 0.1363525390625, 0.99029541015625, -2.8666052825643553, -2.8741933350562596, 0.0
2.760206668986939, -3.6, -3.5999999046325684, 0.00518798828125, -0.0245361328125, 0.1363525390625, 0.99029541015625, -2.8666052825643553, -2.8741933350562596, 0.0
2.770232049981132, -3.6, -3.5999999046325684, 0.00518798828125, -0.0245361328125, 0.1363525390625, 0.99029541015625, -2.8666052825643553, -2.8741933350562596, 0.0
2.7802782660583034, -3.6, -3.5999999046325684, 0.00518798828125, -0.0245361328125, 0.1363525390625, 0.99029541015625, -2.8666052825643553, -2.8741933350562596, 0.0
2.7902155780466273, -3.6, -3.5999999046325684, 0.00518798828125, -0.0245361328125, 0.1363525390625, 0.99029541015625, -2.8666052825643553, -2.8741933350562596, 0.0
2.800434143980965, -3.6, -3.5999999046325684, 0.00518798828125, -0.0245361328125, 0.1363525390625, 0.99029541015625, -2.8666052825643553, -2.8741933350562596, 0.0
2.8103932660305873, -3.6, -3.5999999046325684, 0.00518798828125, -0.0245361328125, 0.1363525390625, 0.99029541015625, -2.8666052825643553, -2.8754050533037026, 0.0
2.820238908054307, -3.6, -3.5999999046325684, 0.00518798828125, -0.0245361328125, 0.1363525390625, 0.99029541015625, -2.8666052825643553, -2.8754050533037026, 0.0
2.8302112850360572, -3.6, -3.5999999046325684, 0.00518798828125, -0.0245361328125, 0.1363525390625, 0.99029541015625, -2.8666052825643553, -2.8754050533037026, 0.0
2.8402385630179197, -3.6, -3.5999999046325684, 0.00518798828125, -0.0245361328125, 0.1363525390625, 0.99029541015625, -2.8666052825643553, -2.8754050533037026, 0.0
2.850172459031455, -3.6, -3.5999999046325684, 0.00518798828125, -0.02459716796875, 0.13641357421875, 0.99029541015625, -2.8735765511954905, -2.8754050533037026, 0.0
2.860296288970858, -3.6, -3.5999999046325684, 0.00518798828125, -0.02459716796875, 0.13641357421875, 0.99029541015625, -2.8735765511954905, -2.8754050533037026, 0.0
2.870366269024089, -3.6, -3.5999999046325684, 0.00518798828125, -0.02459716796875, 0.13641357421875, 0.99029541015625, -2.8735765511954905, -2.8754050533037026, 0.0
2.8803822429617867, -3.6, -3.5999999046325684, 0.0052490234375, -0.0245361328125, 0.13641357421875, 0.99029541015625, -2.8675969012599403, -2.8754050533037026, 0.0
2.8901930999709293, -3.6, -3.5999999046325684, 0.0052490234375, -0.0245361328125, 0.13641357421875, 0.99029541015625, -2.8675969012599403, -2.8754050533037026, 0.0
2.900356861995533, -3.6, -3.5999999046325684, 0.0052490234375, -0.0245361328125, 0.13641357421875, 0.99029541015625, -2.8675969012599403, -2.8754050533037026, 0.0
2.9105371159967035, -3.6, -3.5999999046325684, 0.00518798828125, -0.02459716796875, 0.13641357421875, 0.99029541015625, -2.8735765511954905, -2.8754050533037026, 0.0
2.920199024025351, -3.6, -3.5999999046325684, 0.00518798828125, -0.02459716796875, 0.13641357421875, 0.99029541015625, -2.8735765511954905, -2.8754050533037026, 0.0
2.930216419044882, -3.6, -3.5999999046325684, 0.00518798828125, -0.02459716796875, 0.13641357421875, 0.99029541015625, -2.8735765511954905, -2.8754050533037026, 0.0
2.9402207310777158, -3.6, -3.5999999046325684, 0.0052490234375, -0.02459716796875, 0.13641357421875, 0.99029541015625, -2.8745318448467168, -2.8754050533037026, 0.0
2.950188701041043, -3.6, -3.5999999046325684, 0.0052490234375, -0.02459716796875, 0.13641357421875, 0.99029541015625, -2.8745318448467168, -2.8754050533037026, 0.0
2.9601700720377266, -3.6, -3.5999999046325684, 0.0052490234375, -0.02459716796875, 0.13641357421875, 0.99029541015625, -2.8745318448467168, -2.8754050533037026, 0.0
2.970163621008396, -3.6, -3.5999999046325684, 0.0052490234375, -0.02459716796875, 0.13641357421875, 0.99029541015625, -2.8745318448467168, -2.8754050533037026, 0.0
2.980182708008215, -3.6, -3.5999999046325684, 0.0052490234375, -0.02459716796875, 0.136474609375, 0.99029541015625, -2.8745686033656046, -2.8754050533037026, 0.0
2.9901508589973673, -3.6, -3.5999999046325684, 0.0052490234375, -0.02459716796875, 0.136474609375, 0.99029541015625, -2.8745686033656046, -2.8754050533037026, 0.0
3.0001511849695817, -3.6, -3.5999999046325684, 0.0052490234375, -0.02459716796875, 0.136474609375, 0.99029541015625, -2.8745686033656046, -2.8754050533037026, 0.0
3.0104746730066836, -3.6, -3.5999999046325684, 0.0052490234375, -0.02459716796875, 0.136474609375, 0.99029541015625, -2.8745686033656046, -2.8783411808731616, 0.0
3.0201616870472208, -3.6, -3.5999999046325684, 0.0052490234375, -0.02459716796875, 0.136474609375, 0.99029541015625, -2.8745686033656046, -2.8783411808731616, 0.0
3.0304280719719827, -3.6, -3.5999999046325684, 0.0052490234375, -0.02459716796875, 0.136474609375, 0.99029541015625, -2.8745686033656046, -2.8783411808731616, 0.0
3.040380096063018, -3.6, -3.5999999046325684, 0.0052490234375, -0.02459716796875, 0.136474609375, 0.99029541015625, -2.8745686033656046, -2.8783411808731616, 0.0
3.050486081978306, -3.6, -3.5999999046325684, 0.0052490234375, -0.02459716796875, 0.136474609375, 0.99029541015625, -2.8745686033656046, -2.8783411808731616, 0.0
3.0602047650609165, -3.6, -3.5999999046325684, 0.0052490234375, -0.02459716796875, 0.136474609375, 0.99029541015625, -2.8745686033656046, -2.8783411808731616, 0.0
3.070223500020802, -3.6, -3.5999999046325684, 0.0052490234375, -0.02459716796875, 0.136474609375, 0.99029541015625, -2.8745686033656046, -2.8783411808731616, 0.0
3.0804045950062573, -3.6, -3.5999999046325684, 0.0052490234375, -0.02459716796875, 0.136474609375, 0.99029541015625, -2.8745686033656046, -2.8783411808731616, 0.0
3.0904297890374437, -3.6, -3.5999999046325684, 0.0052490234375, -0.02459716796875, 0.136474609375, 0.99029541015625, -2.8745686033656046, -2.8783411808731616, 0.0
3.10051785397809, -3.6, -3.5999999046325684, 0.0052490234375, -0.02459716796875, 0.136474609375, 0.99029541015625, -2.8745686033656046, -2.8783411808731616, 0.0
3.11042753001675, -3.6, -3.5999999046325684, 0.00518798828125, -0.0245361328125, 0.13641357421875, 0.99029541015625, -2.866641613406569, -2.8783411808731616, 0.0
3.1201598370680586, -3.6, -3.5999999046325684, 0.00518798828125, -0.0245361328125, 0.13641357421875, 0.99029541015625, -2.866641613406569, -2.8783411808731616, 0.0
3.1302863910095766, -3.6, -3.5999999046325684, 0.00518798828125, -0.0245361328125, 0.13641357421875, 0.99029541015625, -2.866641613406569, -2.8783411808731616, 0.0
3.1401865939842537, -3.6, -3.5999999046325684, 0.0052490234375, -0.0245361328125, 0.136474609375, 0.99029541015625, -2.8676336595556955, -2.8783411808731616, 0.0
3.15017555502709, -3.6, -3.5999999046325684, 0.0052490234375, -0.0245361328125, 0.136474609375, 0.99029541015625, -2.8676336595556955, -2.8783411808731616, 0.0
3.160395649028942, -3.6, -3.5999999046325684, 0.0052490234375, -0.0245361328125, 0.136474609375, 0.99029541015625, -2.8676336595556955, -2.8783411808731616, 0.0
3.1703278470085934, -3.6, -3.5999999046325684, 0.0052490234375, -0.0245361328125, 0.136474609375, 0.99029541015625, -2.8676336595556955, -2.8783411808731616, 0.0
3.1804938389686868, -3.6, -3.5999999046325684, 0.00518798828125, -0.0245361328125, 0.136474609375, 0.99029541015625, -2.866677944249936, -2.8783411808731616, 0.0
3.1902148160152137, -3.6, -3.5999999046325684, 0.00518798828125, -0.0245361328125, 0.136474609375, 0.99029541015625, -2.866677944249936, -2.8783411808731616, 0.0
3.2003303279634565, -3.6, -3.5999999046325684, 0.00518798828125, -0.0245361328125, 0.136474609375, 0.99029541015625, -2.866677944249936, -2.8783411808731616, 0.0
3.2101582520408556, -3.6, -3.5999999046325684, 0.00518798828125, -0.0245361328125, 0.136474609375, 0.99029541015625, -2.866677944249936, -2.872804885664043, 0.0
3.220293071004562, -3.6, -3.5999999046325684, 0.00518798828125, -0.0245361328125, 0.136474609375, 0.99029541015625, -2.866677944249936, -2.872804885664043, 0.0
3.2304592670407146, -3.6, -3.5999999046325684, 0.00518798828125, -0.0245361328125, 0.13641357421875, 0.99029541015625, -2.866641613406569, -2.872804885664043, 0.0
3.24025493406225, -3.6, -3.5999999046325684, 0.00518798828125, -0.0245361328125, 0.13641357421875, 0.99029541015625, -2.866641613406569, -2.872804885664043, 0.0
3.250314558041282, -3.6, -3.5999999046325684, 0.00518798828125, -0.0245361328125, 0.13641357421875, 0.99029541015625, -2.866641613406569, -2.872804885664043, 0.0
3.2602117670467123, -3.6, -3.5999999046325684, 0.00518798828125, -0.0245361328125, 0.13641357421875, 0.99029541015625, -2.866641613406569, -2.872804885664043, 0.0
3.2704047090373933, -3.6, -3.5999999046325684, 0.00518798828125, -0.0245361328125, 0.13641357421875, 0.99029541015625, -2.866641613406569, -2.872804885664043, 0.0
3.2802082750713453, -3.6, -3.5999999046325684, 0.0052490234375, -0.0245361328125, 0.136474609375, 0.99029541015625, -2.8676336595556955, -2.872804885664043, 0.0
3.2901579049648717, -3.6, -3.5999999046325684, 0.0052490234375, -0.0245361328125, 0.136474609375, 0.99029541015625, -2.8676336595556955, -2.872804885664043, 0.0
3.300248170038685, -3.6, -3.5999999046325684, 0.0052490234375, -0.0245361328125, 0.136474609375, 0.99029541015625, -2.8676336595556955, -2.872804885664043, 0.0
3.310266148066148, -3.6, -3.5999999046325684, 0.00518798828125, -0.0245361328125, 0.13641357421875, 0.99029541015625, -2.866641613406569, -2.872804885664043, 0.0
3.3201757370261475, -3.6, -3.5999999046325684, 0.00518798828125, -0.0245361328125, 0.13641357421875, 0.99029541015625, -2.866641613406569, -2.872804885664043, 0.0
3.330191357061267, -3.6, -3.5999999046325684, 0.00518798828125, -0.0245361328125, 0.13641357421875, 0.99029541015625, -2.866641613406569, -2.872804885664043, 0.0
3.340204837033525, -3.6, -3.5999999046325684, 0.00518798828125, -0.0245361328125, 0.13641357421875, 0.99029541015625, -2.866641613406569, -2.872804885664043, 0.0
3.350259252008982, -3.6, -3.5999999046325684, 0.00518798828125, -0.0245361328125, 0.13641357421875, 0.99029541015625, -2.866641613406569, -2.872804885664043, 0.0
3.36048600403592, -3.6, -3.5999999046325684, 0.00518798828125, -0.0245361328125, 0.13641357421875, 0.99029541015625, -2.866641613406569, -2.872804885664043, 0.0
3.3701685779960826, -3.6, -3.5999999046325684, 0.00518798828125, -0.0245361328125, 0.13641357421875, 0.99029541015625, -2.866641613406569, -2.872804885664043, 0.0
3.3802647599950433, -3.6, -3.5999999046325684, 0.00518798828125, -0.0245361328125, 0.1363525390625, 0.99029541015625, -2.8666052825643553, -2.872804885664043, 0.0
3.390171020058915, -3.6, -3.5999999046325684, 0.00518798828125, -0.0245361328125, 0.1363525390625, 0.99029541015625, -2.8666052825643553, -2.872804885664043, 0.0
3.4002273170044646, -3.6, -3.5999999046325684, 0.00518798828125, -0.0245361328125, 0.1363525390625, 0.99029541015625, -2.8666052825643553, -2.872804885664043, 0.0
3.4104912820039317, -3.6, -3.5999999046325684, 0.00518798828125, -0.0245361328125, 0.1363525390625, 0.99029541015625, -2.8666052825643553, -2.872804885664043, 0.0
3.4201083870138973, -3.6, -3.5999999046325684, 0.00518798828125, -0.0245361328125, 0.1363525390625, 0.99029541015625, -2.8666052825643553, -2.872920998879933, 0.0
3.430158967967145, -3.6, -3.5999999046325684, 0.00518798828125, -0.0245361328125, 0.1363525390625, 0.99029541015625, -2.8666052825643553, -2.872920998879933, 0.0
3.4402811670443043, -3.6, -3.5999999046325684, 0.00518798828125, -0.0245361328125, 0.13629150390625, 0.99029541015625, -2.8665689517232953, -2.872920998879933, 0.0
3.450161311076954, -3.6, -3.5999999046325684, 0.00518798828125, -0.0245361328125, 0.13629150390625, 0.99029541015625, -2.8665689517232953, -2.872920998879933, 0.0
3.460461569018662, -3.6, -3.5999999046325684, 0.00518798828125, -0.0245361328125, 0.13629150390625, 0.99029541015625, -2.8665689517232953, -2.872920998879933, 0.0
3.470440951990895, -3.6, -3.5999999046325684, 0.00518798828125, -0.0245361328125, 0.13629150390625, 0.99029541015625, -2.8665689517232953, -2.872920998879933, 0.0
3.4801371860085055, -3.6, -3.5999999046325684, 0.00518798828125, -0.0245361328125, 0.13629150390625, 0.99029541015625, -2.8665689517232953, -2.872920998879933, 0.0
3.4905166029930115, -3.6, -3.5999999046325684, 0.0052490234375, -0.0245361328125, 0.13629150390625, 0.99029541015625, -2.867523384671974, -2.872920998879933, 0.0
3.5006283610127866, -3.6, -3.5999999046325684, 0.0052490234375, -0.0245361328125, 0.1363525390625, 0.99029541015625, -2.8675601429653668, -2.872920998879933, 0.0
3.5102245280286297, -3.6, -3.5999999046325684, 0.0052490234375, -0.0245361328125, 0.1363525390625, 0.99029541015625, -2.8675601429653668, -2.872920998879933, 0.0
3.520310004008934, -3.6, -3.5999999046325684, 0.0052490234375, -0.0245361328125, 0.1363525390625, 0.99029541015625, -2.8675601429653668, -2.872920998879933, 0.0
3.53041718096938, -3.6, -3.5999999046325684, 0.0052490234375, -0.0245361328125, 0.1363525390625, 0.99029541015625, -2.8675601429653668, -2.872920998879933, 0.0
3.5402744009625167, -3.6, -3.5999999046325684, 0.0052490234375, -0.0245361328125, 0.1363525390625, 0.99029541015625, -2.8675601429653668, -2.872920998879933, 0.0
3.550226674065925, -3.6, -3.5999999046325684, 0.0052490234375, -0.0245361328125, 0.13629150390625, 0.99029541015625, -2.867523384671974, -2.872920998879933, 0.0
3.560182965011336, -3.6, -3.5999999046325684, 0.0052490234375, -0.0245361328125, 0.13629150390625, 0.99029541015625, -2.867523384671974, -2.872920998879933, 0.0
3.570401104982011, -3.6, -3.5999999046325684, 0.0052490234375, -0.0245361328125, 0.13629150390625, 0.99029541015625, -2.867523384671974, -2.872920998879933, 0.0
3.580332070006989, -3.6, -3.5999999046325684, 0.0052490234375, -0.0245361328125, 0.13629150390625, 0.99029541015625, -2.867523384671974, -2.872920998879933, 0.0
3.5905420830240473, -3.6, -3.5999999046325684, 0.00518798828125, -0.0245361328125, 0.13629150390625, 0.99029541015625, -2.8665689517232953, -2.872920998879933, 0.0
3.600336689967662, -3.6, -3.5999999046325684, 0.00518798828125, -0.0245361328125, 0.13629150390625, 0.99029541015625, -2.8665689517232953, -2.872920998879933, 0.0
3.610184676013887, -3.6, -3.5999999046325684, 0.00518798828125, -0.0245361328125, 0.13629150390625, 0.99029541015625, -2.8665689517232953, -2.872920998879933, 0.0
3.6202066920232028, -3.6, -3.5999999046325684, 0.00518798828125, -0.0245361328125, 0.13623046875, 0.99029541015625, -2.8665326208833886, -2.867869220215063, 0.0
3.630335266003385, -3.6, -3.5999999046325684, 0.00518798828125, -0.0245361328125, 0.13623046875, 0.99029541015625, -2.8665326208833886, -2.867869220215063, 0.0
3.640457427012734, -3.6, -3.5999999046325684, 0.00518798828125, -0.0245361328125, 0.13623046875, 0.99029541015625, -2.8665326208833886, -2.867869220215063, 0.0
3.650198581046425, -3.6, -3.5999999046325684, 0.00518798828125, -0.0245361328125, 0.13623046875, 0.99029541015625, -2.8665326208833886, -2.867869220215063, 0.0
3.660274342051707, -3.6, -3.5999999046325684, 0.00518798828125, -0.0245361328125, 0.13623046875, 0.99029541015625, -2.8665326208833886, -2.867869220215063, 0.0
3.6702127769822255, -3.6, -3.5999999046325684, 0.00518798828125, -0.0245361328125, 0.13623046875, 0.99029541015625, -2.8665326208833886, -2.867869220215063, 0.0
3.68018538702745, -3.6, -3.5999999046325684, 0.00518798828125, -0.0245361328125, 0.13623046875, 0.9903564453125, -2.866704444395238, -2.867869220215063, 0.0
3.6901694809785113, -3.6, -3.5999999046325684, 0.00518798828125, -0.0245361328125, 0.13623046875, 0.9903564453125, -2.866704444395238, -2.867869220215063, 0.0
3.700175859965384, -3.6, -3.5999999046325684, 0.00518798828125, -0.0245361328125, 0.13623046875, 0.9903564453125, -2.866704444395238, -2.867869220215063, 0.0
3.710218298016116, -3.6, -3.5999999046325684, 0.00518798828125, -0.0245361328125, 0.13616943359375, 0.9903564453125, -2.866668113551029, -2.867869220215063, 0.0
3.7201844099909067, -3.6, -3.5999999046325684, 0.00518798828125, -0.0245361328125, 0.13616943359375, 0.9903564453125, -2.866668113551029, -2.867869220215063, 0.0
3.730297469999641, -3.6, -3.5999999046325684, 0.00518798828125, -0.0245361328125, 0.13616943359375, 0.9903564453125, -2.866668113551029, -2.867869220215063, 0.0
3.740280569065362, -3.6, -3.5999999046325684, 0.00518798828125, -0.0245361328125, 0.13616943359375, 0.9903564453125, -2.866668113551029, -2.867869220215063, 0.0
3.750223134062253, -3.6, -3.5999999046325684, 0.00518798828125, -0.02447509765625, 0.13623046875, 0.9903564453125, -2.859769120838192, -2.867869220215063, 0.0
3.760434472002089, -3.6, -3.5999999046325684, 0.00518798828125, -0.02447509765625, 0.13623046875, 0.9903564453125, -2.859769120838192, -2.867869220215063, 0.0
3.7701809210702777, -3.6, -3.5999999046325684, 0.00518798828125, -0.02447509765625, 0.13623046875, 0.9903564453125, -2.859769120838192, -2.867869220215063, 0.0
3.7802626930642873, -3.6, -3.5999999046325684, 0.00518798828125, -0.02447509765625, 0.1361083984375, 0.9903564453125, -2.859696459590813, -2.867869220215063, 0.0
3.7901638540206477, -3.6, -3.5999999046325684, 0.00518798828125, -0.02447509765625, 0.1361083984375, 0.9903564453125, -2.859696459590813, -2.867869220215063, 0.0
3.8002990629756823, -3.6, -3.5999999046325684, 0.00518798828125, -0.02447509765625, 0.1361083984375, 0.9903564453125, -2.859696459590813, -2.867869220215063, 0.0
3.8101542820222676, -3.6, -3.5999999046325684, 0.00518798828125, -0.0245361328125, 0.13616943359375, 0.9903564453125, -2.866668113551029, -2.8712537923922157, 0.0
3.8201543539762497, -3.6, -3.5999999046325684, 0.00518798828125, -0.0245361328125, 0.13616943359375, 0.9903564453125, -2.866668113551029, -2.8712537923922157, 0.0
3.830449750996195, -3.6, -3.5999999046325684, 0.00518798828125, -0.0245361328125, 0.13616943359375, 0.9903564453125, -2.866668113551029, -2.8712537923922157, 0.0
3.8401726309675723, -3.6, -3.5999999046325684, 0.00518798828125, -0.0245361328125, 0.13616943359375, 0.9903564453125, -2.866668113551029, -2.8712537923922157, 0.0
3.8503935530316085, -3.6, -3.5999999046325684, 0.00518798828125, -0.0245361328125, 0.13616943359375, 0.9903564453125, -2.866668113551029, -2.8712537923922157, 0.0
3.86020862206351, -3.6, -3.5999999046325684, 0.00518798828125, -0.0245361328125, 0.13616943359375, 0.9903564453125, -2.866668113551029, -2.8712537923922157, 0.0
3.870194663060829, -3.6, -3.5999999046325684, 0.00518798828125, -0.0245361328125, 0.13616943359375, 0.9903564453125, -2.866668113551029, -2.8712537923922157, 0.0
3.8804175950353965, -3.6, -3.5999999046325684, 0.0052490234375, -0.0245361328125, 0.13616943359375, 0.9903564453125, -2.867621691738343, -2.8712537923922157, 0.0
3.8902415999909863, -3.6, -3.5999999046325684, 0.0052490234375, -0.0245361328125, 0.13616943359375, 0.9903564453125, -2.867621691738343, -2.8712537923922157, 0.0
3.9003456310601905, -3.6, -3.5999999046325684, 0.0052490234375, -0.0245361328125, 0.13616943359375, 0.9903564453125, -2.867621691738343, -2.8712537923922157, 0.0
3.9103742900770158, -3.6, -3.5999999046325684, 0.0052490234375, -0.0245361328125, 0.13616943359375, 0.9903564453125, -2.867621691738343, -2.8712537923922157, 0.0
3.9202211600495502, -3.6, -3.5999999046325684, 0.0052490234375, -0.0245361328125, 0.13616943359375, 0.9903564453125, -2.867621691738343, -2.8712537923922157, 0.0
3.930187446065247, -3.6, -3.5999999046325684, 0.0052490234375, -0.0245361328125, 0.13616943359375, 0.9903564453125, -2.867621691738343, -2.8712537923922157, 0.0
3.940238879993558, -3.6, -3.5999999046325684, 0.0052490234375, -0.0245361328125, 0.13616943359375, 0.9903564453125, -2.867621691738343, -2.8712537923922157, 0.0
3.9502040090737864, -3.6, -3.5999999046325684, 0.00518798828125, -0.0245361328125, 0.13623046875, 0.99029541015625, -2.8665326208833886, -2.8712537923922157, 0.0
3.9602461580652744, -3.6, -3.5999999046325684, 0.00518798828125, -0.0245361328125, 0.13623046875, 0.99029541015625, -2.8665326208833886, -2.8712537923922157, 0.0
3.970166890998371, -3.6, -3.5999999046325684, 0.00518798828125, -0.0245361328125, 0.13623046875, 0.99029541015625, -2.8665326208833886, -2.8712537923922157, 0.0
3.980238563963212, -3.6, -3.5999999046325684, 0.00518798828125, -0.0245361328125, 0.13623046875, 0.99029541015625, -2.8665326208833886, -2.8712537923922157, 0.0
3.9902191690634936, -3.6, -3.5999999046325684, 0.00518798828125, -0.0245361328125, 0.13623046875, 0.99029541015625, -2.8665326208833886, -2.8712537923922157, 0.0
4.000402176985517, -3.6, -3.5999999046325684, 0.00518798828125, -0.0245361328125, 0.13623046875, 0.99029541015625, -2.8665326208833886, -2.8712537923922157, 0.0
4.01017971301917, 0.0, 0.0, 0.00518798828125, -0.0245361328125, 0.13623046875, 0.99029541015625, -2.8665326208833886, -2.8712537923922157, 0.0
4.020388687029481, 0.0, 0.0, 0.00518798828125, -0.0245361328125, 0.13616943359375, 0.9903564453125, -2.866668113551029, -2.8712537923922157, 0.0
4.030706719029695, 0.0, 0.0, 0.00518798828125, -0.0245361328125, 0.13616943359375, 0.9903564453125, -2.866668113551029, -2.8719984964551584, 0.0
4.040372348972596, 0.0, 0.0, 0.00518798828125, -0.0245361328125, 0.13616943359375, 0.9903564453125, -2.866668113551029, -2.8719984964551584, 0.0
4.050220653996803, 0.0, 0.0, 0.00518798828125, -0.0245361328125, 0.13616943359375, 0.9903564453125, -2.866668113551029, -2.8719984964551584, 0.0
4.060179513064213, 0.0, 0.0, 0.00518798828125, -0.0245361328125, 0.13616943359375, 0.9903564453125, -2.866668113551029, -2.8719984964551584, 0.0
4.070191347971559, 0.0, 0.0, 0.00518798828125, -0.0245361328125, 0.13616943359375, 0.9903564453125, -2.866668113551029, -2.8719984964551584, 0.0
4.080234894063324, 0.0, 0.0, 0.00518798828125, -0.0245361328125, 0.13623046875, 0.9903564453125, -2.866704444395238, -2.8719984964551584, 0.0
4.09018322697375, 0.0, 0.0, 0.00518798828125, -0.0245361328125, 0.13623046875, 0.9903564453125, -2.866704444395238, -2.8719984964551584, 0.0
4.10022998705972, 0.0, 0.0, 0.00518798828125, -0.0245361328125, 0.13623046875, 0.9903564453125, -2.866704444395238, -2.8719984964551584, 0.0
4.110413582064211, 0.0, 0.0, 0.00518798828125, -0.0245361328125, 0.13623046875, 0.9903564453125, -2.866704444395238, -2.8719984964551584, 0.0
4.120295590022579, 0.0, 0.0, 0.00518798828125, -0.0245361328125, 0.13623046875, 0.9903564453125, -2.866704444395238, -2.8719984964551584, 0.0
4.130495766992681, 0.0, 0.0, 0.00518798828125, -0.0245361328125, 0.13623046875, 0.9903564453125, -2.866704444395238, -2.8719984964551584, 0.0
4.140348130022176, 0.0, 0.0, 0.005126953125, -0.02459716796875, 0.13616943359375, 0.9903564453125, -2.872649895746484, -2.8719984964551584, 0.0
4.150350200012326, 0.0, 0.0, 0.005126953125, -0.02459716796875, 0.13616943359375, 0.9903564453125, -2.872649895746484, -2.8719984964551584, 0.0
4.1603437890298665, 0.0, 0.0, 0.005126953125, -0.02459716796875, 0.13616943359375, 0.9903564453125, -2.872649895746484, -2.8719984964551584, 0.0
4.170166395022534, 0.0, 0.0, 0.005126953125, -0.02459716796875, 0.13616943359375, 0.9903564453125, -2.872649895746484, -2.8719984964551584, 0.0
4.180182810057886, 0.0, 0.0, 0.005126953125, -0.0245361328125, 0.1361083984375, 0.9903564453125, -2.8656786327669597, -2.8719984964551584, 0.0
4.190251754014753, 0.0, 0.0, 0.005126953125, -0.0245361328125, 0.1361083984375, 0.9903564453125, -2.8656786327669597, -2.8719984964551584, 0.0
4.200349282007664, 0.0, 0.0, 0.005126953125, -0.0245361328125, 0.1361083984375, 0.9903564453125, -2.8656786327669597, -2.8719984964551584, 0.0
4.210409288061783, 0.0, 0.0, 0.005126953125, -0.0245361328125, 0.1361083984375, 0.9903564453125, -2.8656786327669597, -2.8717587995039735, 0.0
4.22044335200917, 0.0, 0.0, 0.005126953125, -0.0245361328125, 0.1361083984375, 0.9903564453125, -2.8656786327669597, -2.8717587995039735, 0.0
4.230227434076369, 0.0, 0.0, 0.005126953125, -0.0245361328125, 0.1361083984375, 0.9903564453125, -2.8656786327669597, -2.8717587995039735, 0.0
4.240217374986969, 0.0, 0.0, 0.005126953125, -0.0245361328125, 0.1361083984375, 0.9903564453125, -2.8656786327669597, -2.8717587995039735, 0.0
4.250192829058506, 0.0, 0.0, 0.00518798828125, -0.0245361328125, 0.1361083984375, 0.9903564453125, -2.8666317827079735, -2.8717587995039735, 0.0
4.260186352068558, 0.0, 0.0, 0.00518798828125, -0.0245361328125, 0.1361083984375, 0.9903564453125, -2.8666317827079735, -2.8717587995039735, 0.0
4.2704383169766515, 0.0, 0.0, 0.00518798828125, -0.0245361328125, 0.1361083984375, 0.9903564453125, -2.8666317827079735, -2.8717587995039735, 0.0
4.280221363063902, 0.0, 0.0, 0.00518798828125, -0.0245361328125, 0.13616943359375, 0.9903564453125, -2.866668113551029, -2.8717587995039735, 0.0
4.290191492065787, 0.0, 0.0, 0.00518798828125, -0.0245361328125, 0.13616943359375, 0.9903564453125, -2.866668113551029, -2.8717587995039735, 0.0
4.300201341044158, 0.0, 0.0, 0.00518798828125, -0.0245361328125, 0.13616943359375, 0.9903564453125, -2.866668113551029, -2.8717587995039735, 0.0
4.310362796066329, 0.0, 0.0, 0.00518798828125, -0.0245361328125, 0.13616943359375, 0.9903564453125, -2.866668113551029, -2.8717587995039735, 0.0
4.3202648690203205, 0.0, 0.0, 0.00518798828125, -0.0245361328125, 0.13616943359375, 0.9903564453125, -2.866668113551029, -2.8717587995039735, 0.0
4.3301778610330075, 0.0, 0.0, 0.00518798828125, -0.0245361328125, 0.13616943359375, 0.9903564453125, -2.866668113551029, -2.8717587995039735, 0.0
4.340266822022386, 0.0, 0.0, 0.005126953125, -0.0245361328125, 0.1361083984375, 0.9903564453125, -2.8656786327669597, -2.8717587995039735, 0.0
4.350217767991126, 0.0, 0.0, 0.005126953125, -0.0245361328125, 0.1361083984375, 0.9903564453125, -2.8656786327669597, -2.8717587995039735, 0.0
4.360657097073272, 0.0, 0.0, 0.005126953125, -0.0245361328125, 0.1361083984375, 0.9903564453125, -2.8656786327669597, -2.8717587995039735, 0.0
4.370291083003394, 0.0, 0.0, 0.005126953125, -0.0245361328125, 0.1361083984375, 0.9903564453125, -2.8656786327669597, -2.8717587995039735, 0.0
4.380148443975486, 0.0, 0.0, 0.00518798828125, -0.0245361328125, 0.1361083984375, 0.9903564453125, -2.8666317827079735, -2.8717587995039735, 0.0
