time, reference_vz, command_gaz, speed_z, altitude, altitude_above_to
0.0, 0.0, 0.0, 0.0, 0.0, 0.0
0.010280758026055992, 0.36000001430511475, 0.0, 0.015117906033992767, 0.46489715576171875, 0.4709082245826721
0.02017289598006755, 0.36000001430511475, 0.36000001430511475, 0.015117906033992767, 0.46489715576171875, 0.4709082245826721
0.030459164001513273, 0.36000001430511475, 0.36000001430511475, 0.015117906033992767, 0.46489715576171875, 0.4709082245826721
0.04019468300975859, 0.36000001430511475, 0.36000001430511475, 0.015117906033992767, 0.46489715576171875, 0.4709082245826721
0.05030623299535364, 0.36000001430511475, 0.36000001430511475, 0.015117906033992767, 0.46489715576171875, 0.474039226770401
0.06042032298864797, 0.36000001430511475, 0.36000001430511475, 0.013659059070050716, 0.46458590030670166, 0.474039226770401
0.07028081797761843, 0.36000001430511475, 0.36000001430511475, 0.013659059070050716, 0.46458590030670166, 0.474039226770401
0.08078398398356512, 0.36000001430511475, 0.36000001430511475, 0.013659059070050716, 0.46458590030670166, 0.474039226770401
0.09013948898063973, 0.36000001430511475, 0.36000001430511475, 0.01343726459890604, 0.4679373502731323, 0.474039226770401
0.10018715698970482, 0.36000001430511475, 0.36000001430511475, 0.01343726459890604, 0.4679373502731323, 0.474039226770401
0.11057943297782913, 0.36000001430511475, 0.36000001430511475, 0.01343726459890604, 0.4679373502731323, 0.474039226770401
0.12019377801334485, 0.36000001430511475, 0.36000001430511475, 0.013453980907797813, 0.46978509426116943, 0.474039226770401
0.13022262399317697, 0.36000001430511475, 0.36000001430511475, 0.013453980907797813, 0.46978509426116943, 0.474039226770401
0.14046792598674074, 0.36000001430511475, 0.36000001430511475, 0.013453980907797813, 0.46978509426116943, 0.474039226770401
0.1501818239921704, 0.36000001430511475, 0.36000001430511475, 0.013453980907797813, 0.46978509426116943, 0.474039226770401
0.16018442099448293, 0.36000001430511475, 0.36000001430511475, 0.010696634650230408, 0.47105422616004944, 0.474039226770401
0.17019991198321804, 0.36000001430511475, 0.36000001430511475, 0.010696634650230408, 0.47105422616004944, 0.474039226770401
0.18011294299503788, 0.36000001430511475, 0.36000001430511475, 0.010696634650230408, 0.47105422616004944, 0.474039226770401
0.19027929502772167, 0.36000001430511475, 0.36000001430511475, 0.010696634650230408, 0.47105422616004944, 0.474039226770401
0.2004874250269495, 0.36000001430511475, 0.36000001430511475, 0.010696634650230408, 0.47105422616004944, 0.474039226770401
0.21020490699447691, 0.36000001430511475, 0.36000001430511475, 0.005820875987410545, 0.47241008281707764, 0.474039226770401
0.22015460499096662, 0.36000001430511475, 0.36000001430511475, 0.0007549039437435567, 0.4725453555583954, 0.474039226770401
0.23020619299495593, 0.36000001430511475, 0.36000001430511475, 0.0007549039437435567, 0.4725453555583954, 0.474039226770401
0.24033309001242742, 0.36000001430511475, 0.36000001430511475, 0.0007549039437435567, 0.4725453555583954, 0.4864792227745056
0.25021437398390844, 0.36000001430511475, 0.36000001430511475, -0.0019013613928109407, 0.472294420003891, 0.4864792227745056
0.26020491000963375, 0.36000001430511475, 0.36000001430511475, -0.0019013613928109407, 0.472294420003891, 0.4864792227745056
0.27021877001971006, 0.36000001430511475, 0.36000001430511475, -0.0019013613928109407, 0.472294420003891, 0.4864792227745056
0.2802297829766758, 0.36000001430511475, 0.36000001430511475, -0.004566053859889507, 0.4697693884372711, 0.4864792227745056
0.2903163880109787, 0.36000001430511475, 0.36000001430511475, -0.004566053859889507, 0.4697693884372711, 0.4864792227745056
0.3002313189790584, 0.36000001430511475, 0.36000001430511475, -0.004566053859889507, 0.4697693884372711, 0.4864792227745056
0.31019412801833823, 0.36000001430511475, 0.36000001430511475, 0.029929939657449722, 0.46912822127342224, 0.4864792227745056
0.3201939850114286, 0.36000001430511475, 0.36000001430511475, 0.029929939657449722, 0.46912822127342224, 0.4864792227745056
0.33047291199909523, 0.36000001430511475, 0.36000001430511475, 0.029929939657449722, 0.46912822127342224, 0.4864792227745056
0.34013657399918884, 0.36000001430511475, 0.36000001430511475, 0.029929939657449722, 0.46912822127342224, 0.4864792227745056
0.35022864100756124, 0.36000001430511475, 0.36000001430511475, 0.10608842968940735, 0.47225451469421387, 0.4864792227745056
0.3601911920122802, 0.36000001430511475, 0.36000001430511475, 0.10608842968940735, 0.47225451469421387, 0.4864792227745056
0.37015080300625414, 0.36000001430511475, 0.36000001430511475, 0.10608842968940735, 0.47225451469421387, 0.4864792227745056
0.3801594119868241, 0.36000001430511475, 0.36000001430511475, 0.18927213549613953, 0.4769524037837982, 0.4864792227745056
0.3902875949861482, 0.36000001430511475, 0.36000001430511475, 0.18927213549613953, 0.4769524037837982, 0.4864792227745056
0.40012485999614, 0.36000001430511475, 0.36000001430511475, 0.18927213549613953, 0.4769524037837982, 0.4864792227745056
0.4102664159727283, 0.36000001430511475, 0.36000001430511475, 0.24592003226280212, 0.485558420419693, 0.4864792227745056
0.4202480919775553, 0.36000001430511475, 0.36000001430511475, 0.24592003226280212, 0.485558420419693, 0.4864792227745056
0.43036946398206055, 0.36000001430511475, 0.36000001430511475, 0.24592003226280212, 0.485558420419693, 0.4864792227745056
0.44018118898384273, 0.36000001430511475, 0.36000001430511475, 0.24592003226280212, 0.485558420419693, 0.4864792227745056
0.4501749619957991, 0.36000001430511475, 0.36000001430511475, 0.27782154083251953, 0.49350202083587646, 0.547372043132782
0.4601766979903914, 0.36000001430511475, 0.36000001430511475, 0.27782154083251953, 0.49350202083587646, 0.547372043132782
0.47009215102298185, 0.36000001430511475, 0.36000001430511475, 0.27782154083251953, 0.49350202083587646, 0.547372043132782
0.4801677020150237, 0.36000001430511475, 0.36000001430511475, 0.3027535676956177, 0.5045722723007202, 0.547372043132782
0.4902384980232455, 0.36000001430511475, 0.36000001430511475, 0.3027535676956177, 0.5045722723007202, 0.547372043132782
0.5002479029935785, 0.36000001430511475, 0.36000001430511475, 0.3027535676956177, 0.5045722723007202, 0.547372043132782
0.5104104810161516, 0.36000001430511475, 0.36000001430511475, 0.3027535676956177, 0.5045722723007202, 0.547372043132782
0.5203093399759382, 0.36000001430511475, 0.36000001430511475, 0.3167129158973694, 0.5177008509635925, 0.547372043132782
0.5301664950093254, 0.36000001430511475, 0.36000001430511475, 0.3167129158973694, 0.5177008509635925, 0.547372043132782
0.5405595030169934, 0.36000001430511475, 0.36000001430511475, 0.3167129158973694, 0.5177008509635925, 0.547372043132782
0.550607884011697, 0.36000001430511475, 0.36000001430511475, 0.32561296224594116, 0.529671311378479, 0.547372043132782
0.5603459149715491, 0.36000001430511475, 0.36000001430511475, 0.32561296224594116, 0.529671311378479, 0.547372043132782
0.5702187439892441, 0.36000001430511475, 0.36000001430511475, 0.32561296224594116, 0.529671311378479, 0.547372043132782
0.5801529390155338, 0.36000001430511475, 0.36000001430511475, 0.32561296224594116, 0.529671311378479, 0.547372043132782
0.5904284309945069, 0.36000001430511475, 0.36000001430511475, 0.3314487636089325, 0.5432068705558777, 0.547372043132782
0.6005609430139884, 0.36000001430511475, 0.36000001430511475, 0.3314487636089325, 0.5432068705558777, 0.547372043132782
0.6104032139992341, 0.36000001430511475, 0.36000001430511475, 0.3314487636089325, 0.5432068705558777, 0.547372043132782
0.6201807950274087, 0.36000001430511475, 0.36000001430511475, 0.3332579433917999, 0.5553078055381775, 0.547372043132782
0.6302268889849074, 0.36000001430511475, 0.36000001430511475, 0.3332579433917999, 0.5553078055381775, 0.547372043132782
0.6401955370092764, 0.36000001430511475, 0.36000001430511475, 0.3332579433917999, 0.5553078055381775, 0.6146032810211182
0.6501295969937928, 0.36000001430511475, 0.36000001430511475, 0.3344099521636963, 0.5661057829856873, 0.6146032810211182
0.6603798309806734, 0.36000001430511475, 0.36000001430511475, 0.3344099521636963, 0.5661057829856873, 0.6146032810211182
0.6703791510080919, 0.36000001430511475, 0.36000001430511475, 0.3344099521636963, 0.5661057829856873, 0.6146032810211182
0.6806322950287722, 0.36000001430511475, 0.36000001430511475, 0.33495116233825684, 0.5779848098754883, 0.6146032810211182
0.6902685780078173, 0.36000001430511475, 0.36000001430511475, 0.33495116233825684, 0.5779848098754883, 0.6146032810211182
0.7001794599927962, 0.36000001430511475, 0.36000001430511475, 0.33495116233825684, 0.5779848098754883, 0.6146032810211182
0.7101604670169763, 0.36000001430511475, 0.36000001430511475, 0.3336455523967743, 0.5892119407653809, 0.6146032810211182
0.7206016199779697, 0.36000001430511475, 0.36000001430511475, 0.3336455523967743, 0.5892119407653809, 0.6146032810211182
0.7304051449755207, 0.36000001430511475, 0.36000001430511475, 0.3336455523967743, 0.5892119407653809, 0.6146032810211182
0.7402038439759053, 0.36000001430511475, 0.36000001430511475, 0.3336455523967743, 0.5892119407653809, 0.6146032810211182
0.7503949889796786, 0.36000001430511475, 0.36000001430511475, 0.3342466950416565, 0.6005489826202393, 0.6146032810211182
0.7602992440224625, 0.36000001430511475, 0.36000001430511475, 0.3342466950416565, 0.6005489826202393, 0.6146032810211182
0.7702312389737926, 0.36000001430511475, 0.36000001430511475, 0.3342466950416565, 0.6005489826202393, 0.6146032810211182
0.7810086570098065, 0.36000001430511475, 0.36000001430511475, 0.33641448616981506, 0.6093001961708069, 0.6146032810211182
0.7901753470068797, 0.36000001430511475, 0.36000001430511475, 0.33641448616981506, 0.6093001961708069, 0.6146032810211182
0.8014314430183731, 0.36000001430511475, 0.36000001430511475, 0.33641448616981506, 0.6093001961708069, 0.6146032810211182
0.8105335109867156, 0.36000001430511475, 0.36000001430511475, 0.33641448616981506, 0.6093001961708069, 0.6146032810211182
0.8201128040091135, 0.36000001430511475, 0.36000001430511475, 0.33641448616981506, 0.6093001961708069, 0.6146032810211182
0.8303781870054081, 0.36000001430511475, 0.36000001430511475, 0.34016820788383484, 0.6206356883049011, 0.6146032810211182
0.8401474789716303, 0.36000001430511475, 0.36000001430511475, 0.34348657727241516, 0.6289297938346863, 0.6146032810211182
0.8501550999935716, 0.36000001430511475, 0.36000001430511475, 0.34348657727241516, 0.6289297938346863, 0.6838748455047607
0.860179346986115, 0.36000001430511475, 0.36000001430511475, 0.34348657727241516, 0.6289297938346863, 0.6838748455047607
0.8701782210264355, 0.36000001430511475, 0.36000001430511475, 0.34348657727241516, 0.6289297938346863, 0.6838748455047607
0.8802124439971521, 0.36000001430511475, 0.36000001430511475, 0.34348657727241516, 0.6289297938346863, 0.6838748455047607
0.8902903019916266, 0.36000001430511475, 0.36000001430511475, 0.3451988697052002, 0.6380556225776672, 0.6838748455047607
0.9001643849769607, 0.36000001430511475, 0.36000001430511475, 0.3451988697052002, 0.6380556225776672, 0.6838748455047607
0.910232566006016, 0.36000001430511475, 0.36000001430511475, 0.3488762676715851, 0.6491100192070007, 0.6838748455047607
0.9201689439942129, 0.36000001430511475, 0.36000001430511475, 0.3488762676715851, 0.6491100192070007, 0.6838748455047607
0.9301568209775724, 0.36000001430511475, 0.36000001430511475, 0.3488762676715851, 0.6491100192070007, 0.6838748455047607
0.9402580190217122, 0.36000001430511475, 0.36000001430511475, 0.3488762676715851, 0.6491100192070007, 0.6838748455047607
0.950315201014746, 0.36000001430511475, 0.36000001430511475, 0.3488762676715851, 0.6491100192070007, 0.6838748455047607
0.9605198639910668, 0.36000001430511475, 0.36000001430511475, 0.3488762676715851, 0.6491100192070007, 0.6838748455047607
0.9701794610009529, 0.36000001430511475, 0.36000001430511475, 0.353608101606369, 0.6608319282531738, 0.6838748455047607
0.9801368120242842, 0.36000001430511475, 0.36000001430511475, 0.353608101606369, 0.6608319282531738, 0.6838748455047607
0.9902705529821105, 0.36000001430511475, 0.36000001430511475, 0.35578957200050354, 0.6709133982658386, 0.6838748455047607
1.0001476419856772, 0.36000001430511475, 0.36000001430511475, 0.35578957200050354, 0.6709133982658386, 0.6838748455047607
1.0101755450014025, 0.36000001430511475, 0.36000001430511475, 0.35578957200050354, 0.6709133982658386, 0.6838748455047607
1.020303994009737, 0.36000001430511475, 0.36000001430511475, 0.35727614164352417, 0.6831672787666321, 0.6838748455047607
1.0303183830110356, 0.36000001430511475, 0.36000001430511475, 0.35727614164352417, 0.6831672787666321, 0.6838748455047607
1.0401811189949512, 0.36000001430511475, 0.36000001430511475, 0.35727614164352417, 0.6831672787666321, 0.7569997906684875
1.050178250996396, 0.36000001430511475, 0.36000001430511475, 0.36083582043647766, 0.6943101286888123, 0.7569997906684875
1.0601607789867558, 0.36000001430511475, 0.36000001430511475, 0.36083582043647766, 0.6943101286888123, 0.7569997906684875
1.0704404819989577, 0.36000001430511475, 0.36000001430511475, 0.36083582043647766, 0.6943101286888123, 0.7569997906684875
1.0802771939779632, 0.36000001430511475, 0.36000001430511475, 0.36083582043647766, 0.6943101286888123, 0.7569997906684875
1.0901606159750372, 0.36000001430511475, 0.36000001430511475, 0.3640044629573822, 0.7044082880020142, 0.7569997906684875
1.1001686279778369, 0.36000001430511475, 0.36000001430511475, 0.3640044629573822, 0.7044082880020142, 0.7569997906684875
1.1106613940210082, 0.36000001430511475, 0.36000001430511475, 0.3663886785507202, 0.7170054912567139, 0.7569997906684875
1.1204491470125504, 0.36000001430511475, 0.36000001430511475, 0.3663886785507202, 0.7170054912567139, 0.7569997906684875
1.1303316699923016, 0.36000001430511475, 0.36000001430511475, 0.3663886785507202, 0.7170054912567139, 0.7569997906684875
1.1401549400179647, 0.36000001430511475, 0.36000001430511475, 0.3667757511138916, 0.7292544841766357, 0.7569997906684875
1.1501204899977893, 0.36000001430511475, 0.36000001430511475, 0.3667757511138916, 0.7292544841766357, 0.7569997906684875
1.1600954469759017, 0.36000001430511475, 0.36000001430511475, 0.3667757511138916, 0.7292544841766357, 0.7569997906684875
1.1701847939984873, 0.36000001430511475, 0.36000001430511475, 0.3667757511138916, 0.7292544841766357, 0.7569997906684875
1.180296830018051, 0.36000001430511475, 0.36000001430511475, 0.3667757511138916, 0.7292544841766357, 0.7569997906684875
1.190159426012542, 0.36000001430511475, 0.36000001430511475, 0.36596548557281494, 0.7402971982955933, 0.7569997906684875
1.2001642669783905, 0.36000001430511475, 0.36000001430511475, 0.36596548557281494, 0.7402971982955933, 0.7569997906684875
1.2102242760010995, 0.36000001430511475, 0.36000001430511475, 0.36596548557281494, 0.7402971982955933, 0.7569997906684875
1.2202775980113074, 0.36000001430511475, 0.36000001430511475, 0.36502453684806824, 0.7525720000267029, 0.7569997906684875
1.2302216020179912, 0.36000001430511475, 0.36000001430511475, 0.36502453684806824, 0.7525720000267029, 0.7569997906684875
1.2409322140156291, 0.36000001430511475, 0.36000001430511475, 0.36502453684806824, 0.7525720000267029, 0.7569997906684875
1.2502534139784984, 0.36000001430511475, 0.36000001430511475, 0.36502453684806824, 0.7525720000267029, 0.8281399607658386
1.2602136919740587, 0.36000001430511475, 0.36000001430511475, 0.36640799045562744, 0.7650602459907532, 0.8281399607658386
1.2701306670205668, 0.36000001430511475, 0.36000001430511475, 0.36640799045562744, 0.7650602459907532, 0.8281399607658386
1.2804194299969822, 0.36000001430511475, 0.36000001430511475, 0.3678702116012573, 0.7760803699493408, 0.8281399607658386
1.2901942299795337, 0.36000001430511475, 0.36000001430511475, 0.3678702116012573, 0.7760803699493408, 0.8281399607658386
1.3002337460056879, 0.36000001430511475, 0.36000001430511475, 0.3678702116012573, 0.7760803699493408, 0.8281399607658386
1.3103037729742937, 0.36000001430511475, 0.36000001430511475, 0.3678702116012573, 0.7760803699493408, 0.8281399607658386
1.3202547950204462, 0.36000001430511475, 0.36000001430511475, 0.3678702116012573, 0.7760803699493408, 0.8281399607658386
1.3303415949922055, 0.36000001430511475, 0.36000001430511475, 0.36802634596824646, 0.7883381843566895, 0.8281399607658386
1.3404397399863228, 0.36000001430511475, 0.36000001430511475, 0.36802634596824646, 0.7883381843566895, 0.8281399607658386
1.3501710640266538, 0.36000001430511475, 0.36000001430511475, 0.3663885295391083, 0.8011642694473267, 0.8281399607658386
1.3601670939824544, 0.36000001430511475, 0.36000001430511475, 0.3663885295391083, 0.8011642694473267, 0.8281399607658386
1.3704223899985664, 0.36000001430511475, 0.36000001430511475, 0.3663885295391083, 0.8011642694473267, 0.8281399607658386
1.3801849039737135, 0.36000001430511475, 0.36000001430511475, 0.3663885295391083, 0.8011642694473267, 0.8281399607658386
1.390172669023741, 0.36000001430511475, 0.36000001430511475, 0.36425065994262695, 0.8121868371963501, 0.8281399607658386
1.4001993960118853, 0.36000001430511475, 0.36000001430511475, 0.36425065994262695, 0.8121868371963501, 0.8281399607658386
1.4104071980109438, 0.36000001430511475, 0.36000001430511475, 0.3631022870540619, 0.8258310556411743, 0.8281399607658386
1.4201931100105867, 0.36000001430511475, 0.36000001430511475, 0.3631022870540619, 0.8258310556411743, 0.8281399607658386
1.4303987189778127, 0.36000001430511475, 0.36000001430511475, 0.3631022870540619, 0.8258310556411743, 0.8281399607658386
1.4404662959859706, 0.36000001430511475, 0.36000001430511475, 0.3631022870540619, 0.8258310556411743, 0.8281399607658386
1.4501928439713083, 0.36000001430511475, 0.36000001430511475, 0.36322644352912903, 0.8384068012237549, 0.9018001556396484
1.460398503986653, 0.36000001430511475, 0.36000001430511475, 0.36322644352912903, 0.8384068012237549, 0.9018001556396484
1.4701665960019454, 0.36000001430511475, 0.36000001430511475, 0.36322644352912903, 0.8384068012237549, 0.9018001556396484
1.4802915020263754, 0.36000001430511475, 0.36000001430511475, 0.36322644352912903, 0.8384068012237549, 0.9018001556396484
1.490224347973708, 0.36000001430511475, 0.36000001430511475, 0.36322644352912903, 0.8384068012237549, 0.9018001556396484
1.500155160028953, 0.36000001430511475, 0.36000001430511475, 0.36322644352912903, 0.8384068012237549, 0.9018001556396484
1.5103191710077226, 0.36000001430511475, 0.36000001430511475, 0.3645533621311188, 0.8492817282676697, 0.9018001556396484
1.5204140769783407, 0.36000001430511475, 0.36000001430511475, 0.3645533621311188, 0.8492817282676697, 0.9018001556396484
1.5303979640011676, 0.36000001430511475, 0.36000001430511475, 0.3645533621311188, 0.8492817282676697, 0.9018001556396484
1.541000859986525, 0.36000001430511475, 0.36000001430511475, 0.3645533621311188, 0.8623106479644775, 0.9018001556396484
1.5504159000120126, 0.36000001430511475, 0.36000001430511475, 0.36649882793426514, 0.8623106479644775, 0.9018001556396484
1.5605189880006947, 0.36000001430511475, 0.36000001430511475, 0.36649882793426514, 0.8623106479644775, 0.9018001556396484
1.5701990789966658, 0.36000001430511475, 0.36000001430511475, 0.36829569935798645, 0.875504195690155, 0.9018001556396484
1.5801946800202131, 0.36000001430511475, 0.36000001430511475, 0.36829569935798645, 0.875504195690155, 0.9018001556396484
1.5900930669740774, 0.36000001430511475, 0.36000001430511475, 0.3676130473613739, 0.8887057304382324, 0.9018001556396484
1.6003080239752308, 0.36000001430511475, 0.36000001430511475, 0.3676130473613739, 0.8887057304382324, 0.9018001556396484
1.6102292209980078, 0.36000001430511475, 0.36000001430511475, 0.3676130473613739, 0.8887057304382324, 0.9018001556396484
1.620479205972515, 0.36000001430511475, 0.36000001430511475, 0.3676130473613739, 0.8887057304382324, 0.9018001556396484
1.630197277001571, 0.36000001430511475, 0.36000001430511475, 0.3676130473613739, 0.8887057304382324, 0.9018001556396484
1.640219573979266, 0.36000001430511475, 0.36000001430511475, 0.3676130473613739, 0.8887057304382324, 0.9726100564002991
1.6501886239857413, 0.36000001430511475, 0.36000001430511475, 0.3646429479122162, 0.8995829224586487, 0.9726100564002991
1.6601829159772024, 0.36000001430511475, 0.36000001430511475, 0.3646429479122162, 0.8995829224586487, 0.9726100564002991
1.6701925870147534, 0.36000001430511475, 0.36000001430511475, 0.36049598455429077, 0.9127593636512756, 0.9726100564002991
1.680186321027577, 0.36000001430511475, 0.36000001430511475, 0.3566754162311554, 0.9255260229110718, 0.9726100564002991
1.6901850340072997, 0.36000001430511475, 0.36000001430511475, 0.3566754162311554, 0.9255260229110718, 0.9726100564002991
1.7001644399715587, 0.36000001430511475, 0.36000001430511475, 0.3566754162311554, 0.9255260229110718, 0.9726100564002991
1.7102184260147624, 0.36000001430511475, 0.36000001430511475, 0.3566754162311554, 0.9255260229110718, 0.9726100564002991
1.720328456023708, 0.36000001430511475, 0.36000001430511475, 0.3541434109210968, 0.9365218877792358, 0.9726100564002991
1.730183391016908, 0.36000001430511475, 0.36000001430511475, 0.3541434109210968, 0.9365218877792358, 0.9726100564002991
1.7402961520128883, 0.36000001430511475, 0.36000001430511475, 0.3541434109210968, 0.9365218877792358, 0.9726100564002991
1.7505733330035582, 0.36000001430511475, 0.36000001430511475, 0.3541434109210968, 0.9365218877792358, 0.9726100564002991
1.7603551690117456, 0.36000001430511475, 0.36000001430511475, 0.3541434109210968, 0.9365218877792358, 0.9726100564002991
1.7701132639776915, 0.36000001430511475, 0.36000001430511475, 0.35351818799972534, 0.9501587152481079, 0.9726100564002991
1.7801819929736666, 0.36000001430511475, 0.36000001430511475, 0.35351818799972534, 0.9501587152481079, 0.9726100564002991
1.7902019139728509, 0.36000001430511475, 0.36000001430511475, 0.3525146543979645, 0.9627302289009094, 0.9726100564002991
1.8002148880041204, 0.36000001430511475, 0.36000001430511475, 0.3525146543979645, 0.9627302289009094, 0.9726100564002991
1.8101477340096608, 0.36000001430511475, 0.36000001430511475, 0.3525146543979645, 0.9627302289009094, 0.9726100564002991
1.820174895983655, 0.36000001430511475, 0.36000001430511475, 0.352420836687088, 0.9736917614936829, 0.9726100564002991
1.8302307220292278, 0.36000001430511475, 0.36000001430511475, 0.352420836687088, 0.9736917614936829, 0.9726100564002991
1.8401465520146303, 0.36000001430511475, 0.36000001430511475, 0.352420836687088, 0.9736917614936829, 1.0450007915496826
1.85010542901, 0.36000001430511475, 0.36000001430511475, 0.35277625918388367, 0.9861109852790833, 1.0450007915496826
1.8601684360182844, 0.36000001430511475, 0.36000001430511475, 0.35277625918388367, 0.9861109852790833, 1.0450007915496826
1.8703080340055749, 0.36000001430511475, 0.36000001430511475, 0.35277625918388367, 0.9861109852790833, 1.0450007915496826
1.880200662999414, 0.36000001430511475, 0.36000001430511475, 0.35277625918388367, 0.9861109852790833, 1.0450007915496826
1.8901649459730834, 0.36000001430511475, 0.36000001430511475, 0.3534773886203766, 0.9989126920700073, 1.0450007915496826
1.9004486780031584, 0.36000001430511475, 0.36000001430511475, 0.3534773886203766, 0.9989126920700073, 1.0450007915496826
1.9101808019913733, 0.36000001430511475, 0.36000001430511475, 0.3534773886203766, 0.9989126920700073, 1.0450007915496826
1.9202497960068285, 0.36000001430511475, 0.36000001430511475, 0.3537282347679138, 1.0099639892578125, 1.0450007915496826
1.9302447270019911, 0.36000001430511475, 0.36000001430511475, 0.3537282347679138, 1.0099639892578125, 1.0450007915496826
1.9401548199821264, 0.36000001430511475, 0.36000001430511475, 0.3539493680000305, 1.022851824760437, 1.0450007915496826
1.950311699998565, 0.36000001430511475, 0.36000001430511475, 0.3539493680000305, 1.022851824760437, 1.0450007915496826
1.9601407119771466, 0.36000001430511475, 0.36000001430511475, 0.3539493680000305, 1.022851824760437, 1.0450007915496826
1.9701438859920017, 0.36000001430511475, 0.36000001430511475, 0.3539493680000305, 1.022851824760437, 1.0450007915496826
1.980131028976757, 0.36000001430511475, 0.36000001430511475, 0.35367754101753235, 1.0350232124328613, 1.0450007915496826
1.9900922459783033, 0.36000001430511475, 0.36000001430511475, 0.35367754101753235, 1.0350232124328613, 1.0450007915496826
2.000097100972198, 0.36000001430511475, 0.36000001430511475, 0.35367754101753235, 1.0350232124328613, 1.0450007915496826
2.0102263119770214, -0.36000001430511475, 0.36000001430511475, 0.35367754101753235, 1.0350232124328613, 1.0450007915496826
2.0204236800200306, -0.36000001430511475, -0.36000001430511475, 0.35367754101753235, 1.0350232124328613, 1.0450007915496826
2.030188995995559, -0.36000001430511475, -0.36000001430511475, 0.35367754101753235, 1.0350232124328613, 1.0450007915496826
2.040268272976391, -0.36000001430511475, -0.36000001430511475, 0.35367754101753235, 1.0350232124328613, 1.0450007915496826
2.05027444899315, -0.36000001430511475, -0.36000001430511475, 0.35367754101753235, 1.0350232124328613, 1.116600751876831
2.061062816006597, -0.36000001430511475, -0.36000001430511475, 0.35367754101753235, 1.0350232124328613, 1.116600751876831
2.070597889018245, -0.36000001430511475, -0.36000001430511475, 0.35367754101753235, 1.0459535121917725, 1.116600751876831
2.0802490530186333, -0.36000001430511475, -0.36000001430511475, 0.35276126861572266, 1.0459535121917725, 1.116600751876831
2.090436314989347, -0.36000001430511475, -0.36000001430511475, 0.3528994023799896, 1.0715599060058594, 1.116600751876831
2.1002034050179645, -0.36000001430511475, -0.36000001430511475, 0.3528994023799896, 1.0715599060058594, 1.116600751876831
2.110183065989986, -0.36000001430511475, -0.36000001430511475, 0.3528994023799896, 1.0715599060058594, 1.116600751876831
2.120162021019496, -0.36000001430511475, -0.36000001430511475, 0.35298043489456177, 1.0829150676727295, 1.116600751876831
2.1303658870165236, -0.36000001430511475, -0.36000001430511475, 0.35298043489456177, 1.0829150676727295, 1.116600751876831
2.1401795229758136, -0.36000001430511475, -0.36000001430511475, 0.35421106219291687, 1.095814824104309, 1.116600751876831
2.1501220969948918, -0.36000001430511475, -0.36000001430511475, 0.35421106219291687, 1.095814824104309, 1.116600751876831
2.1601814900059253, -0.36000001430511475, -0.36000001430511475, 0.35421106219291687, 1.095814824104309, 1.116600751876831
2.1701420819736086, -0.36000001430511475, -0.36000001430511475, 0.35421106219291687, 1.095814824104309, 1.116600751876831
2.1801449760096148, -0.36000001430511475, -0.36000001430511475, 0.35370776057243347, 1.1092050075531006, 1.116600751876831
2.1901469479780644, -0.36000001430511475, -0.36000001430511475, 0.35370776057243347, 1.1092050075531006, 1.116600751876831
2.2001876030117273, -0.36000001430511475, -0.36000001430511475, 0.35370776057243347, 1.1092050075531006, 1.116600751876831
2.2102806700277142, -0.36000001430511475, -0.36000001430511475, 0.35370776057243347, 1.1092050075531006, 1.116600751876831
2.2202200969913974, -0.36000001430511475, -0.36000001430511475, 0.351949542760849, 1.119856834411621, 1.116600751876831
2.230209339992143, -0.36000001430511475, -0.36000001430511475, 0.351949542760849, 1.119856834411621, 1.116600751876831
2.2401663700002246, -0.36000001430511475, -0.36000001430511475, 0.351949542760849, 1.119856834411621, 1.1766339540481567
2.2503171199932694, -0.36000001430511475, -0.36000001430511475, 0.351949542760849, 1.119856834411621, 1.1766339540481567
2.2601795690134168, -0.36000001430511475, -0.36000001430511475, 0.35117948055267334, 1.1315103769302368, 1.1766339540481567
2.270227735978551, -0.36000001430511475, -0.36000001430511475, 0.35117948055267334, 1.1315103769302368, 1.1766339540481567
2.2801882619969547, -0.36000001430511475, -0.36000001430511475, 0.3527502417564392, 1.1443359851837158, 1.1766339540481567
2.2903513920027763, -0.36000001430511475, -0.36000001430511475, 0.3527502417564392, 1.1443359851837158, 1.1766339540481567
2.3001719639869407, -0.36000001430511475, -0.36000001430511475, 0.3527502417564392, 1.1443359851837158, 1.1766339540481567
2.3101595190237276, -0.36000001430511475, -0.36000001430511475, 0.3527502417564392, 1.1443359851837158, 1.1766339540481567
2.3203125500003807, -0.36000001430511475, -0.36000001430511475, 0.3364312946796417, 1.1551083326339722, 1.1766339540481567
2.330173783004284, -0.36000001430511475, -0.36000001430511475, 0.3364312946796417, 1.1551083326339722, 1.1766339540481567
2.340512841998134, -0.36000001430511475, -0.36000001430511475, 0.3364312946796417, 1.1551083326339722, 1.1766339540481567
2.350177637010347, -0.36000001430511475, -0.36000001430511475, 0.27187812328338623, 1.1631137132644653, 1.1766339540481567
2.3600891060195863, -0.36000001430511475, -0.36000001430511475, 0.27187812328338623, 1.1631137132644653, 1.1766339540481567
2.3703826909768395, -0.36000001430511475, -0.36000001430511475, 0.27187812328338623, 1.1631137132644653, 1.1766339540481567
2.380809638008941, -0.36000001430511475, -0.36000001430511475, 0.1710231751203537, 1.1708215475082397, 1.1766339540481567
2.390107512997929, -0.36000001430511475, -0.36000001430511475, 0.1710231751203537, 1.1708215475082397, 1.1766339540481567
2.4005566649721004, -0.36000001430511475, -0.36000001430511475, 0.1710231751203537, 1.1708215475082397, 1.1766339540481567
2.410247227002401, -0.36000001430511475, -0.36000001430511475, 0.1710231751203537, 1.1708215475082397, 1.1766339540481567
2.4202382509829476, -0.36000001430511475, -0.36000001430511475, 0.043521489948034286, 1.1731758117675781, 1.1766339540481567
2.430077266006265, -0.36000001430511475, -0.36000001430511475, 0.043521489948034286, 1.1731758117675781, 1.1766339540481567
2.440122256986797, -0.36000001430511475, -0.36000001430511475, 0.043521489948034286, 1.1731758117675781, 1.1424636840820312
2.4501360270078294, -0.36000001430511475, -0.36000001430511475, 0.043521489948034286, 1.1731758117675781, 1.1424636840820312
2.460358589014504, -0.36000001430511475, -0.36000001430511475, -0.07249841839075089, 1.1723259687423706, 1.1424636840820312
2.4701509369770065, -0.36000001430511475, -0.36000001430511475, -0.07249841839075089, 1.1723259687423706, 1.1424636840820312
2.4805676940013655, -0.36000001430511475, -0.36000001430511475, -0.17346741259098053, 1.1684119701385498, 1.1424636840820312
2.4902853239909746, -0.36000001430511475, -0.36000001430511475, -0.17346741259098053, 1.1684119701385498, 1.1424636840820312
2.5003961679758504, -0.36000001430511475, -0.36000001430511475, -0.17346741259098053, 1.1684119701385498, 1.1424636840820312
2.5101820189738646, -0.36000001430511475, -0.36000001430511475, -0.17346741259098053, 1.1684119701385498, 1.1424636840820312
2.520184558990877, -0.36000001430511475, -0.36000001430511475, -0.24078428745269775, 1.1613637208938599, 1.1424636840820312
2.530182447982952, -0.36000001430511475, -0.36000001430511475, -0.24078428745269775, 1.1613637208938599, 1.1424636840820312
2.540295303973835, -0.36000001430511475, -0.36000001430511475, -0.27901479601860046, 1.153641939163208, 1.1424636840820312
2.5502881690044887, -0.36000001430511475, -0.36000001430511475, -0.27901479601860046, 1.153641939163208, 1.1424636840820312
2.5601246089790948, -0.36000001430511475, -0.36000001430511475, -0.27901479601860046, 1.153641939163208, 1.1424636840820312
2.5701402819831856, -0.36000001430511475, -0.36000001430511475, -0.27901479601860046, 1.153641939163208, 1.1424636840820312
2.5801402740180492, -0.36000001430511475, -0.36000001430511475, -0.3092513978481293, 1.1434236764907837, 1.1424636840820312
2.5901603790116496, -0.36000001430511475, -0.36000001430511475, -0.3092513978481293, 1.1434236764907837, 1.1424636840820312
2.600143924006261, -0.36000001430511475, -0.36000001430511475, -0.3092513978481293, 1.1434236764907837, 1.1424636840820312
2.6103093900019303, -0.36000001430511475, -0.36000001430511475, -0.3092513978481293, 1.1434236764907837, 1.1424636840820312
2.62018667999655, -0.36000001430511475, -0.36000001430511475, -0.3258213400840759, 1.1330821514129639, 1.1424636840820312
2.630165565002244, -0.36000001430511475, -0.36000001430511475, -0.3258213400840759, 1.1330821514129639, 1.1424636840820312
2.640183789015282, -0.36000001430511475, -0.36000001430511475, -0.3258213400840759, 1.1330821514129639, 1.0763905048370361
2.6504657409968786, -0.36000001430511475, -0.36000001430511475, -0.33306506276130676, 1.1236168146133423, 1.0763905048370361
2.660254010988865, -0.36000001430511475, -0.36000001430511475, -0.33306506276130676, 1.1236168146133423, 1.0763905048370361
2.6704907449893653, -0.36000001430511475, -0.36000001430511475, -0.33306506276130676, 1.1236168146133423, 1.0763905048370361
2.6803684949991293, -0.36000001430511475, -0.36000001430511475, -0.3351399004459381, 1.1135932207107544, 1.0763905048370361
2.6903481510234997, -0.36000001430511475, -0.36000001430511475, -0.3351399004459381, 1.1135932207107544, 1.0763905048370361
2.7003636520239525, -0.36000001430511475, -0.36000001430511475, -0.3351399004459381, 1.1135932207107544, 1.0763905048370361
2.7103301709867083, -0.36000001430511475, -0.36000001430511475, -0.3351399004459381, 1.1135932207107544, 1.0763905048370361
2.7201964239939116, -0.36000001430511475, -0.36000001430511475, -0.33546480536460876, 1.1025348901748657, 1.0763905048370361
2.7302529930020683, -0.36000001430511475, -0.36000001430511475, -0.33546480536460876, 1.1025348901748657, 1.0763905048370361
2.740164472023025, -0.36000001430511475, -0.36000001430511475, -0.33546480536460876, 1.1025348901748657, 1.0763905048370361
2.7501328269718215, -0.36000001430511475, -0.36000001430511475, -0.3366438150405884, 1.0937799215316772, 1.0763905048370361
2.7601684909895994, -0.36000001430511475, -0.36000001430511475, -0.3366438150405884, 1.0937799215316772, 1.0763905048370361
2.7703106880071573, -0.36000001430511475, -0.36000001430511475, -0.3366438150405884, 1.0937799215316772, 1.0763905048370361
2.7801856549922377, -0.36000001430511475, -0.36000001430511475, -0.33815324306488037, 1.0823376178741455, 1.0763905048370361
2.790120258985553, -0.36000001430511475, -0.36000001430511475, -0.33815324306488037, 1.0823376178741455, 1.0763905048370361
2.8002684519742616, -0.36000001430511475, -0.36000001430511475, -0.33815324306488037, 1.0823376178741455, 1.0763905048370361
2.810183518973645, -0.36000001430511475, -0.36000001430511475, -0.3396965265274048, 1.0705881118774414, 1.0763905048370361
2.8202631230233237, -0.36000001430511475, -0.36000001430511475, -0.3396965265274048, 1.0705881118774414, 1.0763905048370361
2.8302092449739575, -0.36000001430511475, -0.36000001430511475, -0.3396965265274048, 1.0705881118774414, 1.0763905048370361
2.840146591013763, -0.36000001430511475, -0.36000001430511475, -0.3396965265274048, 1.0705881118774414, 1.0095793008804321
2.850330893008504, -0.36000001430511475, -0.36000001430511475, -0.34068891406059265, 1.0610618591308594, 1.0095793008804321
2.8601773440022953, -0.36000001430511475, -0.36000001430511475, -0.34068891406059265, 1.0610618591308594, 1.0095793008804321
2.8701244089752436, -0.36000001430511475, -0.36000001430511475, -0.34068891406059265, 1.0610618591308594, 1.0095793008804321
2.8802001000149176, -0.36000001430511475, -0.36000001430511475, -0.3426204323768616, 1.04987633228302, 1.0095793008804321
2.890420763986185, -0.36000001430511475, -0.36000001430511475, -0.3426204323768616, 1.04987633228302, 1.0095793008804321
2.9001847410108894, -0.36000001430511475, -0.36000001430511475, -0.3426204323768616, 1.04987633228302, 1.0095793008804321
2.910201266000513, -0.36000001430511475, -0.36000001430511475, -0.3426204323768616, 1.04987633228302, 1.0095793008804321
2.920135056017898, -0.36000001430511475, -0.36000001430511475, -0.3440524637699127, 1.0381804704666138, 1.0095793008804321
2.9302006129873917, -0.36000001430511475, -0.36000001430511475, -0.3440524637699127, 1.0381804704666138, 1.0095793008804321
2.940129987022374, -0.36000001430511475, -0.36000001430511475, -0.3440524637699127, 1.0381804704666138, 1.0095793008804321
2.95018645102391, -0.36000001430511475, -0.36000001430511475, -0.3436218202114105, 1.0285240411758423, 1.0095793008804321
2.9601464890292846, -0.36000001430511475, -0.36000001430511475, -0.3436218202114105, 1.0285240411758423, 1.0095793008804321
2.9701775970170274, -0.36000001430511475, -0.36000001430511475, -0.3436218202114105, 1.0285240411758423, 1.0095793008804321
2.9801519060274586, -0.36000001430511475, -0.36000001430511475, -0.3431040346622467, 1.0163291692733765, 1.0095793008804321
2.9901517379912548, -0.36000001430511475, -0.36000001430511475, -0.3431040346622467, 1.0163291692733765, 1.0095793008804321
3.000434531015344, -0.36000001430511475, -0.36000001430511475, -0.3431040346622467, 1.0163291692733765, 1.0095793008804321
3.0104140709736384, -0.36000001430511475, -0.36000001430511475, -0.3431040346622467, 1.0163291692733765, 1.0095793008804321
3.0203567079734057, -0.36000001430511475, -0.36000001430511475, -0.3431040346622467, 1.0163291692733765, 1.0095793008804321
3.0301755649852566, -0.36000001430511475, -0.36000001430511475, -0.3424763083457947, 1.005021572113037, 1.0095793008804321
3.0401488519855775, -0.36000001430511475, -0.36000001430511475, -0.3424763083457947, 1.005021572113037, 0.9423941373825073
3.050848832994234, -0.36000001430511475, -0.36000001430511475, -0.3425155580043793, 0.9947563409805298, 0.9423941373825073
3.0601899700122885, -0.36000001430511475, -0.36000001430511475, -0.3425155580043793, 0.9947563409805298, 0.9423941373825073
3.0702757780090906, -0.36000001430511475, -0.36000001430511475, -0.3425155580043793, 0.9947563409805298, 0.9423941373825073
3.080324943002779, -0.36000001430511475, -0.36000001430511475, -0.3425155580043793, 0.9947563409805298, 0.9423941373825073
3.090492698014714, -0.36000001430511475, -0.36000001430511475, -0.3425155580043793, 0.9947563409805298, 0.9423941373825073
3.100170312973205, -0.36000001430511475, -0.36000001430511475, -0.34460583329200745, 0.983117401599884, 0.9423941373825073
3.110334162018262, -0.36000001430511475, -0.36000001430511475, -0.34460583329200745, 0.983117401599884, 0.9423941373825073
3.120160946971737, -0.36000001430511475, -0.36000001430511475, -0.34696102142333984, 0.9718653559684753, 0.9423941373825073
3.1301641130121425, -0.36000001430511475, -0.36000001430511475, -0.34696102142333984, 0.9718653559684753, 0.9423941373825073
3.1402018169756047, -0.36000001430511475, -0.36000001430511475, -0.34696102142333984, 0.9718653559684753, 0.9423941373825073
3.1501284959958866, -0.36000001430511475, -0.36000001430511475, -0.3473968207836151, 0.9627484679222107, 0.9423941373825073
3.1601862820098177, -0.36000001430511475, -0.36000001430511475, -0.3473968207836151, 0.9627484679222107, 0.9423941373825073
3.170200988999568, -0.36000001430511475, -0.36000001430511475, -0.3473968207836151, 0.9627484679222107, 0.9423941373825073
3.1803280679741874, -0.36000001430511475, -0.36000001430511475, -0.3473968207836151, 0.9627484679222107, 0.9423941373825073
3.1903937039896846, -0.36000001430511475, -0.36000001430511475, -0.3473968207836151, 0.9627484679222107, 0.9423941373825073
3.200228205008898, -0.36000001430511475, -0.36000001430511475, -0.3473968207836151, 0.9627484679222107, 0.9423941373825073
3.2101417999947444, -0.36000001430511475, -0.36000001430511475, -0.3473968207836151, 0.9627484679222107, 0.9423941373825073
3.2203073109849356, -0.36000001430511475, -0.36000001430511475, -0.34967654943466187, 0.9512381553649902, 0.9423941373825073
3.2302948840078898, -0.36000001430511475, -0.36000001430511475, -0.34967654943466187, 0.9512381553649902, 0.9423941373825073
3.2401920100091957, -0.36000001430511475, -0.36000001430511475, -0.34967654943466187, 0.9512381553649902, 0.9423941373825073
3.2503048880025744, -0.36000001430511475, -0.36000001430511475, -0.34967654943466187, 0.9512381553649902, 0.8734975457191467
3.2601790869957767, -0.36000001430511475, -0.36000001430511475, -0.34967654943466187, 0.9512381553649902, 0.8734975457191467
3.270158246974461, -0.36000001430511475, -0.36000001430511475, -0.34967654943466187, 0.9512381553649902, 0.8734975457191467
3.2801919180201367, -0.36000001430511475, -0.36000001430511475, -0.34967654943466187, 0.9512381553649902, 0.8734975457191467
3.2902234899811447, -0.36000001430511475, -0.36000001430511475, -0.3523818254470825, 0.9391608834266663, 0.8734975457191467
3.3003166430280544, -0.36000001430511475, -0.36000001430511475, -0.3547021448612213, 0.9272703528404236, 0.8734975457191467
3.310307861014735, -0.36000001430511475, -0.36000001430511475, -0.3570549190044403, 0.9172399640083313, 0.8734975457191467
3.320600335020572, -0.36000001430511475, -0.36000001430511475, -0.3570549190044403, 0.9172399640083313, 0.8734975457191467
3.330535901011899, -0.36000001430511475, -0.36000001430511475, -0.3595578074455261, 0.905343234539032, 0.8734975457191467
3.3401148190023378, -0.36000001430511475, -0.36000001430511475, -0.3595578074455261, 0.905343234539032, 0.8734975457191467
3.350167321972549, -0.36000001430511475, -0.36000001430511475, -0.3595578074455261, 0.905343234539032, 0.8734975457191467
3.3601807599770837, -0.36000001430511475, -0.36000001430511475, -0.3630369007587433, 0.892977774143219, 0.8734975457191467
3.3709492509951815, -0.36000001430511475, -0.36000001430511475, -0.36543944478034973, 0.8825684785842896, 0.8734975457191467
3.3800978920189664, -0.36000001430511475, -0.36000001430511475, -0.36543944478034973, 0.8825684785842896, 0.8734975457191467
3.3901494040037505, -0.36000001430511475, -0.36000001430511475, -0.36543944478034973, 0.8825684785842896, 0.8734975457191467
3.40019958402263, -0.36000001430511475, -0.36000001430511475, -0.36543944478034973, 0.8825684785842896, 0.8734975457191467
3.410128598974552, -0.36000001430511475, -0.36000001430511475, -0.36543944478034973, 0.8825684785842896, 0.8734975457191467
3.4201809390215203, -0.36000001430511475, -0.36000001430511475, -0.36944639682769775, 0.8693718314170837, 0.8734975457191467
3.4301347120199353, -0.36000001430511475, -0.36000001430511475, -0.36944639682769775, 0.8693718314170837, 0.8734975457191467
3.4401514520286582, -0.36000001430511475, -0.36000001430511475, -0.3729132115840912, 0.8561217784881592, 0.8734975457191467
3.450214243028313, -0.36000001430511475, -0.36000001430511475, -0.3729132115840912, 0.8561217784881592, 0.8006904125213623
3.4601392520125955, -0.36000001430511475, -0.36000001430511475, -0.3729132115840912, 0.8561217784881592, 0.8006904125213623
3.4702612339751795, -0.36000001430511475, -0.36000001430511475, -0.3729132115840912, 0.8561217784881592, 0.8006904125213623
3.48041853599716, -0.36000001430511475, -0.36000001430511475, -0.3729132115840912, 0.8561217784881592, 0.8006904125213623
3.4902002349845134, -0.36000001430511475, -0.36000001430511475, -0.37525343894958496, 0.846432089805603, 0.8006904125213623
3.500203881005291, -0.36000001430511475, -0.36000001430511475, -0.37525343894958496, 0.846432089805603, 0.8006904125213623
3.5103429530281574, -0.36000001430511475, -0.36000001430511475, -0.37525343894958496, 0.846432089805603, 0.8006904125213623
3.5203615819918923, -0.36000001430511475, -0.36000001430511475, -0.37639811635017395, 0.8337934017181396, 0.8006904125213623
3.530380366020836, -0.36000001430511475, -0.36000001430511475, -0.37639811635017395, 0.8337934017181396, 0.8006904125213623
3.5401386939920485, -0.36000001430511475, -0.36000001430511475, -0.37639811635017395, 0.8337934017181396, 0.8006904125213623
3.550138943013735, -0.36000001430511475, -0.36000001430511475, -0.37664610147476196, 0.8211957812309265, 0.8006904125213623
3.5601766189793125, -0.36000001430511475, -0.36000001430511475, -0.37664610147476196, 0.8211957812309265, 0.8006904125213623
3.570177012006752, -0.36000001430511475, -0.36000001430511475, -0.37664610147476196, 0.8211957812309265, 0.8006904125213623
3.5801935010240413, -0.36000001430511475, -0.36000001430511475, -0.37504372000694275, 0.8106470704078674, 0.8006904125213623
3.5901945320074446, -0.36000001430511475, -0.36000001430511475, -0.37504372000694275, 0.8106470704078674, 0.8006904125213623
3.60018631600542, -0.36000001430511475, -0.36000001430511475, -0.37504372000694275, 0.8106470704078674, 0.8006904125213623
3.610221207025461, -0.36000001430511475, -0.36000001430511475, -0.37504372000694275, 0.8106470704078674, 0.8006904125213623
3.620125071029179, -0.36000001430511475, -0.36000001430511475, -0.3736625611782074, 0.7974041700363159, 0.8006904125213623
3.630325742007699, -0.36000001430511475, -0.36000001430511475, -0.3736625611782074, 0.7974041700363159, 0.8006904125213623
3.6402452089823782, -0.36000001430511475, -0.36000001430511475, -0.3736625611782074, 0.7974041700363159, 0.8006904125213623
3.6504054790129885, -0.36000001430511475, -0.36000001430511475, -0.37216755747795105, 0.7853091359138489, 0.7278516888618469
3.660157144011464, -0.36000001430511475, -0.36000001430511475, -0.37216755747795105, 0.7853091359138489, 0.7278516888618469
3.670065856014844, -0.36000001430511475, -0.36000001430511475, -0.37216755747795105, 0.7853091359138489, 0.7278516888618469
3.680202840012498, -0.36000001430511475, -0.36000001430511475, -0.3717723488807678, 0.7739098072052002, 0.7278516888618469
3.690144248015713, -0.36000001430511475, -0.36000001430511475, -0.3717723488807678, 0.7739098072052002, 0.7278516888618469
3.700102793984115, -0.36000001430511475, -0.36000001430511475, -0.3717723488807678, 0.7739098072052002, 0.7278516888618469
3.710240634973161, -0.36000001430511475, -0.36000001430511475, -0.3713039457798004, 0.761710524559021, 0.7278516888618469
3.7201803129864857, -0.36000001430511475, -0.36000001430511475, -0.3713039457798004, 0.761710524559021, 0.7278516888618469
3.7302658639964648, -0.36000001430511475, -0.36000001430511475, -0.3713039457798004, 0.761710524559021, 0.7278516888618469
3.7403001220081933, -0.36000001430511475, -0.36000001430511475, -0.3713039457798004, 0.761710524559021, 0.7278516888618469
3.750252867001109, -0.36000001430511475, -0.36000001430511475, -0.3713039457798004, 0.761710524559021, 0.7278516888618469
3.760117074009031, -0.36000001430511475, -0.36000001430511475, -0.3722396790981293, 0.7481950521469116, 0.7278516888618469
3.7702555709984154, -0.36000001430511475, -0.36000001430511475, -0.3722396790981293, 0.7481950521469116, 0.7278516888618469
3.7802086970186792, -0.36000001430511475, -0.36000001430511475, -0.37382450699806213, 0.7366625666618347, 0.7278516888618469
3.7902815000270493, -0.36000001430511475, -0.36000001430511475, -0.37382450699806213, 0.7366625666618347, 0.7278516888618469
3.8001800189958885, -0.36000001430511475, -0.36000001430511475, -0.37382450699806213, 0.7366625666618347, 0.7278516888618469
3.810297365009319, -0.36000001430511475, -0.36000001430511475, -0.37382450699806213, 0.7366625666618347, 0.7278516888618469
3.82030499499524, -0.36000001430511475, -0.36000001430511475, -0.3734471797943115, 0.7239410877227783, 0.7278516888618469
3.830263739975635, -0.36000001430511475, -0.36000001430511475, -0.3734471797943115, 0.7239410877227783, 0.7278516888618469
3.840468661976047, -0.36000001430511475, -0.36000001430511475, -0.3710313141345978, 0.7107017636299133, 0.6548429727554321
3.850161627982743, -0.36000001430511475, -0.36000001430511475, -0.3710313141345978, 0.7107017636299133, 0.6548429727554321
3.8601824900251813, -0.36000001430511475, -0.36000001430511475, -0.3710313141345978, 0.7107017636299133, 0.6548429727554321
3.870156152988784, -0.36000001430511475, -0.36000001430511475, -0.3710313141345978, 0.7107017636299133, 0.6548429727554321
3.880135410989169, -0.36000001430511475, -0.36000001430511475, -0.37033820152282715, 0.6999915838241577, 0.6548429727554321
3.890119282004889, -0.36000001430511475, -0.36000001430511475, -0.37033820152282715, 0.6999915838241577, 0.6548429727554321
3.900150648027193, -0.36000001430511475, -0.36000001430511475, -0.37033820152282715, 0.6999915838241577, 0.6548429727554321
3.9101722490158863, -0.36000001430511475, -0.36000001430511475, -0.3707195818424225, 0.6879839301109314, 0.6548429727554321
3.920175069011748, -0.36000001430511475, -0.36000001430511475, -0.3707195818424225, 0.6879839301109314, 0.6548429727554321
3.930446475977078, -0.36000001430511475, -0.36000001430511475, -0.3707195818424225, 0.6879839301109314, 0.6548429727554321
3.9402772369794548, -0.36000001430511475, -0.36000001430511475, -0.3707195818424225, 0.6879839301109314, 0.6548429727554321
3.9509556479752064, -0.36000001430511475, -0.36000001430511475, -0.3711676299571991, 0.6760135889053345, 0.6548429727554321
3.9603734060074203, -0.36000001430511475, -0.36000001430511475, -0.3711676299571991, 0.6760135889053345, 0.6548429727554321
3.970151575980708, -0.36000001430511475, -0.36000001430511475, -0.3711676299571991, 0.6760135889053345, 0.6548429727554321
3.980141095002182, -0.36000001430511475, -0.36000001430511475, -0.37172818183898926, 0.6657138466835022, 0.6548429727554321
3.990165243973024, -0.36000001430511475, -0.36000001430511475, -0.37172818183898926, 0.6657138466835022, 0.6548429727554321
4.000181609997526, -0.36000001430511475, -0.36000001430511475, -0.37172818183898926, 0.6657138466835022, 0.6548429727554321
4.010106063971762, 0.0, -0.36000001430511475, -0.37172818183898926, 0.6657138466835022, 0.6548429727554321
4.020159922016319, 0.0, 0.0, -0.37172818183898926, 0.6657138466835022, 0.6548429727554321
4.030231580021791, 0.0, 0.0, -0.37245336174964905, 0.653245747089386, 0.6548429727554321
4.040301587025169, 0.0, 0.0, -0.37245336174964905, 0.653245747089386, 0.5819063782691956
4.050195928022731, 0.0, 0.0, -0.37245336174964905, 0.653245747089386, 0.5819063782691956
4.060177671024576, 0.0, 0.0, -0.3728099763393402, 0.641085147857666, 0.5819063782691956
4.070164157019462, 0.0, 0.0, -0.3728099763393402, 0.641085147857666, 0.5819063782691956
4.080134121002629, 0.0, 0.0, -0.3745322823524475, 0.6284371614456177, 0.5819063782691956
4.09023105999222, 0.0, 0.0, -0.3745322823524475, 0.6284371614456177, 0.5819063782691956
4.100336254981812, 0.0, 0.0, -0.3745322823524475, 0.6284371614456177, 0.5819063782691956
4.110397537006065, 0.0, 0.0, -0.3745322823524475, 0.6284371614456177, 0.5819063782691956
4.120239446987398, 0.0, 0.0, -0.3773074448108673, 0.617367148399353, 0.5819063782691956
4.130299997981638, 0.0, 0.0, -0.3773074448108673, 0.617367148399353, 0.5819063782691956
4.140378700976726, 0.0, 0.0, -0.3773074448108673, 0.617367148399353, 0.5819063782691956
4.150288061995525, 0.0, 0.0, -0.3773074448108673, 0.617367148399353, 0.5819063782691956
4.160159361024853, 0.0, 0.0, -0.3773074448108673, 0.617367148399353, 0.5819063782691956
4.170181002002209, 0.0, 0.0, -0.3773074448108673, 0.617367148399353, 0.5819063782691956
4.180072524002753, 0.0, 0.0, -0.3789117932319641, 0.6044209599494934, 0.5819063782691956
4.1902900480199605, 0.0, 0.0, -0.37849709391593933, 0.5907605886459351, 0.5819063782691956
4.200218619022053, 0.0, 0.0, -0.37849709391593933, 0.5907605886459351, 0.5819063782691956
4.210376801027451, 0.0, 0.0, -0.37849709391593933, 0.5907605886459351, 0.5819063782691956
4.220200436015148, 0.0, 0.0, -0.3769482374191284, 0.5794674158096313, 0.5819063782691956
4.230322083982173, 0.0, 0.0, -0.3769482374191284, 0.5794674158096313, 0.5819063782691956
4.240164141985588, 0.0, 0.0, -0.3769482374191284, 0.5794674158096313, 0.5177628993988037
4.25020922801923, 0.0, 0.0, -0.374784380197525, 0.5664454698562622, 0.5177628993988037
4.260181377991103, 0.0, 0.0, -0.374784380197525, 0.5664454698562622, 0.5177628993988037
4.270302797027398, 0.0, 0.0, -0.374784380197525, 0.5664454698562622, 0.5177628993988037
4.280147374025546, 0.0, 0.0, -0.374784380197525, 0.5664454698562622, 0.5177628993988037
4.290182150027249, 0.0, 0.0, -0.374784380197525, 0.5664454698562622, 0.5177628993988037
4.300174702017102, 0.0, 0.0, -0.37369176745414734, 0.5530577301979065, 0.5177628993988037
4.310249671980273, 0.0, 0.0, -0.37369176745414734, 0.5530577301979065, 0.5177628993988037
4.320135360001586, 0.0, 0.0, -0.37369176745414734, 0.5530577301979065, 0.5177628993988037
4.33014789497247, 0.0, 0.0, -0.37369176745414734, 0.5530577301979065, 0.5177628993988037
4.340135313977953, 0.0, 0.0, -0.35869482159614563, 0.542908787727356, 0.5177628993988037
4.350202355009969, 0.0, 0.0, -0.2857276201248169, 0.5332694053649902, 0.5177628993988037
4.360176394984592, 0.0, 0.0, -0.2857276201248169, 0.5332694053649902, 0.5177628993988037
4.370279586000834, 0.0, 0.0, -0.2857276201248169, 0.5332694053649902, 0.5177628993988037
4.3802818700205535, 0.0, 0.0, -0.1961134672164917, 0.5252283215522766, 0.5177628993988037
4.390204071998596, 0.0, 0.0, -0.1961134672164917, 0.5252283215522766, 0.5177628993988037
4.40018101100577, 0.0, 0.0, -0.1961134672164917, 0.5252283215522766, 0.5177628993988037
4.4101750800036825, 0.0, 0.0, -0.1961134672164917, 0.5252283215522766, 0.5177628993988037
4.420294512994587, 0.0, 0.0, -0.1961134672164917, 0.5252283215522766, 0.5177628993988037
4.430189042992424, 0.0, 0.0, -0.13998278975486755, 0.5204634666442871, 0.5177628993988037
4.440124100015964, 0.0, 0.0, -0.13998278975486755, 0.5204634666442871, 0.5177628993988037
4.4503205139772035, 0.0, 0.0, -0.09560053050518036, 0.5161464214324951, 0.5065336227416992
4.460178743000142, 0.0, 0.0, -0.09560053050518036, 0.5161464214324951, 0.5065336227416992
4.47010755102383, 0.0, 0.0, -0.09560053050518036, 0.5161464214324951, 0.5065336227416992
4.480171066999901, 0.0, 0.0, -0.06863409280776978, 0.5130933523178101, 0.5065336227416992
4.490161844005343, 0.0, 0.0, -0.06863409280776978, 0.5130933523178101, 0.5065336227416992
4.500171763997059, 0.0, 0.0, -0.06863409280776978, 0.5130933523178101, 0.5065336227416992
4.510171326983254, 0.0, 0.0, -0.06863409280776978, 0.5130933523178101, 0.5065336227416992
4.52021612401586, 0.0, 0.0, -0.05262120068073273, 0.5112636089324951, 0.5065336227416992
4.530170710990205, 0.0, 0.0, -0.05262120068073273, 0.5112636089324951, 0.5065336227416992
4.540226862998679, 0.0, 0.0, -0.05262120068073273, 0.5112636089324951, 0.5065336227416992
4.5501611700165085, 0.0, 0.0, -0.03656462952494621, 0.5099092721939087, 0.5065336227416992
4.5602246500202455, 0.0, 0.0, -0.03656462952494621, 0.5099092721939087, 0.5065336227416992
4.570177972025704, 0.0, 0.0, -0.03656462952494621, 0.5099092721939087, 0.5065336227416992
4.580475875991397, 0.0, 0.0, -0.02398592419922352, 0.5089536905288696, 0.5065336227416992
4.590408443007618, 0.0, 0.0, -0.02398592419922352, 0.5089536905288696, 0.5065336227416992
4.6004448080202565, 0.0, 0.0, -0.02398592419922352, 0.5089536905288696, 0.5065336227416992
4.610158502007835, 0.0, 0.0, -0.016822772100567818, 0.5083615183830261, 0.5065336227416992
4.620491705019958, 0.0, 0.0, -0.016822772100567818, 0.5083615183830261, 0.5065336227416992
4.630164242000319, 0.0, 0.0, -0.016822772100567818, 0.5083615183830261, 0.5065336227416992
4.640330309979618, 0.0, 0.0, -0.016822772100567818, 0.5083615183830261, 0.5065336227416992
4.650163431011606, 0.0, 0.0, -0.016822772100567818, 0.5083615183830261, 0.5058732032775879
4.660151958989445, 0.0, 0.0, -0.013505838811397552, 0.5079516172409058, 0.5058732032775879
4.6704488130053505, 0.0, 0.0, -0.013505838811397552, 0.5079516172409058, 0.5058732032775879
4.680190631013829, 0.0, 0.0, -0.013505838811397552, 0.5079516172409058, 0.5058732032775879
4.690125602995977, 0.0, 0.0, -0.011285490356385708, 0.5075989365577698, 0.5058732032775879
4.7001108339754865, 0.0, 0.0, -0.011285490356385708, 0.5075989365577698, 0.5058732032775879
4.710164776013698, 0.0, 0.0, -0.011285490356385708, 0.5075989365577698, 0.5058732032775879
4.720198941999115, 0.0, 0.0, -0.01120646484196186, 0.5069990754127502, 0.5058732032775879
4.730423984001391, 0.0, 0.0, -0.01120646484196186, 0.5069990754127502, 0.5058732032775879
4.7404760789941065, 0.0, 0.0, -0.01120646484196186, 0.5069990754127502, 0.5058732032775879
4.750182260002475, 0.0, 0.0, -0.011651773937046528, 0.506516695022583, 0.5058732032775879
4.760514298977796, 0.0, 0.0, -0.011651773937046528, 0.506516695022583, 0.5058732032775879
4.77032871497795, 0.0, 0.0, -0.011651773937046528, 0.506516695022583, 0.5058732032775879
4.780657740018796, 0.0, 0.0, -0.011651773937046528, 0.506516695022583, 0.5058732032775879
4.790550177975092, 0.0, 0.0, -0.013019237667322159, 0.5058139562606812, 0.5058732032775879
4.800376817991491, 0.0, 0.0, -0.013019237667322159, 0.5058139562606812, 0.5058732032775879
4.810265658015851, 0.0, 0.0, -0.013019237667322159, 0.5058139562606812, 0.5058732032775879
4.820295215991791, 0.0, 0.0, -0.014333432540297508, 0.5056859850883484, 0.5058732032775879
4.830162186990492, 0.0, 0.0, -0.014333432540297508, 0.5056859850883484, 0.5058732032775879
4.840242763981223, 0.0, 0.0, -0.014333432540297508, 0.5056859850883484, 0.5058732032775879
4.850126857985742, 0.0, 0.0, -0.014333432540297508, 0.5056859850883484, 0.5041497945785522
4.860305915994104, 0.0, 0.0, -0.014440850354731083, 0.5053197741508484, 0.5041497945785522
4.870112548000179, 0.0, 0.0, -0.014440850354731083, 0.5053197741508484, 0.5041497945785522
4.88013728702208, 0.0, 0.0, -0.016473200172185898, 0.5039145350456238, 0.5041497945785522
4.890330731985159, 0.0, 0.0, -0.016473200172185898, 0.5039145350456238, 0.5041497945785522
4.900137520977296, 0.0, 0.0, -0.016473200172185898, 0.5039145350456238, 0.5041497945785522
4.910178883001208, 0.0, 0.0, -0.01781272329390049, 0.5030565857887268, 0.5041497945785522
4.920228082977701, 0.0, 0.0, -0.01781272329390049, 0.5030565857887268, 0.5041497945785522
4.930120418022852, 0.0, 0.0, -0.01781272329390049, 0.5030565857887268, 0.5041497945785522
4.940137905010488, 0.0, 0.0, -0.01781272329390049, 0.5030565857887268, 0.5041497945785522
4.9503314010216855, 0.0, 0.0, -0.01781272329390049, 0.5030565857887268, 0.5041497945785522
4.960108170984313, 0.0, 0.0, -0.017289793118834496, 0.502485454082489, 0.5041497945785522
4.970122715982143, 0.0, 0.0, -0.017289793118834496, 0.502485454082489, 0.5041497945785522
4.980153831013013, 0.0, 0.0, -0.017289793118834496, 0.502485454082489, 0.5041497945785522
4.990144207025878, 0.0, 0.0, -0.016449589282274246, 0.501756489276886, 0.5041497945785522
5.000259811000433, 0.0, 0.0, -0.016449589282274246, 0.501756489276886, 0.5041497945785522
5.010152634000406, 0.0, 0.0, -0.016619769856333733, 0.5009512305259705, 0.5041497945785522
5.020180336025078, 0.0, 0.0, -0.016619769856333733, 0.5009512305259705, 0.5041497945785522
5.030342927027959, 0.0, 0.0, -0.016619769856333733, 0.5009512305259705, 0.5041497945785522
5.04026227601571, 0.0, 0.0, -0.016619769856333733, 0.5009512305259705, 0.5041497945785522
5.050161366001703, 0.0, 0.0, -0.016323110088706017, 0.49984216690063477, 0.5016613602638245
5.060162689012941, 0.0, 0.0, -0.016323110088706017, 0.49984216690063477, 0.5016613602638245
5.070189082005527, 0.0, 0.0, -0.016323110088706017, 0.49984216690063477, 0.5016613602638245
5.080098495003767, 0.0, 0.0, -0.016323110088706017, 0.49984216690063477, 0.5016613602638245
5.09014774300158, 0.0, 0.0, -0.013594353571534157, 0.49921080470085144, 0.5016613602638245
5.100111199019011, 0.0, 0.0, -0.013594353571534157, 0.49921080470085144, 0.5016613602638245
5.1101500520017, 0.0, 0.0, -0.013594353571534157, 0.49921080470085144, 0.5016613602638245
5.120192146976478, 0.0, 0.0, -0.008851520717144012, 0.49900293350219727, 0.5016613602638245
5.130207445006818, 0.0, 0.0, -0.008851520717144012, 0.49900293350219727, 0.5016613602638245
5.140165480028372, 0.0, 0.0, -0.008851520717144012, 0.49900293350219727, 0.5016613602638245
5.150132020993624, 0.0, 0.0, -0.008851520717144012, 0.49900293350219727, 0.5016613602638245
5.1601280749891885, 0.0, 0.0, -0.006399362348020077, 0.49887388944625854, 0.5016613602638245
5.170265708002262, 0.0, 0.0, -0.006399362348020077, 0.49887388944625854, 0.5016613602638245
5.180134479014669, 0.0, 0.0, -0.003943643532693386, 0.49883732199668884, 0.5016613602638245
5.190221770026255, 0.0, 0.0, -0.003943643532693386, 0.49883732199668884, 0.5016613602638245
5.2001671949983574, 0.0, 0.0, -0.003943643532693386, 0.49883732199668884, 0.5016613602638245
5.210165455006063, 0.0, 0.0, -0.003943643532693386, 0.49883732199668884, 0.5016613602638245
5.220335748977959, 0.0, 0.0, -0.003943643532693386, 0.49883732199668884, 0.5016613602638245
5.230407695984468, 0.0, 0.0, -0.003943643532693386, 0.49883732199668884, 0.5016613602638245
5.240166284027509, 0.0, 0.0, -0.0016914382576942444, 0.49815186858177185, 0.5016613602638245
5.250300616025925, 0.0, 0.0, -0.0016914382576942444, 0.49815186858177185, 0.5022258758544922
5.260259537026286, 0.0, 0.0, -0.0016914382576942444, 0.49815186858177185, 0.5022258758544922
5.27021537598921, 0.0, 0.0, -0.0016914382576942444, 0.49815186858177185, 0.5022258758544922
5.280450424004812, 0.0, 0.0, -0.0016914382576942444, 0.49815186858177185, 0.5022258758544922
5.290163322002627, 0.0, 0.0, -0.0016914382576942444, 0.49815186858177185, 0.5022258758544922
5.300206471001729, 0.0, 0.0, -0.0003120244655292481, 0.49803486466407776, 0.5022258758544922
5.3102926519932225, 0.0, 0.0, -0.000120790813525673, 0.4976567327976227, 0.5022258758544922
5.320165988989174, 0.0, 0.0, -0.000120790813525673, 0.4976567327976227, 0.5022258758544922
5.33021230797749, 0.0, 0.0, -0.000120790813525673, 0.4976567327976227, 0.5022258758544922
5.340191715979017, 0.0, 0.0, 0.0006342348060570657, 0.4976665675640106, 0.5022258758544922
5.350201003020629, 0.0, 0.0, 0.0006342348060570657, 0.4976665675640106, 0.5022258758544922
5.360178602975793, 0.0, 0.0, 0.0018192097777500749, 0.49774542450904846, 0.5022258758544922
5.37018533598166, 0.0, 0.0, 0.0018192097777500749, 0.49774542450904846, 0.5022258758544922
5.380129093013238, 0.0, 0.0, 0.0018192097777500749, 0.49774542450904846, 0.5022258758544922
5.390140720992349, 0.0, 0.0, 0.002812030026689172, 0.49777090549468994, 0.5022258758544922
5.40022621199023, 0.0, 0.0, 0.002812030026689172, 0.49777090549468994, 0.5022258758544922
5.410161499981768, 0.0, 0.0, 0.002812030026689172, 0.49777090549468994, 0.5022258758544922
5.420160766982008, 0.0, 0.0, 0.003066413337364793, 0.4980185627937317, 0.5022258758544922
5.430088897992391, 0.0, 0.0, 0.003066413337364793, 0.4980185627937317, 0.5022258758544922
5.440162595012225, 0.0, 0.0, 0.003066413337364793, 0.4980185627937317, 0.5012915134429932
5.450132691010367, 0.0, 0.0, 0.003066413337364793, 0.4980185627937317, 0.5012915134429932
5.460087047016714, 0.0, 0.0, 0.0005960554117336869, 0.49744686484336853, 0.5012915134429932
5.470130159985274, 0.0, 0.0, 0.0005960554117336869, 0.49744686484336853, 0.5012915134429932
5.480288406019099, 0.0, 0.0, 0.0005960554117336869, 0.49744686484336853, 0.5012915134429932
5.49029522202909, 0.0, 0.0, 0.0005960554117336869, 0.49744686484336853, 0.5012915134429932
5.5001659850240685, 0.0, 0.0, 0.0005960554117336869, 0.49744686484336853, 0.5012915134429932
5.510412090981845, 0.0, 0.0, 0.0005960554117336869, 0.49744686484336853, 0.5012915134429932
5.520173607976176, 0.0, 0.0, 0.0005960554117336869, 0.49744686484336853, 0.5012915134429932
5.530090534011833, 0.0, 0.0, 0.0005960554117336869, 0.49744686484336853, 0.5012915134429932
5.540099505975377, 0.0, 0.0, -0.003623231314122677, 0.49660930037498474, 0.5012915134429932
5.550200765021145, 0.0, 0.0, -0.003623231314122677, 0.49660930037498474, 0.5012915134429932
5.560123613977339, 0.0, 0.0, -0.003623231314122677, 0.49660930037498474, 0.5012915134429932
5.570218186010607, 0.0, 0.0, -0.006022672634571791, 0.4963684678077698, 0.5012915134429932
5.58013179799309, 0.0, 0.0, -0.006022672634571791, 0.4963684678077698, 0.5012915134429932
5.590113773010671, 0.0, 0.0, -0.006672136019915342, 0.4964054822921753, 0.5012915134429932
5.600200800981838, 0.0, 0.0, -0.005891662556678057, 0.49654287099838257, 0.5012915134429932
5.610270577017218, 0.0, 0.0, -0.005891662556678057, 0.49654287099838257, 0.5012915134429932
5.620163491985295, 0.0, 0.0, -0.005891662556678057, 0.49654287099838257, 0.5012915134429932
5.630167381023057, 0.0, 0.0, -0.0053393784910440445, 0.49617430567741394, 0.5012915134429932
5.640138245013077, 0.0, 0.0, -0.0053393784910440445, 0.49617430567741394, 0.5012915134429932
5.650148430024274, 0.0, 0.0, -0.0053393784910440445, 0.49617430567741394, 0.4997631907463074
5.660164962988347, 0.0, 0.0, -0.005500266794115305, 0.49547433853149414, 0.4997631907463074
5.670135161024518, 0.0, 0.0, -0.005500266794115305, 0.49547433853149414, 0.4997631907463074
5.6803402050281875, 0.0, 0.0, -0.005500266794115305, 0.49547433853149414, 0.4997631907463074
5.690129754017107, 0.0, 0.0, -0.0061081042513251305, 0.4952975809574127, 0.4997631907463074
5.700232053990476, 0.0, 0.0, -0.0061081042513251305, 0.4952975809574127, 0.4997631907463074
5.710181856004056, 0.0, 0.0, -0.0061081042513251305, 0.4952975809574127, 0.4997631907463074
5.720149187021889, 0.0, 0.0, -0.0061081042513251305, 0.4952975809574127, 0.4997631907463074
5.730171572999097, 0.0, 0.0, -0.0061081042513251305, 0.4952975809574127, 0.4997631907463074
5.740351730026305, 0.0, 0.0, -0.0061081042513251305, 0.4952975809574127, 0.4997631907463074
5.750251688004937, 0.0, 0.0, -0.007419757079333067, 0.49470648169517517, 0.4997631907463074
5.760205873986706, 0.0, 0.0, -0.007419757079333067, 0.49470648169517517, 0.4997631907463074
5.770168791990727, 0.0, 0.0, -0.007419757079333067, 0.49470648169517517, 0.4997631907463074
5.780410795996431, 0.0, 0.0, -0.007007917854934931, 0.494119793176651, 0.4997631907463074
5.790216740977485, 0.0, 0.0, -0.007007917854934931, 0.494119793176651, 0.4997631907463074
5.80009274702752, 0.0, 0.0, -0.007007917854934931, 0.494119793176651, 0.4997631907463074
5.810296725016087, 0.0, 0.0, -0.007007917854934931, 0.494119793176651, 0.4997631907463074
5.820371917972807, 0.0, 0.0, -0.006311880890280008, 0.49416497349739075, 0.4997631907463074
5.8302458919934, 0.0, 0.0, -0.006311880890280008, 0.49416497349739075, 0.4997631907463074
5.8401599720236845, 0.0, 0.0, -0.006311880890280008, 0.49416497349739075, 0.49788591265678406
5.850165722018573, 0.0, 0.0, -0.0041381302289664745, 0.4932210147380829, 0.49788591265678406
5.860091052018106, 0.0, 0.0, -0.0041381302289664745, 0.4932210147380829, 0.49788591265678406
5.8701371640199795, 0.0, 0.0, -0.0041381302289664745, 0.4932210147380829, 0.49788591265678406
5.880143132992089, 0.0, 0.0, -0.0041381302289664745, 0.4932210147380829, 0.49788591265678406
5.890175984997768, 0.0, 0.0, -0.004469698294997215, 0.492981880903244, 0.49788591265678406
5.900225459015928, 0.0, 0.0, -0.004469698294997215, 0.492981880903244, 0.49788591265678406
5.910105996008497, 0.0, 0.0, -0.005448958370834589, 0.49238428473472595, 0.49788591265678406
5.920131621998735, 0.0, 0.0, -0.005448958370834589, 0.49238428473472595, 0.49788591265678406
5.930325140012428, 0.0, 0.0, -0.005448958370834589, 0.49238428473472595, 0.49788591265678406
5.940179879020434, 0.0, 0.0, -0.006657496560364962, 0.4923328757286072, 0.49788591265678406
5.95018835098017, 0.0, 0.0, -0.006657496560364962, 0.4923328757286072, 0.49788591265678406
5.960178911976982, 0.0, 0.0, -0.006657496560364962, 0.4923328757286072, 0.49788591265678406
5.970301162975375, 0.0, 0.0, -0.006657496560364962, 0.4923328757286072, 0.49788591265678406
5.980172178999055, 0.0, 0.0, -0.006657496560364962, 0.4923328757286072, 0.49788591265678406
5.990151579026133, 0.0, 0.0, -0.007960052229464054, 0.4916716516017914, 0.49788591265678406
6.000223022012506, 0.0, 0.0, -0.007960052229464054, 0.4916716516017914, 0.49788591265678406
6.010376975988038, 0.0, 0.0, -0.007960052229464054, 0.4916716516017914, 0.49788591265678406
6.020223671977874, 0.0, 0.0, -0.0069808210246264935, 0.4914226830005646, 0.49788591265678406
6.030186640971806, 0.0, 0.0, -0.0069808210246264935, 0.4914226830005646, 0.49788591265678406
6.0401562780025415, 0.0, 0.0, -0.0069808210246264935, 0.4914226830005646, 0.49788591265678406
6.050283141026739, 0.0, 0.0, -0.0050462097860872746, 0.49119123816490173, 0.4965822696685791
6.060243198007811, 0.0, 0.0, -0.0050462097860872746, 0.49119123816490173, 0.4965822696685791
6.070418998016976, 0.0, 0.0, -0.0050462097860872746, 0.49119123816490173, 0.4965822696685791
6.080136916018091, 0.0, 0.0, -0.0050462097860872746, 0.49119123816490173, 0.4965822696685791
6.090190490009263, 0.0, 0.0, -0.0050462097860872746, 0.49119123816490173, 0.4965822696685791
6.1002870430238545, 0.0, 0.0, -0.0033434901852160692, 0.49083882570266724, 0.4965822696685791
6.110326183028519, 0.0, 0.0, -0.0033434901852160692, 0.49083882570266724, 0.4965822696685791
6.120183065999299, 0.0, 0.0, -0.0033434901852160692, 0.49083882570266724, 0.4965822696685791
6.130782950029243, 0.0, 0.0, -0.0017417025519534945, 0.4906429052352905, 0.4965822696685791
6.1404528630082496, 0.0, 0.0, -0.0017417025519534945, 0.4906429052352905, 0.4965822696685791
6.150094625016209, 0.0, 0.0, -0.0017417025519534945, 0.4906429052352905, 0.4965822696685791
6.160231265996117, 0.0, 0.0, -0.0017417025519534945, 0.4906429052352905, 0.4965822696685791
6.170416946988553, 0.0, 0.0, -0.0017417025519534945, 0.4906429052352905, 0.4965822696685791
6.180217003973667, 0.0, 0.0, -0.0008478633244521916, 0.4905954599380493, 0.4965822696685791
6.190228900988586, 0.0, 0.0, -0.0008478633244521916, 0.4905954599380493, 0.4965822696685791
6.2001873690169305, 0.0, 0.0, -0.0008478633244521916, 0.4905954599380493, 0.4965822696685791
6.2102525170193985, 0.0, 0.0, -0.0015881448052823544, 0.48999232053756714, 0.4965822696685791
6.220285698014777, 0.0, 0.0, -0.0015881448052823544, 0.48999232053756714, 0.4965822696685791
6.230172444018535, 0.0, 0.0, -0.0015881448052823544, 0.48999232053756714, 0.4965822696685791
6.240174405975267, 0.0, 0.0, -0.0015881448052823544, 0.48999232053756714, 0.493998259305954
6.250089280016255, 0.0, 0.0, -0.0038708753418177366, 0.48938748240470886, 0.493998259305954
6.260128766996786, 0.0, 0.0, -0.0038708753418177366, 0.48938748240470886, 0.493998259305954
6.270189081027638, 0.0, 0.0, -0.0038708753418177366, 0.48938748240470886, 0.493998259305954
6.28018575697206, 0.0, 0.0, -0.004863062873482704, 0.4895434081554413, 0.493998259305954
6.2903238700237125, 0.0, 0.0, -0.004863062873482704, 0.4895434081554413, 0.493998259305954
6.300186840002425, 0.0, 0.0, -0.004863062873482704, 0.4895434081554413, 0.493998259305954
6.3102142220013775, 0.0, 0.0, -0.004863062873482704, 0.4895434081554413, 0.493998259305954
6.320340276986826, 0.0, 0.0, -0.004979844205081463, 0.48944762349128723, 0.493998259305954
6.33018168102717, 0.0, 0.0, -0.004979844205081463, 0.48944762349128723, 0.493998259305954
6.34022387501318, 0.0, 0.0, -0.005129964556545019, 0.48853975534439087, 0.493998259305954
6.350143047980964, 0.0, 0.0, -0.0048813181929290295, 0.4881870746612549, 0.493998259305954
6.36049146897858, 0.0, 0.0, -0.0048813181929290295, 0.4881870746612549, 0.493998259305954
6.3704237270285375, 0.0, 0.0, -0.0048813181929290295, 0.4881870746612549, 0.493998259305954
6.380155613005627, 0.0, 0.0, -0.0048813181929290295, 0.4881870746612549, 0.493998259305954
6.390453842992429, 0.0, 0.0, -0.0048813181929290295, 0.4881870746612549, 0.493998259305954
6.400205892976373, 0.0, 0.0, -0.0048813181929290295, 0.4881870746612549, 0.493998259305954
6.410310921026394, 0.0, 0.0, -0.00422099232673645, 0.4878082871437073, 0.493998259305954
6.420177406980656, 0.0, 0.0, -0.00422099232673645, 0.4878082871437073, 0.493998259305954
6.430157408991363, 0.0, 0.0, -0.00422099232673645, 0.4878082871437073, 0.493998259305954
6.440129587019328, 0.0, 0.0, -0.00422099232673645, 0.4878082871437073, 0.4946215748786926
6.450272369023878, 0.0, 0.0, -0.00422099232673645, 0.4878082871437073, 0.4946215748786926
6.460189676028676, 0.0, 0.0, -0.0029080358799546957, 0.48753345012664795, 0.4946215748786926
6.470156082010362, 0.0, 0.0, -0.0029080358799546957, 0.48753345012664795, 0.4946215748786926
6.480235182971228, 0.0, 0.0, -0.0029080358799546957, 0.48753345012664795, 0.4946215748786926
6.490285551000852, 0.0, 0.0, -0.0029080358799546957, 0.48753345012664795, 0.4946215748786926
6.500170457991771, 0.0, 0.0, -0.0005788877024315298, 0.4878140091896057, 0.4946215748786926
6.510258253023494, 0.0, 0.0, -0.0005788877024315298, 0.4878140091896057, 0.4946215748786926
6.520191803982016, 0.0, 0.0, 0.0011618791613727808, 0.48777255415916443, 0.4946215748786926
6.530304774001706, 0.0, 0.0, 0.0011618791613727808, 0.48777255415916443, 0.4946215748786926
6.540358109981753, 0.0, 0.0, 0.0025377641431987286, 0.4881024956703186, 0.4946215748786926
6.550161010003649, 0.0, 0.0, 0.002374230418354273, 0.4880015552043915, 0.4946215748786926
6.560177045990713, 0.0, 0.0, 0.002374230418354273, 0.4880015552043915, 0.4946215748786926
6.570146603975445, 0.0, 0.0, 0.002374230418354273, 0.4880015552043915, 0.4946215748786926
6.58014734898461, 0.0, 0.0, 0.002374230418354273, 0.4880015552043915, 0.4946215748786926
6.590188402973581, 0.0, 0.0, 0.003948147874325514, 0.4875587821006775, 0.4946215748786926
6.60011088202009, 0.0, 0.0, 0.003948147874325514, 0.4875587821006775, 0.4946215748786926
6.610291875025723, 0.0, 0.0, 0.003948147874325514, 0.4875587821006775, 0.4946215748786926
6.620080480992328, 0.0, 0.0, 0.003948147874325514, 0.4875587821006775, 0.4946215748786926
6.630084578995593, 0.0, 0.0, 0.0059022437781095505, 0.48728683590888977, 0.4946215748786926
6.640171465987805, 0.0, 0.0, 0.0059022437781095505, 0.48728683590888977, 0.4963406026363373
6.650449440989178, 0.0, 0.0, 0.0059022437781095505, 0.48728683590888977, 0.4963406026363373
6.660197383025661, 0.0, 0.0, 0.0059022437781095505, 0.48728683590888977, 0.4963406026363373
6.670202779991087, 0.0, 0.0, 0.0059022437781095505, 0.48728683590888977, 0.4963406026363373
6.6804982160101645, 0.0, 0.0, 0.0059022437781095505, 0.48728683590888977, 0.4963406026363373
6.690157929027919, 0.0, 0.0, 0.007526213303208351, 0.48707082867622375, 0.4963406026363373
6.700390634010546, 0.0, 0.0, 0.007526213303208351, 0.48707082867622375, 0.4963406026363373
6.710443205025513, 0.0, 0.0, 0.007526213303208351, 0.48707082867622375, 0.4963406026363373
6.720224977005273, 0.0, 0.0, 0.007526213303208351, 0.48707082867622375, 0.4963406026363373
6.730281418014783, 0.0, 0.0, 0.00992247648537159, 0.4882444441318512, 0.4963406026363373
6.740280945028644, 0.0, 0.0, 0.009398377500474453, 0.4886647164821625, 0.4963406026363373
6.7504717070260085, 0.0, 0.0, 0.007514180149883032, 0.4884026050567627, 0.4963406026363373
6.76079645298887, 0.0, 0.0, 0.007514180149883032, 0.4884026050567627, 0.4963406026363373
6.770178453007247, 0.0, 0.0, 0.007514180149883032, 0.4884026050567627, 0.4963406026363373
6.780484253016766, 0.0, 0.0, 0.007514180149883032, 0.4884026050567627, 0.4963406026363373
6.790146004001144, 0.0, 0.0, 0.007514180149883032, 0.4884026050567627, 0.4963406026363373
6.800508740998339, 0.0, 0.0, 0.0050056008622050285, 0.4882282018661499, 0.4963406026363373
6.810189249983523, 0.0, 0.0, 0.0050056008622050285, 0.4882282018661499, 0.4963406026363373
6.820195543987211, 0.0, 0.0, 0.004571086261421442, 0.4883090853691101, 0.4963406026363373
6.830116103985347, 0.0, 0.0, 0.004571086261421442, 0.4883090853691101, 0.4963406026363373
6.840519698977005, 0.0, 0.0, 0.004571086261421442, 0.4883090853691101, 0.49621617794036865
6.850153040024452, 0.0, 0.0, 0.0025964025408029556, 0.48769575357437134, 0.49621617794036865
6.860201377014164, 0.0, 0.0, 0.0025964025408029556, 0.48769575357437134, 0.49621617794036865
6.87038900598418, 0.0, 0.0, 0.0025964025408029556, 0.48769575357437134, 0.49621617794036865
6.880200514977332, 0.0, 0.0, 0.0025964025408029556, 0.48769575357437134, 0.49621617794036865
6.890194903011434, 0.0, 0.0, 0.0025964025408029556, 0.48769575357437134, 0.49621617794036865
6.900298814987764, 0.0, 0.0, 0.0025964025408029556, 0.48769575357437134, 0.49621617794036865
6.9102880010032095, 0.0, 0.0, 0.002458408009260893, 0.4878462851047516, 0.49621617794036865
6.920354440982919, 0.0, 0.0, 0.002458408009260893, 0.4878462851047516, 0.49621617794036865
6.93028842197964, 0.0, 0.0, 0.002458408009260893, 0.4878462851047516, 0.49621617794036865
6.940168988017831, 0.0, 0.0, 0.002458408009260893, 0.4878462851047516, 0.49621617794036865
6.950198612001259, 0.0, 0.0, 0.002458408009260893, 0.4878462851047516, 0.49621617794036865
6.960150879982393, 0.0, 0.0, 0.003489442402496934, 0.48811352252960205, 0.49621617794036865
6.9706555170123465, 0.0, 0.0, 0.003489442402496934, 0.48811352252960205, 0.49621617794036865
6.980434195022099, 0.0, 0.0, 0.003489442402496934, 0.48811352252960205, 0.49621617794036865
6.990146181022283, 0.0, 0.0, 0.0021323831751942635, 0.48768624663352966, 0.49621617794036865
7.000123617995996, 0.0, 0.0, 0.0021323831751942635, 0.48768624663352966, 0.49621617794036865
