time, reference_vz, command_gaz, speed_z, altitude, altitude_above_to
0.0, 0.0, 0.0, 0.0, 0.0, 0.0
0.010136776021681726, 0.36000001430511475, 0.36000001430511475, -0.0, 0.533782958984375, 0.5597630739212036
0.020368144032545388, 0.36000001430511475, 0.36000001430511475, -0.0, 0.5329742431640625, 0.5597630739212036
0.03020018502138555, 0.36000001430511475, 0.36000001430511475, -0.0, 0.5329742431640625, 0.5597630739212036
0.04023576295003295, 0.36000001430511475, 0.36000001430511475, -0.0, 0.5329742431640625, 0.5597630739212036
0.05026507703587413, 0.36000001430511475, 0.36000001430511475, -0.0, 0.5323486328125, 0.5597630739212036
0.060137960012070835, 0.36000001430511475, 0.36000001430511475, -0.0, 0.5323486328125, 0.5597630739212036
0.07039560901466757, 0.36000001430511475, 0.36000001430511475, -0.0, 0.5323486328125, 0.5597630739212036
0.08018211298622191, 0.36000001430511475, 0.36000001430511475, -0.0, 0.5323486328125, 0.5597630739212036
0.09031665197107941, 0.36000001430511475, 0.36000001430511475, 0.00390625, 0.532135009765625, 0.5597630739212036
0.10020456300117075, 0.36000001430511475, 0.36000001430511475, 0.00390625, 0.532135009765625, 0.5597630739212036
0.11015722097363323, 0.36000001430511475, 0.36000001430511475, 0.00390625, 0.532135009765625, 0.5597630739212036
0.12015241803601384, 0.36000001430511475, 0.36000001430511475, 0.00390625, 0.5317840576171875, 0.5597630739212036
0.13020104903262109, 0.36000001430511475, 0.36000001430511475, 0.00390625, 0.5317840576171875, 0.5594647526741028
0.14016606693621725, 0.36000001430511475, 0.36000001430511475, 0.00390625, 0.5317840576171875, 0.5594647526741028
0.15018670202698559, 0.36000001430511475, 0.36000001430511475, 0.03125, 0.53076171875, 0.5594647526741028
0.16033426800277084, 0.36000001430511475, 0.36000001430511475, 0.03125, 0.53076171875, 0.5594647526741028
0.17025080404710025, 0.36000001430511475, 0.36000001430511475, 0.03125, 0.53076171875, 0.5594647526741028
0.180191271007061, 0.36000001430511475, 0.36000001430511475, 0.03125, 0.53076171875, 0.5594647526741028
0.19061468204017729, 0.36000001430511475, 0.36000001430511475, 0.03125, 0.53076171875, 0.5594647526741028
0.20017890399321914, 0.36000001430511475, 0.36000001430511475, 0.16015625, 0.53515625, 0.5594647526741028
0.21009912493173033, 0.36000001430511475, 0.36000001430511475, 0.16015625, 0.53515625, 0.5594647526741028
0.22046948596835136, 0.36000001430511475, 0.36000001430511475, 0.24609375, 0.543548583984375, 0.5594647526741028
0.23020536394324154, 0.36000001430511475, 0.36000001430511475, 0.24609375, 0.543548583984375, 0.5594647526741028
0.24020371597725898, 0.36000001430511475, 0.36000001430511475, 0.24609375, 0.543548583984375, 0.5594647526741028
0.2503741249674931, 0.36000001430511475, 0.36000001430511475, 0.2890625, 0.5514373779296875, 0.5594647526741028
0.26028571103233844, 0.36000001430511475, 0.36000001430511475, 0.2890625, 0.5514373779296875, 0.5594647526741028
0.27053260104730725, 0.36000001430511475, 0.36000001430511475, 0.2890625, 0.5514373779296875, 0.5594647526741028
0.28028664097655565, 0.36000001430511475, 0.36000001430511475, 0.2890625, 0.5514373779296875, 0.5594647526741028
0.2905099280178547, 0.36000001430511475, 0.36000001430511475, 0.3125, 0.5610504150390625, 0.5594647526741028
0.30022714601363987, 0.36000001430511475, 0.36000001430511475, 0.3125, 0.5610504150390625, 0.5594647526741028
0.31097026797942817, 0.36000001430511475, 0.36000001430511475, 0.3125, 0.5610504150390625, 0.5594647526741028
0.32020494097378105, 0.36000001430511475, 0.36000001430511475, 0.3125, 0.5610504150390625, 0.5594647526741028
0.3305109159555286, 0.36000001430511475, 0.36000001430511475, 0.328125, 0.5706634521484375, 0.6131227016448975
0.3401705529540777, 0.36000001430511475, 0.36000001430511475, 0.328125, 0.5706634521484375, 0.6131227016448975
0.3501997359562665, 0.36000001430511475, 0.36000001430511475, 0.3359375, 0.579498291015625, 0.6131227016448975
0.36053279403131455, 0.36000001430511475, 0.36000001430511475, 0.3359375, 0.579498291015625, 0.6131227016448975
0.3702938549686223, 0.36000001430511475, 0.36000001430511475, 0.3359375, 0.579498291015625, 0.6131227016448975
0.3801308099646121, 0.36000001430511475, 0.36000001430511475, 0.3359375, 0.579498291015625, 0.6131227016448975
0.3903885040199384, 0.36000001430511475, 0.36000001430511475, 0.34375, 0.5910186767578125, 0.6131227016448975
0.4001272360328585, 0.36000001430511475, 0.36000001430511475, 0.34375, 0.5910186767578125, 0.6131227016448975
0.41016779094934464, 0.36000001430511475, 0.36000001430511475, 0.34375, 0.5910186767578125, 0.6131227016448975
0.42025957198347896, 0.36000001430511475, 0.36000001430511475, 0.34375, 0.6012115478515625, 0.6131227016448975
0.4303935299394652, 0.36000001430511475, 0.36000001430511475, 0.34375, 0.6012115478515625, 0.6131227016448975
0.4401979900430888, 0.36000001430511475, 0.36000001430511475, 0.34375, 0.6012115478515625, 0.6131227016448975
0.45014649094082415, 0.36000001430511475, 0.36000001430511475, 0.34375, 0.6012115478515625, 0.6131227016448975
0.4602550739655271, 0.36000001430511475, 0.36000001430511475, 0.34765625, 0.613800048828125, 0.6131227016448975
0.47021154104731977, 0.36000001430511475, 0.36000001430511475, 0.34765625, 0.613800048828125, 0.6131227016448975
0.48015648301225156, 0.36000001430511475, 0.36000001430511475, 0.34765625, 0.613800048828125, 0.6131227016448975
0.4903641869314015, 0.36000001430511475, 0.36000001430511475, 0.34765625, 0.613800048828125, 0.6131227016448975
0.5003086619544774, 0.36000001430511475, 0.36000001430511475, 0.3515625, 0.625091552734375, 0.6131227016448975
0.5105335849802941, 0.36000001430511475, 0.36000001430511475, 0.3515625, 0.625091552734375, 0.6131227016448975
0.5204022609395906, 0.36000001430511475, 0.36000001430511475, 0.3515625, 0.635467529296875, 0.6813806295394897
0.5302183090243489, 0.36000001430511475, 0.36000001430511475, 0.3515625, 0.635467529296875, 0.6813806295394897
0.5401745759882033, 0.36000001430511475, 0.36000001430511475, 0.3515625, 0.635467529296875, 0.6813806295394897
0.5502375640207902, 0.36000001430511475, 0.36000001430511475, 0.35546875, 0.6458282470703125, 0.6813806295394897
0.5601793399546295, 0.36000001430511475, 0.36000001430511475, 0.35546875, 0.6458282470703125, 0.6813806295394897
0.570273609017022, 0.36000001430511475, 0.36000001430511475, 0.35546875, 0.6458282470703125, 0.6813806295394897
0.5802765029948205, 0.36000001430511475, 0.36000001430511475, 0.35546875, 0.6458282470703125, 0.6813806295394897
0.5903004759456962, 0.36000001430511475, 0.36000001430511475, 0.35546875, 0.6458282470703125, 0.6813806295394897
0.6005309820175171, 0.36000001430511475, 0.36000001430511475, 0.359375, 0.6601409912109375, 0.6813806295394897
0.6101991219911724, 0.36000001430511475, 0.36000001430511475, 0.359375, 0.6601409912109375, 0.6813806295394897
0.6202656369423494, 0.36000001430511475, 0.36000001430511475, 0.359375, 0.6688995361328125, 0.6813806295394897
0.6301668289816007, 0.36000001430511475, 0.36000001430511475, 0.359375, 0.6688995361328125, 0.6813806295394897
0.640164632932283, 0.36000001430511475, 0.36000001430511475, 0.359375, 0.6688995361328125, 0.6813806295394897
0.6505700680427253, 0.36000001430511475, 0.36000001430511475, 0.36328125, 0.677337646484375, 0.6813806295394897
0.6601793009322137, 0.36000001430511475, 0.36000001430511475, 0.36328125, 0.677337646484375, 0.6813806295394897
0.6704489740077406, 0.36000001430511475, 0.36000001430511475, 0.36328125, 0.677337646484375, 0.6813806295394897
0.6802092340076342, 0.36000001430511475, 0.36000001430511475, 0.36328125, 0.677337646484375, 0.6813806295394897
0.6901954850181937, 0.36000001430511475, 0.36000001430511475, 0.36328125, 0.692230224609375, 0.6813806295394897
0.7002554750069976, 0.36000001430511475, 0.36000001430511475, 0.36328125, 0.692230224609375, 0.6813806295394897
0.7101729309652001, 0.36000001430511475, 0.36000001430511475, 0.36328125, 0.692230224609375, 0.6813806295394897
0.7202128230128437, 0.36000001430511475, 0.36000001430511475, 0.36328125, 0.70098876953125, 0.7500842213630676
0.7303404379636049, 0.36000001430511475, 0.36000001430511475, 0.36328125, 0.70098876953125, 0.7500842213630676
0.7401966999750584, 0.36000001430511475, 0.36000001430511475, 0.36328125, 0.70098876953125, 0.7500842213630676
0.7505771319847554, 0.36000001430511475, 0.36000001430511475, 0.36328125, 0.70098876953125, 0.7500842213630676
0.7604300340171903, 0.36000001430511475, 0.36000001430511475, 0.3671875, 0.712158203125, 0.7500842213630676
0.7702515430282801, 0.36000001430511475, 0.36000001430511475, 0.3671875, 0.712158203125, 0.7500842213630676
0.7802469340385869, 0.36000001430511475, 0.36000001430511475, 0.3671875, 0.712158203125, 0.7500842213630676
0.7902210679603741, 0.36000001430511475, 0.36000001430511475, 0.3671875, 0.712158203125, 0.7500842213630676
0.8001948209712282, 0.36000001430511475, 0.36000001430511475, 0.3671875, 0.7246856689453125, 0.7500842213630676
0.8101444679778069, 0.36000001430511475, 0.36000001430511475, 0.3671875, 0.7246856689453125, 0.7500842213630676
0.8201546650379896, 0.36000001430511475, 0.36000001430511475, 0.3671875, 0.7246856689453125, 0.7500842213630676
0.8304407040122896, 0.36000001430511475, 0.36000001430511475, 0.3671875, 0.7364501953125, 0.7500842213630676
0.8402223699958995, 0.36000001430511475, 0.36000001430511475, 0.3671875, 0.7364501953125, 0.7500842213630676
0.8502542759524658, 0.36000001430511475, 0.36000001430511475, 0.3671875, 0.7364501953125, 0.7500842213630676
0.8607693249359727, 0.36000001430511475, 0.36000001430511475, 0.3671875, 0.7460174560546875, 0.7500842213630676
0.8707692460156977, 0.36000001430511475, 0.36000001430511475, 0.3671875, 0.7460174560546875, 0.7500842213630676
0.8802326699951664, 0.36000001430511475, 0.36000001430511475, 0.3671875, 0.7460174560546875, 0.7500842213630676
0.8902737189782783, 0.36000001430511475, 0.36000001430511475, 0.3671875, 0.7460174560546875, 0.7500842213630676
0.9008136950433254, 0.36000001430511475, 0.36000001430511475, 0.3671875, 0.759124755859375, 0.7500842213630676
0.9106560739455745, 0.36000001430511475, 0.36000001430511475, 0.3671875, 0.759124755859375, 0.7500842213630676
0.9201761099975556, 0.36000001430511475, 0.36000001430511475, 0.3671875, 0.759124755859375, 0.7500842213630676
0.9303632769733667, 0.36000001430511475, 0.36000001430511475, 0.3671875, 0.772064208984375, 0.8209590911865234
0.9405025439336896, 0.36000001430511475, 0.36000001430511475, 0.3671875, 0.772064208984375, 0.8209590911865234
0.9501674260245636, 0.36000001430511475, 0.36000001430511475, 0.3671875, 0.772064208984375, 0.8209590911865234
0.9606332909315825, 0.36000001430511475, 0.36000001430511475, 0.3671875, 0.772064208984375, 0.8209590911865234
0.9702476620441303, 0.36000001430511475, 0.36000001430511475, 0.3671875, 0.782135009765625, 0.8209590911865234
0.9801859610015526, 0.36000001430511475, 0.36000001430511475, 0.3671875, 0.782135009765625, 0.8209590911865234
0.9903868900146335, 0.36000001430511475, 0.36000001430511475, 0.3671875, 0.782135009765625, 0.8209590911865234
1.0003204919630662, 0.36000001430511475, 0.36000001430511475, 0.3671875, 0.79498291015625, 0.8209590911865234
1.0105642010457814, 0.36000001430511475, 0.36000001430511475, 0.3671875, 0.79498291015625, 0.8209590911865234
1.020318694994785, 0.36000001430511475, 0.36000001430511475, 0.3671875, 0.8050079345703125, 0.8209590911865234
1.0301674329675734, 0.36000001430511475, 0.36000001430511475, 0.3671875, 0.8050079345703125, 0.8209590911865234
1.0402612219331786, 0.36000001430511475, 0.36000001430511475, 0.3671875, 0.8050079345703125, 0.8209590911865234
1.0502012779470533, 0.36000001430511475, 0.36000001430511475, 0.3671875, 0.8160858154296875, 0.8209590911865234
1.0602207209449261, 0.36000001430511475, 0.36000001430511475, 0.3671875, 0.8160858154296875, 0.8209590911865234
1.070257458020933, 0.36000001430511475, 0.36000001430511475, 0.3671875, 0.8160858154296875, 0.8209590911865234
1.0802924080053344, 0.36000001430511475, 0.36000001430511475, 0.3671875, 0.8160858154296875, 0.8209590911865234
1.090420730994083, 0.36000001430511475, 0.36000001430511475, 0.3671875, 0.8160858154296875, 0.8209590911865234
1.1006329809315503, 0.36000001430511475, 0.36000001430511475, 0.3671875, 0.8294219970703125, 0.8209590911865234
1.11022774502635, 0.36000001430511475, 0.36000001430511475, 0.3671875, 0.8294219970703125, 0.8209590911865234
1.1205424329964444, 0.36000001430511475, 0.36000001430511475, 0.3671875, 0.8294219970703125, 0.8908154964447021
1.1302029310027137, 0.36000001430511475, 0.36000001430511475, 0.3671875, 0.8294219970703125, 0.8908154964447021
1.140239625936374, 0.36000001430511475, 0.36000001430511475, 0.3671875, 0.84051513671875, 0.8908154964447021
1.1501336899818853, 0.36000001430511475, 0.36000001430511475, 0.3671875, 0.84051513671875, 0.8908154964447021
1.1601399639621377, 0.36000001430511475, 0.36000001430511475, 0.37109375, 0.85003662109375, 0.8908154964447021
1.1702274760464206, 0.36000001430511475, 0.36000001430511475, 0.37109375, 0.85003662109375, 0.8908154964447021
1.1801589980022982, 0.36000001430511475, 0.36000001430511475, 0.37109375, 0.85003662109375, 0.8908154964447021
1.1901742450427264, 0.36000001430511475, 0.36000001430511475, 0.37109375, 0.85003662109375, 0.8908154964447021
1.200231850030832, 0.36000001430511475, 0.36000001430511475, 0.375, 0.8640594482421875, 0.8908154964447021
1.210548194940202, 0.36000001430511475, 0.36000001430511475, 0.375, 0.8640594482421875, 0.8908154964447021
1.2202391510363668, 0.36000001430511475, 0.36000001430511475, 0.375, 0.8748016357421875, 0.8908154964447021
1.2301765669835731, 0.36000001430511475, 0.36000001430511475, 0.375, 0.8748016357421875, 0.8908154964447021
1.2401651620166376, 0.36000001430511475, 0.36000001430511475, 0.375, 0.8748016357421875, 0.8908154964447021
1.2504939129576087, 0.36000001430511475, 0.36000001430511475, 0.375, 0.8748016357421875, 0.8908154964447021
1.2601748179877177, 0.36000001430511475, 0.36000001430511475, 0.37890625, 0.885894775390625, 0.8908154964447021
1.2703692259965464, 0.36000001430511475, 0.36000001430511475, 0.37890625, 0.885894775390625, 0.8908154964447021
1.2803342849947512, 0.36000001430511475, 0.36000001430511475, 0.37890625, 0.885894775390625, 0.8908154964447021
1.2901725720148534, 0.36000001430511475, 0.36000001430511475, 0.37890625, 0.885894775390625, 0.8908154964447021
1.3005787349538878, 0.36000001430511475, 0.36000001430511475, 0.37890625, 0.9007110595703125, 0.8908154964447021
1.3102157679386437, 0.36000001430511475, 0.36000001430511475, 0.37890625, 0.9007110595703125, 0.8908154964447021
1.3203745019854978, 0.36000001430511475, 0.36000001430511475, 0.37890625, 0.9007110595703125, 0.9634996652603149
1.3302966529736295, 0.36000001430511475, 0.36000001430511475, 0.375, 0.912689208984375, 0.9634996652603149
1.3401544039370492, 0.36000001430511475, 0.36000001430511475, 0.375, 0.912689208984375, 0.9634996652603149
1.3507735759485513, 0.36000001430511475, 0.36000001430511475, 0.375, 0.912689208984375, 0.9634996652603149
1.3601973300101236, 0.36000001430511475, 0.36000001430511475, 0.375, 0.9224853515625, 0.9634996652603149
1.370131231029518, 0.36000001430511475, 0.36000001430511475, 0.375, 0.9224853515625, 0.9634996652603149
1.380130784935318, 0.36000001430511475, 0.36000001430511475, 0.375, 0.9224853515625, 0.9634996652603149
1.3901203910354525, 0.36000001430511475, 0.36000001430511475, 0.375, 0.9224853515625, 0.9634996652603149
1.4001893009990454, 0.36000001430511475, 0.36000001430511475, 0.375, 0.9405670166015625, 0.9634996652603149
1.410293043940328, 0.36000001430511475, 0.36000001430511475, 0.375, 0.9405670166015625, 0.9634996652603149
1.4201868809759617, 0.36000001430511475, 0.36000001430511475, 0.37109375, 0.9496002197265625, 0.9634996652603149
1.4301775289932266, 0.36000001430511475, 0.36000001430511475, 0.37109375, 0.9496002197265625, 0.9634996652603149
1.4401857500197366, 0.36000001430511475, 0.36000001430511475, 0.37109375, 0.9496002197265625, 0.9634996652603149
1.4504254600033164, 0.36000001430511475, 0.36000001430511475, 0.3671875, 0.9609375, 0.9634996652603149
1.460132137988694, 0.36000001430511475, 0.36000001430511475, 0.3671875, 0.9609375, 0.9634996652603149
1.4701549150049686, 0.36000001430511475, 0.36000001430511475, 0.3671875, 0.9609375, 0.9634996652603149
1.4802088349824771, 0.36000001430511475, 0.36000001430511475, 0.3671875, 0.9609375, 0.9634996652603149
1.4901975860120729, 0.36000001430511475, 0.36000001430511475, 0.3671875, 0.9609375, 0.9634996652603149
1.5001576209906489, 0.36000001430511475, 0.36000001430511475, 0.3671875, 0.9753265380859375, 0.9634996652603149
1.510231310967356, 0.36000001430511475, 0.36000001430511475, 0.3671875, 0.9753265380859375, 0.9634996652603149
1.520159580046311, 0.36000001430511475, 0.36000001430511475, 0.3671875, 0.9753265380859375, 1.035023808479309
1.5303931180387735, 0.36000001430511475, 0.36000001430511475, 0.3671875, 0.9864349365234375, 1.035023808479309
1.5402483090292662, 0.36000001430511475, 0.36000001430511475, 0.3671875, 0.9864349365234375, 1.035023808479309
1.5502384239807725, 0.36000001430511475, 0.36000001430511475, 0.3671875, 0.9864349365234375, 1.035023808479309
1.5603285869583488, 0.36000001430511475, 0.36000001430511475, 0.3671875, 0.99920654296875, 1.035023808479309
1.5702105410164222, 0.36000001430511475, 0.36000001430511475, 0.3671875, 0.99920654296875, 1.035023808479309
1.5802941540023312, 0.36000001430511475, 0.36000001430511475, 0.3671875, 0.99920654296875, 1.035023808479309
1.590285302954726, 0.36000001430511475, 0.36000001430511475, 0.3671875, 0.99920654296875, 1.035023808479309
1.600399113027379, 0.36000001430511475, 0.36000001430511475, 0.3671875, 1.013214111328125, 1.035023808479309
1.610290854005143, 0.36000001430511475, 0.36000001430511475, 0.3671875, 1.013214111328125, 1.035023808479309
1.6201918500009924, 0.36000001430511475, 0.36000001430511475, 0.3671875, 1.0222930908203125, 1.035023808479309
1.6301720739575103, 0.36000001430511475, 0.36000001430511475, 0.3671875, 1.0222930908203125, 1.035023808479309
1.640165988006629, 0.36000001430511475, 0.36000001430511475, 0.3671875, 1.0222930908203125, 1.035023808479309
1.6503325860248879, 0.36000001430511475, 0.36000001430511475, 0.3671875, 1.031585693359375, 1.035023808479309
1.660155909950845, 0.36000001430511475, 0.36000001430511475, 0.3671875, 1.031585693359375, 1.035023808479309
1.670183363952674, 0.36000001430511475, 0.36000001430511475, 0.3671875, 1.031585693359375, 1.035023808479309
1.68020331999287, 0.36000001430511475, 0.36000001430511475, 0.3671875, 1.031585693359375, 1.035023808479309
1.6903272659983486, 0.36000001430511475, 0.36000001430511475, 0.3671875, 1.031585693359375, 1.035023808479309
1.7007314680377021, 0.36000001430511475, 0.36000001430511475, 0.37109375, 1.04541015625, 1.035023808479309
1.7101986679481342, 0.36000001430511475, 0.36000001430511475, 0.37109375, 1.04541015625, 1.035023808479309
1.720266476040706, 0.36000001430511475, 0.36000001430511475, 0.37109375, 1.05804443359375, 1.1055431365966797
1.7301691910251975, 0.36000001430511475, 0.36000001430511475, 0.37109375, 1.05804443359375, 1.1055431365966797
1.7401984659954906, 0.36000001430511475, 0.36000001430511475, 0.37109375, 1.05804443359375, 1.1055431365966797
1.7503930840175599, 0.36000001430511475, 0.36000001430511475, 0.37109375, 1.067138671875, 1.1055431365966797
1.7603494300274178, 0.36000001430511475, 0.36000001430511475, 0.37109375, 1.067138671875, 1.1055431365966797
1.7704120749840513, 0.36000001430511475, 0.36000001430511475, 0.37109375, 1.067138671875, 1.1055431365966797
1.7801783710019663, 0.36000001430511475, 0.36000001430511475, 0.37109375, 1.067138671875, 1.1055431365966797
1.7902172709582373, 0.36000001430511475, 0.36000001430511475, 0.37109375, 1.067138671875, 1.1055431365966797
1.8002916779369116, 0.36000001430511475, 0.36000001430511475, 0.37109375, 1.081451416015625, 1.1055431365966797
1.8102203640155494, 0.36000001430511475, 0.36000001430511475, 0.37109375, 1.081451416015625, 1.1055431365966797
1.8203427080297843, 0.36000001430511475, 0.36000001430511475, 0.37109375, 1.081451416015625, 1.1055431365966797
1.8301307189976797, 0.36000001430511475, 0.36000001430511475, 0.37109375, 1.09210205078125, 1.1055431365966797
1.8402656000107527, 0.36000001430511475, 0.36000001430511475, 0.37109375, 1.09210205078125, 1.1055431365966797
1.8504804449621588, 0.36000001430511475, 0.36000001430511475, 0.37109375, 1.1031646728515625, 1.1055431365966797
1.8601289800135419, 0.36000001430511475, 0.36000001430511475, 0.37109375, 1.1031646728515625, 1.1055431365966797
1.8701305509312078, 0.36000001430511475, 0.36000001430511475, 0.37109375, 1.1031646728515625, 1.1055431365966797
1.8804972589714453, 0.36000001430511475, 0.36000001430511475, 0.37109375, 1.1031646728515625, 1.1055431365966797
1.8903143720235676, 0.36000001430511475, 0.36000001430511475, 0.37109375, 1.1031646728515625, 1.1055431365966797
1.9002703189617023, 0.36000001430511475, 0.36000001430511475, 0.37109375, 1.118621826171875, 1.1055431365966797
1.9102996969595551, 0.36000001430511475, 0.36000001430511475, 0.37109375, 1.118621826171875, 1.1055431365966797
1.9201783780008554, 0.36000001430511475, 0.36000001430511475, 0.37109375, 1.118621826171875, 1.1793595552444458
1.930205728043802, 0.36000001430511475, 0.36000001430511475, 0.37109375, 1.1295623779296875, 1.1793595552444458
1.9403078820323572, 0.36000001430511475, 0.36000001430511475, 0.37109375, 1.1295623779296875, 1.1793595552444458
1.9503399890381843, 0.36000001430511475, 0.36000001430511475, 0.37109375, 1.1419830322265625, 1.1793595552444458
1.9602584310341626, 0.36000001430511475, 0.36000001430511475, 0.37109375, 1.1419830322265625, 1.1793595552444458
1.9704399750335142, 0.36000001430511475, 0.36000001430511475, 0.37109375, 1.1419830322265625, 1.1793595552444458
1.9803370450390503, 0.36000001430511475, 0.36000001430511475, 0.37109375, 1.1419830322265625, 1.1793595552444458
1.9901231999974698, 0.36000001430511475, 0.36000001430511475, 0.37109375, 1.1419830322265625, 1.1793595552444458
2.000320976949297, 0.36000001430511475, 0.36000001430511475, 0.37109375, 1.1568756103515625, 1.1793595552444458
2.0104769919998944, -0.36000001430511475, -0.36000001430511475, 0.37109375, 1.1568756103515625, 1.1793595552444458
2.02036369999405, -0.36000001430511475, -0.36000001430511475, 0.37109375, 1.1568756103515625, 1.1793595552444458
2.030800914973952, -0.36000001430511475, -0.36000001430511475, 0.37109375, 1.1568756103515625, 1.1793595552444458
2.0405301089631394, -0.36000001430511475, -0.36000001430511475, 0.375, 1.1702117919921875, 1.1793595552444458
2.0502109919907525, -0.36000001430511475, -0.36000001430511475, 0.375, 1.1702117919921875, 1.1793595552444458
2.0611545169958845, -0.36000001430511475, -0.36000001430511475, 0.375, 1.1795196533203125, 1.1793595552444458
2.070131066022441, -0.36000001430511475, -0.36000001430511475, 0.375, 1.1795196533203125, 1.1793595552444458
2.080131024005823, -0.36000001430511475, -0.36000001430511475, 0.375, 1.1795196533203125, 1.1793595552444458
2.090273277950473, -0.36000001430511475, -0.36000001430511475, 0.375, 1.1795196533203125, 1.1793595552444458
2.100201081018895, -0.36000001430511475, -0.36000001430511475, 0.37890625, 1.1961517333984375, 1.1793595552444458
2.1101736159762368, -0.36000001430511475, -0.36000001430511475, 0.37890625, 1.1961517333984375, 1.1793595552444458
2.12013480393216, -0.36000001430511475, -0.36000001430511475, 0.37890625, 1.20782470703125, 1.2527210712432861
2.1301661239704117, -0.36000001430511475, -0.36000001430511475, 0.37890625, 1.20782470703125, 1.2527210712432861
2.1401832499541342, -0.36000001430511475, -0.36000001430511475, 0.37890625, 1.20782470703125, 1.2527210712432861
2.150160379940644, -0.36000001430511475, -0.36000001430511475, 0.3515625, 1.2168426513671875, 1.2527210712432861
2.160194232012145, -0.36000001430511475, -0.36000001430511475, 0.3515625, 1.2168426513671875, 1.2527210712432861
2.170160457957536, -0.36000001430511475, -0.36000001430511475, 0.3515625, 1.2168426513671875, 1.2527210712432861
2.180236989981495, -0.36000001430511475, -0.36000001430511475, 0.3515625, 1.2168426513671875, 1.2527210712432861
2.190250286948867, -0.36000001430511475, -0.36000001430511475, 0.2734375, 1.225830078125, 1.2527210712432861
2.2003523339517415, -0.36000001430511475, -0.36000001430511475, 0.2734375, 1.225830078125, 1.2527210712432861
2.2101745610125363, -0.36000001430511475, -0.36000001430511475, 0.2734375, 1.225830078125, 1.2527210712432861
2.22019233496394, -0.36000001430511475, -0.36000001430511475, 0.11328125, 1.2334747314453125, 1.2527210712432861
2.230479078949429, -0.36000001430511475, -0.36000001430511475, 0.11328125, 1.2334747314453125, 1.2527210712432861
2.240345550933853, -0.36000001430511475, -0.36000001430511475, 0.11328125, 1.2334747314453125, 1.2527210712432861
2.250180330942385, -0.36000001430511475, -0.36000001430511475, 0.11328125, 1.2334747314453125, 1.2527210712432861
2.2602134740445763, -0.36000001430511475, -0.36000001430511475, -0.0234375, 1.23419189453125, 1.2527210712432861
2.270519044017419, -0.36000001430511475, -0.36000001430511475, -0.0234375, 1.23419189453125, 1.2527210712432861
2.280186744988896, -0.36000001430511475, -0.36000001430511475, -0.1328125, 1.23101806640625, 1.2527210712432861
2.2902373720426112, -0.36000001430511475, -0.36000001430511475, -0.1328125, 1.23101806640625, 1.2527210712432861
2.3002454499946907, -0.36000001430511475, -0.36000001430511475, -0.1328125, 1.23101806640625, 1.2527210712432861
2.310374310007319, -0.36000001430511475, -0.36000001430511475, -0.1328125, 1.23101806640625, 1.2527210712432861
2.3203253319952637, -0.36000001430511475, -0.36000001430511475, -0.1328125, 1.23101806640625, 1.2424153089523315
2.330824070959352, -0.36000001430511475, -0.36000001430511475, -0.23046875, 1.222503662109375, 1.2424153089523315
2.340311583946459, -0.36000001430511475, -0.36000001430511475, -0.23046875, 1.222503662109375, 1.2424153089523315
2.3502998569747433, -0.36000001430511475, -0.36000001430511475, -0.265625, 1.214569091796875, 1.2424153089523315
2.3601025729440153, -0.36000001430511475, -0.36000001430511475, -0.265625, 1.214569091796875, 1.2424153089523315
2.3701847969787195, -0.36000001430511475, -0.36000001430511475, -0.265625, 1.214569091796875, 1.2424153089523315
2.3802696809871122, -0.36000001430511475, -0.36000001430511475, -0.265625, 1.214569091796875, 1.2424153089523315
2.390533298952505, -0.36000001430511475, -0.36000001430511475, -0.2890625, 1.2063140869140625, 1.2424153089523315
2.4002821689937264, -0.36000001430511475, -0.36000001430511475, -0.2890625, 1.2063140869140625, 1.2424153089523315
2.4102618049364537, -0.36000001430511475, -0.36000001430511475, -0.2890625, 1.2063140869140625, 1.2424153089523315
2.420242851949297, -0.36000001430511475, -0.36000001430511475, -0.2890625, 1.2063140869140625, 1.2424153089523315
2.430180252995342, -0.36000001430511475, -0.36000001430511475, -0.3046875, 1.1956329345703125, 1.2424153089523315
2.440293177962303, -0.36000001430511475, -0.36000001430511475, -0.3046875, 1.1956329345703125, 1.2424153089523315
2.4501421130262315, -0.36000001430511475, -0.36000001430511475, -0.3125, 1.1858978271484375, 1.2424153089523315
2.4602497699670494, -0.36000001430511475, -0.36000001430511475, -0.3125, 1.1858978271484375, 1.2424153089523315
2.470295049948618, -0.36000001430511475, -0.36000001430511475, -0.3125, 1.1858978271484375, 1.2424153089523315
2.4802364070201293, -0.36000001430511475, -0.36000001430511475, -0.3203125, 1.1743621826171875, 1.2424153089523315
2.4900850149570033, -0.36000001430511475, -0.36000001430511475, -0.3203125, 1.1743621826171875, 1.2424153089523315
2.500230274978094, -0.36000001430511475, -0.36000001430511475, -0.3203125, 1.1743621826171875, 1.2424153089523315
2.5101476199924946, -0.36000001430511475, -0.36000001430511475, -0.3203125, 1.1743621826171875, 1.2424153089523315
2.520423064008355, -0.36000001430511475, -0.36000001430511475, -0.3203125, 1.1629638671875, 1.1791988611221313
2.530221213004552, -0.36000001430511475, -0.36000001430511475, -0.32421875, 1.1629638671875, 1.1791988611221313
2.540180386044085, -0.36000001430511475, -0.36000001430511475, -0.32421875, 1.1629638671875, 1.1791988611221313
2.5502142349723727, -0.36000001430511475, -0.36000001430511475, -0.32421875, 1.1629638671875, 1.1791988611221313
2.560167943011038, -0.36000001430511475, -0.36000001430511475, -0.32421875, 1.1629638671875, 1.1791988611221313
2.5702344060409814, -0.36000001430511475, -0.36000001430511475, -0.32421875, 1.151885986328125, 1.1791988611221313
2.58018110494595, -0.36000001430511475, -0.36000001430511475, -0.32421875, 1.151885986328125, 1.1791988611221313
2.59025677095633, -0.36000001430511475, -0.36000001430511475, -0.32421875, 1.151885986328125, 1.1791988611221313
2.6001782399835065, -0.36000001430511475, -0.36000001430511475, -0.328125, 1.14031982421875, 1.1791988611221313
2.6101554919732735, -0.36000001430511475, -0.36000001430511475, -0.328125, 1.14031982421875, 1.1791988611221313
2.620195704046637, -0.36000001430511475, -0.36000001430511475, -0.328125, 1.14031982421875, 1.1791988611221313
2.631304495036602, -0.36000001430511475, -0.36000001430511475, -0.328125, 1.1298370361328125, 1.1791988611221313
2.6401893369620666, -0.36000001430511475, -0.36000001430511475, -0.328125, 1.1298370361328125, 1.1791988611221313
2.650319400941953, -0.36000001430511475, -0.36000001430511475, -0.328125, 1.1298370361328125, 1.1791988611221313
2.6608841289998963, -0.36000001430511475, -0.36000001430511475, -0.328125, 1.1202392578125, 1.1791988611221313
2.670248234993778, -0.36000001430511475, -0.36000001430511475, -0.328125, 1.1202392578125, 1.1791988611221313
2.680415078997612, -0.36000001430511475, -0.36000001430511475, -0.328125, 1.1202392578125, 1.1791988611221313
2.6902555429842323, -0.36000001430511475, -0.36000001430511475, -0.328125, 1.1128082275390625, 1.1791988611221313
2.700303360936232, -0.36000001430511475, -0.36000001430511475, -0.328125, 1.1128082275390625, 1.1791988611221313
2.7101909919874743, -0.36000001430511475, -0.36000001430511475, -0.328125, 1.1128082275390625, 1.1791988611221313
2.72017743694596, -0.36000001430511475, -0.36000001430511475, -0.328125, 1.1128082275390625, 1.112168312072754
2.7301653960021213, -0.36000001430511475, -0.36000001430511475, -0.33203125, 1.101226806640625, 1.112168312072754
2.740308210020885, -0.36000001430511475, -0.36000001430511475, -0.33203125, 1.101226806640625, 1.112168312072754
2.7501459929626435, -0.36000001430511475, -0.36000001430511475, -0.3359375, 1.0924530029296875, 1.112168312072754
2.7603212989633903, -0.36000001430511475, -0.36000001430511475, -0.3359375, 1.0924530029296875, 1.112168312072754
2.77073285903316, -0.36000001430511475, -0.36000001430511475, -0.3359375, 1.0924530029296875, 1.112168312072754
2.7801891260314733, -0.36000001430511475, -0.36000001430511475, -0.3359375, 1.0924530029296875, 1.112168312072754
2.790287790936418, -0.36000001430511475, -0.36000001430511475, -0.3359375, 1.081268310546875, 1.112168312072754
2.800296180997975, -0.36000001430511475, -0.36000001430511475, -0.3359375, 1.081268310546875, 1.112168312072754
2.8104293439537287, -0.36000001430511475, -0.36000001430511475, -0.3359375, 1.081268310546875, 1.112168312072754
2.8201328549766913, -0.36000001430511475, -0.36000001430511475, -0.33984375, 1.0691375732421875, 1.112168312072754
2.8301626190077513, -0.36000001430511475, -0.36000001430511475, -0.33984375, 1.0691375732421875, 1.112168312072754
2.84033170202747, -0.36000001430511475, -0.36000001430511475, -0.33984375, 1.0691375732421875, 1.112168312072754
2.850165365030989, -0.36000001430511475, -0.36000001430511475, -0.33984375, 1.0691375732421875, 1.112168312072754
2.8601830559782684, -0.36000001430511475, -0.36000001430511475, -0.34375, 1.0588531494140625, 1.112168312072754
2.870156481047161, -0.36000001430511475, -0.36000001430511475, -0.34375, 1.0588531494140625, 1.112168312072754
2.880167003022507, -0.36000001430511475, -0.36000001430511475, -0.34375, 1.0588531494140625, 1.112168312072754
2.890127441030927, -0.36000001430511475, -0.36000001430511475, -0.34375, 1.0495147705078125, 1.112168312072754
2.9002632569754496, -0.36000001430511475, -0.36000001430511475, -0.34375, 1.0495147705078125, 1.112168312072754
2.9103587339632213, -0.36000001430511475, -0.36000001430511475, -0.34375, 1.0495147705078125, 1.112168312072754
2.9202535150106996, -0.36000001430511475, -0.36000001430511475, -0.34375, 1.0495147705078125, 1.0434304475784302
2.9302392109530047, -0.36000001430511475, -0.36000001430511475, -0.34765625, 1.0350189208984375, 1.0434304475784302
2.940196148934774, -0.36000001430511475, -0.36000001430511475, -0.34765625, 1.0350189208984375, 1.0434304475784302
2.9501684069400653, -0.36000001430511475, -0.36000001430511475, -0.34765625, 1.0350189208984375, 1.0434304475784302
2.9608880759915337, -0.36000001430511475, -0.36000001430511475, -0.34765625, 1.0234527587890625, 1.0434304475784302
2.970233889995143, -0.36000001430511475, -0.36000001430511475, -0.34765625, 1.0234527587890625, 1.0434304475784302
2.9801882810425013, -0.36000001430511475, -0.36000001430511475, -0.34765625, 1.0234527587890625, 1.0434304475784302
2.990190512035042, -0.36000001430511475, -0.36000001430511475, -0.34765625, 1.0234527587890625, 1.0434304475784302
3.0002123509766534, -0.36000001430511475, -0.36000001430511475, -0.34765625, 1.01287841796875, 1.0434304475784302
3.0101764380233362, -0.36000001430511475, -0.36000001430511475, -0.34765625, 1.01287841796875, 1.0434304475784302
3.0201722249621525, -0.36000001430511475, -0.36000001430511475, -0.34765625, 1.01287841796875, 1.0434304475784302
3.0312103680334985, -0.36000001430511475, -0.36000001430511475, -0.3515625, 1.0005950927734375, 1.0434304475784302
3.0402897369349375, -0.36000001430511475, -0.36000001430511475, -0.3515625, 1.0005950927734375, 1.0434304475784302
3.0502295469632372, -0.36000001430511475, -0.36000001430511475, -0.3515625, 1.0005950927734375, 1.0434304475784302
3.0605088439770043, -0.36000001430511475, -0.36000001430511475, -0.35546875, 0.989410400390625, 1.0434304475784302
3.070169238955714, -0.36000001430511475, -0.36000001430511475, -0.35546875, 0.989410400390625, 1.0434304475784302
3.080156055977568, -0.36000001430511475, -0.36000001430511475, -0.35546875, 0.989410400390625, 1.0434304475784302
3.0907132340362296, -0.36000001430511475, -0.36000001430511475, -0.35546875, 0.989410400390625, 1.0434304475784302
3.1005235420307145, -0.36000001430511475, -0.36000001430511475, -0.35546875, 0.978424072265625, 1.0434304475784302
3.1104937150375918, -0.36000001430511475, -0.36000001430511475, -0.35546875, 0.978424072265625, 1.0434304475784302
3.120968510978855, -0.36000001430511475, -0.36000001430511475, -0.35546875, 0.978424072265625, 1.0434304475784302
3.13042222103104, -0.36000001430511475, -0.36000001430511475, -0.3515625, 0.968170166015625, 0.9731579422950745
3.140210877987556, -0.36000001430511475, -0.36000001430511475, -0.3515625, 0.968170166015625, 0.9731579422950745
3.1501971959369257, -0.36000001430511475, -0.36000001430511475, -0.3515625, 0.968170166015625, 0.9731579422950745
3.1601689349627122, -0.36000001430511475, -0.36000001430511475, -0.35546875, 0.957427978515625, 0.9731579422950745
3.170272259041667, -0.36000001430511475, -0.36000001430511475, -0.35546875, 0.957427978515625, 0.9731579422950745
3.18017972598318, -0.36000001430511475, -0.36000001430511475, -0.35546875, 0.957427978515625, 0.9731579422950745
3.190194612951018, -0.36000001430511475, -0.36000001430511475, -0.35546875, 0.9495849609375, 0.9731579422950745
3.200214336044155, -0.36000001430511475, -0.36000001430511475, -0.35546875, 0.9495849609375, 0.9731579422950745
3.2101661839988083, -0.36000001430511475, -0.36000001430511475, -0.35546875, 0.9495849609375, 0.9731579422950745
3.2204634100198746, -0.36000001430511475, -0.36000001430511475, -0.35546875, 0.935150146484375, 0.9731579422950745
3.23035594902467, -0.36000001430511475, -0.36000001430511475, -0.35546875, 0.935150146484375, 0.9731579422950745
3.2401635559508577, -0.36000001430511475, -0.36000001430511475, -0.35546875, 0.935150146484375, 0.9731579422950745
3.250191882951185, -0.36000001430511475, -0.36000001430511475, -0.35546875, 0.935150146484375, 0.9731579422950745
3.2603905469877645, -0.36000001430511475, -0.36000001430511475, -0.35546875, 0.935150146484375, 0.9731579422950745
3.2705631150165573, -0.36000001430511475, -0.36000001430511475, -0.35546875, 0.923980712890625, 0.9731579422950745
3.280179742956534, -0.36000001430511475, -0.36000001430511475, -0.35546875, 0.923980712890625, 0.9731579422950745
3.2905416049761698, -0.36000001430511475, -0.36000001430511475, -0.35546875, 0.913360595703125, 0.9731579422950745
3.300171494949609, -0.36000001430511475, -0.36000001430511475, -0.35546875, 0.913360595703125, 0.9731579422950745
3.3102384340018034, -0.36000001430511475, -0.36000001430511475, -0.35546875, 0.913360595703125, 0.9731579422950745
3.3201576500432566, -0.36000001430511475, -0.36000001430511475, -0.35546875, 0.913360595703125, 0.9049220681190491
3.3307681659935042, -0.36000001430511475, -0.36000001430511475, -0.35546875, 0.901092529296875, 0.9049220681190491
3.340194168034941, -0.36000001430511475, -0.36000001430511475, -0.35546875, 0.901092529296875, 0.9049220681190491
3.3501353750471026, -0.36000001430511475, -0.36000001430511475, -0.35546875, 0.901092529296875, 0.9049220681190491
3.360250802943483, -0.36000001430511475, -0.36000001430511475, -0.35546875, 0.8914947509765625, 0.9049220681190491
3.3704528310336173, -0.36000001430511475, -0.36000001430511475, -0.35546875, 0.8914947509765625, 0.9049220681190491
3.3801535279490054, -0.36000001430511475, -0.36000001430511475, -0.35546875, 0.8914947509765625, 0.9049220681190491
3.3903237340273336, -0.36000001430511475, -0.36000001430511475, -0.35546875, 0.8914947509765625, 0.9049220681190491
3.4003418990178034, -0.36000001430511475, -0.36000001430511475, -0.35546875, 0.881500244140625, 0.9049220681190491
3.410307344980538, -0.36000001430511475, -0.36000001430511475, -0.35546875, 0.881500244140625, 0.9049220681190491
3.4202093420317397, -0.36000001430511475, -0.36000001430511475, -0.359375, 0.8683624267578125, 0.9049220681190491
3.430326345958747, -0.36000001430511475, -0.36000001430511475, -0.359375, 0.8683624267578125, 0.9049220681190491
3.4402622260386124, -0.36000001430511475, -0.36000001430511475, -0.359375, 0.8683624267578125, 0.9049220681190491
3.450441441964358, -0.36000001430511475, -0.36000001430511475, -0.359375, 0.8683624267578125, 0.9049220681190491
3.4603381539927796, -0.36000001430511475, -0.36000001430511475, -0.359375, 0.860626220703125, 0.9049220681190491
3.4705958539852872, -0.36000001430511475, -0.36000001430511475, -0.359375, 0.860626220703125, 0.9049220681190491
3.480570944957435, -0.36000001430511475, -0.36000001430511475, -0.359375, 0.860626220703125, 0.9049220681190491
3.4905335319926962, -0.36000001430511475, -0.36000001430511475, -0.36328125, 0.8475799560546875, 0.9049220681190491
3.500272208941169, -0.36000001430511475, -0.36000001430511475, -0.36328125, 0.8475799560546875, 0.9049220681190491
3.510110400035046, -0.36000001430511475, -0.36000001430511475, -0.36328125, 0.8475799560546875, 0.9049220681190491
3.520215071970597, -0.36000001430511475, -0.36000001430511475, -0.36328125, 0.8475799560546875, 0.8361551761627197
3.5301803869660944, -0.36000001430511475, -0.36000001430511475, -0.36328125, 0.835540771484375, 0.8361551761627197
3.5402795190457255, -0.36000001430511475, -0.36000001430511475, -0.36328125, 0.835540771484375, 0.8361551761627197
3.550163851934485, -0.36000001430511475, -0.36000001430511475, -0.36328125, 0.835540771484375, 0.8361551761627197
3.560315951006487, -0.36000001430511475, -0.36000001430511475, -0.36328125, 0.827606201171875, 0.8361551761627197
3.5705614880425856, -0.36000001430511475, -0.36000001430511475, -0.36328125, 0.827606201171875, 0.8361551761627197
3.580342101980932, -0.36000001430511475, -0.36000001430511475, -0.36328125, 0.827606201171875, 0.8361551761627197
3.5902350719552487, -0.36000001430511475, -0.36000001430511475, -0.36328125, 0.81622314453125, 0.8361551761627197
3.6002762300195172, -0.36000001430511475, -0.36000001430511475, -0.36328125, 0.81622314453125, 0.8361551761627197
3.6102577139390633, -0.36000001430511475, -0.36000001430511475, -0.36328125, 0.81622314453125, 0.8361551761627197
3.6201204259414226, -0.36000001430511475, -0.36000001430511475, -0.36328125, 0.81622314453125, 0.8361551761627197
3.630374204949476, -0.36000001430511475, -0.36000001430511475, -0.3671875, 0.8049774169921875, 0.8361551761627197
3.6402488560415804, -0.36000001430511475, -0.36000001430511475, -0.3671875, 0.8049774169921875, 0.8361551761627197
3.6501994179561734, -0.36000001430511475, -0.36000001430511475, -0.3671875, 0.8049774169921875, 0.8361551761627197
3.66020241798833, -0.36000001430511475, -0.36000001430511475, -0.3671875, 0.8049774169921875, 0.8361551761627197
3.670279504964128, -0.36000001430511475, -0.36000001430511475, -0.37109375, 0.7919464111328125, 0.8361551761627197
3.6802974849706516, -0.36000001430511475, -0.36000001430511475, -0.37109375, 0.7919464111328125, 0.8361551761627197
3.690148841938935, -0.36000001430511475, -0.36000001430511475, -0.37109375, 0.7830963134765625, 0.8361551761627197
3.7001873740227893, -0.36000001430511475, -0.36000001430511475, -0.37109375, 0.7830963134765625, 0.8361551761627197
3.710149134043604, -0.36000001430511475, -0.36000001430511475, -0.37109375, 0.7830963134765625, 0.8361551761627197
3.7202215190045536, -0.36000001430511475, -0.36000001430511475, -0.37109375, 0.7830963134765625, 0.7674163579940796
3.7306872259359807, -0.36000001430511475, -0.36000001430511475, -0.375, 0.7659454345703125, 0.7674163579940796
3.7401926850434393, -0.36000001430511475, -0.36000001430511475, -0.375, 0.7659454345703125, 0.7674163579940796
3.750188648002222, -0.36000001430511475, -0.36000001430511475, -0.375, 0.7659454345703125, 0.7674163579940796
3.7615769089898095, -0.36000001430511475, -0.36000001430511475, -0.37109375, 0.7553558349609375, 0.7674163579940796
3.770466370973736, -0.36000001430511475, -0.36000001430511475, -0.37109375, 0.7553558349609375, 0.7674163579940796
3.78083801898174, -0.36000001430511475, -0.36000001430511475, -0.37109375, 0.7553558349609375, 0.7674163579940796
3.7903062959667295, -0.36000001430511475, -0.36000001430511475, -0.375, 0.7460174560546875, 0.7674163579940796
3.80027300294023, -0.36000001430511475, -0.36000001430511475, -0.375, 0.7460174560546875, 0.7674163579940796
3.8102302759652957, -0.36000001430511475, -0.36000001430511475, -0.375, 0.7460174560546875, 0.7674163579940796
3.820763233001344, -0.36000001430511475, -0.36000001430511475, -0.375, 0.7460174560546875, 0.7674163579940796
3.8302797010401264, -0.36000001430511475, -0.36000001430511475, -0.375, 0.7325592041015625, 0.7674163579940796
3.840177441947162, -0.36000001430511475, -0.36000001430511475, -0.375, 0.7325592041015625, 0.7674163579940796
3.8501841840334237, -0.36000001430511475, -0.36000001430511475, -0.375, 0.7325592041015625, 0.7674163579940796
3.8601668489864096, -0.36000001430511475, -0.36000001430511475, -0.375, 0.719390869140625, 0.7674163579940796
3.8702212859643623, -0.36000001430511475, -0.36000001430511475, -0.375, 0.719390869140625, 0.7674163579940796
3.880150940036401, -0.36000001430511475, -0.36000001430511475, -0.375, 0.719390869140625, 0.7674163579940796
3.8902230890234932, -0.36000001430511475, -0.36000001430511475, -0.375, 0.708465576171875, 0.7674163579940796
3.9002049629343674, -0.36000001430511475, -0.36000001430511475, -0.375, 0.708465576171875, 0.7674163579940796
3.910429465933703, -0.36000001430511475, -0.36000001430511475, -0.375, 0.708465576171875, 0.7674163579940796
3.9204148249700665, -0.36000001430511475, -0.36000001430511475, -0.375, 0.708465576171875, 0.6926544904708862
3.930232279933989, -0.36000001430511475, -0.36000001430511475, -0.375, 0.708465576171875, 0.6926544904708862
3.94023357599508, -0.36000001430511475, -0.36000001430511475, -0.375, 0.6949005126953125, 0.6926544904708862
3.950200731982477, -0.36000001430511475, -0.36000001430511475, -0.375, 0.6949005126953125, 0.6926544904708862
3.9604516639374197, -0.36000001430511475, -0.36000001430511475, -0.375, 0.6821746826171875, 0.6926544904708862
3.970282993046567, -0.36000001430511475, -0.36000001430511475, -0.375, 0.6821746826171875, 0.6926544904708862
3.980345438933, -0.36000001430511475, -0.36000001430511475, -0.375, 0.6821746826171875, 0.6926544904708862
3.990591589943506, -0.36000001430511475, -0.36000001430511475, -0.375, 0.6710662841796875, 0.6926544904708862
4.000143504934385, -0.36000001430511475, -0.36000001430511475, -0.375, 0.6710662841796875, 0.6926544904708862
4.010165489977226, 0.0, -0.36000001430511475, -0.375, 0.6710662841796875, 0.6926544904708862
4.020263934973627, 0.0, 0.0, -0.375, 0.6710662841796875, 0.6926544904708862
4.030265862005763, 0.0, 0.0, -0.375, 0.6578369140625, 0.6926544904708862
4.040162913035601, 0.0, 0.0, -0.375, 0.6578369140625, 0.6926544904708862
4.050282835029066, 0.0, 0.0, -0.375, 0.6460113525390625, 0.6926544904708862
4.060151114943437, 0.0, 0.0, -0.375, 0.6460113525390625, 0.6926544904708862
4.070213589002378, 0.0, 0.0, -0.375, 0.6460113525390625, 0.6926544904708862
4.080133785028011, 0.0, 0.0, -0.375, 0.6460113525390625, 0.6926544904708862
4.090130024938844, 0.0, 0.0, -0.375, 0.634552001953125, 0.6926544904708862
4.100139942020178, 0.0, 0.0, -0.375, 0.634552001953125, 0.6926544904708862
4.110307145980187, 0.0, 0.0, -0.375, 0.634552001953125, 0.6926544904708862
4.120605758042075, 0.0, 0.0, -0.37109375, 0.61932373046875, 0.621947169303894
4.130170666030608, 0.0, 0.0, -0.37109375, 0.61932373046875, 0.621947169303894
4.1402910279575735, 0.0, 0.0, -0.37109375, 0.61932373046875, 0.621947169303894
4.150132299982943, 0.0, 0.0, -0.37109375, 0.61932373046875, 0.621947169303894
4.160180510953069, 0.0, 0.0, -0.33203125, 0.6070556640625, 0.621947169303894
4.170180600020103, 0.0, 0.0, -0.33203125, 0.6070556640625, 0.621947169303894
4.180172763997689, 0.0, 0.0, -0.33203125, 0.6070556640625, 0.621947169303894
4.1901380739873275, 0.0, 0.0, -0.33203125, 0.6070556640625, 0.621947169303894
4.200132854981348, 0.0, 0.0, -0.23046875, 0.59796142578125, 0.621947169303894
4.210152643034235, 0.0, 0.0, -0.23046875, 0.59796142578125, 0.621947169303894
4.220131149981171, 0.0, 0.0, -0.23046875, 0.59796142578125, 0.621947169303894
4.230323257972486, 0.0, 0.0, -0.140625, 0.5917205810546875, 0.621947169303894
4.240207829978317, 0.0, 0.0, -0.140625, 0.5917205810546875, 0.621947169303894
4.250402514939196, 0.0, 0.0, -0.140625, 0.5917205810546875, 0.621947169303894
4.2604235670296475, 0.0, 0.0, -0.1015625, 0.5884857177734375, 0.621947169303894
4.270275178016163, 0.0, 0.0, -0.1015625, 0.5884857177734375, 0.621947169303894
4.280160509981215, 0.0, 0.0, -0.1015625, 0.5884857177734375, 0.621947169303894
4.290370243950747, 0.0, 0.0, -0.0703125, 0.585601806640625, 0.621947169303894
4.300171548966318, 0.0, 0.0, -0.0703125, 0.585601806640625, 0.621947169303894
4.310234242933802, 0.0, 0.0, -0.0703125, 0.585601806640625, 0.621947169303894
4.320169038954191, 0.0, 0.0, -0.0703125, 0.585601806640625, 0.5981541872024536
4.330603156937286, 0.0, 0.0, -0.05078125, 0.5817718505859375, 0.5981541872024536
4.340486409026198, 0.0, 0.0, -0.05078125, 0.5817718505859375, 0.5981541872024536
4.350364684010856, 0.0, 0.0, -0.05078125, 0.5817718505859375, 0.5981541872024536
4.360364230000414, 0.0, 0.0, -0.05078125, 0.5817718505859375, 0.5981541872024536
4.370484999963082, 0.0, 0.0, -0.04296875, 0.580657958984375, 0.5981541872024536
4.3803534540347755, 0.0, 0.0, -0.04296875, 0.580657958984375, 0.5981541872024536
4.390419136034325, 0.0, 0.0, -0.04296875, 0.580657958984375, 0.5981541872024536
4.400319771957584, 0.0, 0.0, -0.03515625, 0.5767974853515625, 0.5981541872024536
4.4101865499978885, 0.0, 0.0, -0.03515625, 0.5767974853515625, 0.5981541872024536
4.4201716559473425, 0.0, 0.0, -0.03515625, 0.5767974853515625, 0.5981541872024536
4.4316856019431725, 0.0, 0.0, -0.03125, 0.573272705078125, 0.5981541872024536
4.4401941349497065, 0.0, 0.0, -0.03125, 0.573272705078125, 0.5981541872024536
4.450205754023045, 0.0, 0.0, -0.03125, 0.573272705078125, 0.5981541872024536
4.4603186110034585, 0.0, 0.0, -0.02734375, 0.5724639892578125, 0.5981541872024536
4.470156616996974, 0.0, 0.0, -0.02734375, 0.5724639892578125, 0.5981541872024536
4.480461315019056, 0.0, 0.0, -0.02734375, 0.5724639892578125, 0.5981541872024536
4.490361475967802, 0.0, 0.0, -0.02734375, 0.5724639892578125, 0.5981541872024536
4.500464158016257, 0.0, 0.0, -0.0234375, 0.56951904296875, 0.5981541872024536
4.510635680984706, 0.0, 0.0, -0.0234375, 0.56951904296875, 0.5981541872024536
4.52019496797584, 0.0, 0.0, -0.0234375, 0.56951904296875, 0.5981541872024536
4.530235277954489, 0.0, 0.0, -0.0234375, 0.56951904296875, 0.5914726853370667
4.540261592948809, 0.0, 0.0, -0.01953125, 0.56854248046875, 0.5914726853370667
4.550306178978644, 0.0, 0.0, -0.01953125, 0.56854248046875, 0.5914726853370667
4.560314435977489, 0.0, 0.0, -0.01953125, 0.56854248046875, 0.5914726853370667
4.570255836006254, 0.0, 0.0, -0.01953125, 0.5673370361328125, 0.5914726853370667
4.580166570027359, 0.0, 0.0, -0.01953125, 0.5673370361328125, 0.5914726853370667
4.590468534966931, 0.0, 0.0, -0.01953125, 0.5673370361328125, 0.5914726853370667
4.600407970952801, 0.0, 0.0, -0.015625, 0.566680908203125, 0.5914726853370667
4.6101639019325376, 0.0, 0.0, -0.015625, 0.566680908203125, 0.5914726853370667
4.620152816991322, 0.0, 0.0, -0.015625, 0.566680908203125, 0.5914726853370667
4.630957511020824, 0.0, 0.0, -0.015625, 0.56561279296875, 0.5914726853370667
4.640166593948379, 0.0, 0.0, -0.015625, 0.56561279296875, 0.5914726853370667
4.650287110009231, 0.0, 0.0, -0.015625, 0.56561279296875, 0.5914726853370667
4.660227305023, 0.0, 0.0, -0.01171875, 0.565216064453125, 0.5914726853370667
4.670210322015919, 0.0, 0.0, -0.01171875, 0.565216064453125, 0.5914726853370667
4.68018090701662, 0.0, 0.0, -0.01171875, 0.565216064453125, 0.5914726853370667
4.690259692957625, 0.0, 0.0, -0.01171875, 0.565216064453125, 0.5914726853370667
4.700235978933051, 0.0, 0.0, -0.01171875, 0.5644073486328125, 0.5914726853370667
4.710162532981485, 0.0, 0.0, -0.01171875, 0.5644073486328125, 0.5914726853370667
4.720204674988054, 0.0, 0.0, -0.01171875, 0.5644073486328125, 0.5880809426307678
4.730233388952911, 0.0, 0.0, -0.0078125, 0.5641632080078125, 0.5880809426307678
4.740185767994262, 0.0, 0.0, -0.0078125, 0.5641632080078125, 0.5880809426307678
4.750202993978746, 0.0, 0.0, -0.0078125, 0.5641632080078125, 0.5880809426307678
4.7604476269334555, 0.0, 0.0, -0.0078125, 0.5641632080078125, 0.5880809426307678
4.770297238021158, 0.0, 0.0, -0.0078125, 0.5616302490234375, 0.5880809426307678
4.7801444380311295, 0.0, 0.0, -0.0078125, 0.5616302490234375, 0.5880809426307678
4.790172709035687, 0.0, 0.0, -0.0078125, 0.5616302490234375, 0.5880809426307678
4.80035420099739, 0.0, 0.0, -0.00390625, 0.56170654296875, 0.5880809426307678
4.810193878016435, 0.0, 0.0, -0.00390625, 0.56170654296875, 0.5880809426307678
4.820206245989539, 0.0, 0.0, -0.00390625, 0.56170654296875, 0.5880809426307678
4.830635500955395, 0.0, 0.0, -0.00390625, 0.5599517822265625, 0.5880809426307678
4.8401932009728625, 0.0, 0.0, -0.00390625, 0.5599517822265625, 0.5880809426307678
4.850320094032213, 0.0, 0.0, -0.00390625, 0.5599517822265625, 0.5880809426307678
4.860379819991067, 0.0, 0.0, -0.00390625, 0.5599517822265625, 0.5880809426307678
4.870811110013165, 0.0, 0.0, -0.0, 0.557586669921875, 0.5880809426307678
4.8801859830273315, 0.0, 0.0, -0.0, 0.557586669921875, 0.5880809426307678
4.8902284080395475, 0.0, 0.0, -0.0, 0.5573577880859375, 0.5880809426307678
4.900131906964816, 0.0, 0.0, -0.0, 0.5573577880859375, 0.5880809426307678
4.910274856025353, 0.0, 0.0, -0.0, 0.5573577880859375, 0.5880809426307678
4.920173355028965, 0.0, 0.0, -0.0, 0.5573577880859375, 0.5857717990875244
4.930448038037866, 0.0, 0.0, -0.0, 0.5572662353515625, 0.5857717990875244
4.940237310016528, 0.0, 0.0, -0.0, 0.5572662353515625, 0.5857717990875244
4.9503291479777545, 0.0, 0.0, -0.0, 0.5572662353515625, 0.5857717990875244
4.960621168022044, 0.0, 0.0, 0.00390625, 0.557342529296875, 0.5857717990875244
4.970205868012272, 0.0, 0.0, 0.00390625, 0.557342529296875, 0.5857717990875244
4.980382282985374, 0.0, 0.0, 0.00390625, 0.557342529296875, 0.5857717990875244
4.99080440599937, 0.0, 0.0, 0.00390625, 0.556243896484375, 0.5857717990875244
5.000247669988312, 0.0, 0.0, 0.00390625, 0.556243896484375, 0.5857717990875244
5.010111193987541, 0.0, 0.0, 0.00390625, 0.556243896484375, 0.5857717990875244
5.0202249709982425, 0.0, 0.0, 0.00390625, 0.556243896484375, 0.5857717990875244
5.031083671026863, 0.0, 0.0, 0.00390625, 0.55633544921875, 0.5857717990875244
5.0401743919355795, 0.0, 0.0, 0.00390625, 0.55633544921875, 0.5857717990875244
5.050141036044806, 0.0, 0.0, 0.00390625, 0.55633544921875, 0.5857717990875244
5.060487592942081, 0.0, 0.0, 0.00390625, 0.55633544921875, 0.5857717990875244
5.070351453032345, 0.0, 0.0, 0.00390625, 0.556884765625, 0.5857717990875244
5.080273819039576, 0.0, 0.0, 0.00390625, 0.556884765625, 0.5857717990875244
5.090554833994247, 0.0, 0.0, -0.0, 0.5566253662109375, 0.5857717990875244
5.100217769970186, 0.0, 0.0, -0.0, 0.5566253662109375, 0.5857717990875244
5.110137145034969, 0.0, 0.0, -0.0, 0.5566253662109375, 0.5857717990875244
5.1202265250030905, 0.0, 0.0, -0.0, 0.5566253662109375, 0.5857717990875244
5.130443398957141, 0.0, 0.0, -0.0, 0.5566253662109375, 0.5848965644836426
5.140256523038261, 0.0, 0.0, -0.0, 0.5566253662109375, 0.5848965644836426
5.150120562990196, 0.0, 0.0, 0.00390625, 0.5556488037109375, 0.5848965644836426
5.160313394968398, 0.0, 0.0, 0.00390625, 0.5556488037109375, 0.5848965644836426
5.170166334020905, 0.0, 0.0, 0.00390625, 0.5556793212890625, 0.5848965644836426
5.180235252948478, 0.0, 0.0, 0.00390625, 0.5556793212890625, 0.5848965644836426
5.190280264010653, 0.0, 0.0, 0.00390625, 0.5556793212890625, 0.5848965644836426
5.2003228450194, 0.0, 0.0, 0.00390625, 0.5538787841796875, 0.5848965644836426
5.210345970001072, 0.0, 0.0, 0.00390625, 0.5538787841796875, 0.5848965644836426
5.22020642994903, 0.0, 0.0, 0.00390625, 0.5538787841796875, 0.5848965644836426
5.231227064970881, 0.0, 0.0, 0.00390625, 0.5540313720703125, 0.5848965644836426
5.240270587964915, 0.0, 0.0, 0.00390625, 0.5540313720703125, 0.5848965644836426
5.250226853997447, 0.0, 0.0, 0.00390625, 0.5540313720703125, 0.5848965644836426
5.260210745967925, 0.0, 0.0, 0.0078125, 0.553466796875, 0.5848965644836426
5.270217617042363, 0.0, 0.0, 0.0078125, 0.553466796875, 0.5848965644836426
5.280164869967848, 0.0, 0.0, 0.0078125, 0.553466796875, 0.5848965644836426
5.290171087021008, 0.0, 0.0, 0.0078125, 0.553619384765625, 0.5848965644836426
5.3001648869831115, 0.0, 0.0, 0.0078125, 0.553619384765625, 0.5848965644836426
5.3102783400099725, 0.0, 0.0, 0.0078125, 0.553619384765625, 0.5848965644836426
5.32019743998535, 0.0, 0.0, 0.0078125, 0.553619384765625, 0.5840309858322144
5.330335360951722, 0.0, 0.0, 0.0078125, 0.5535888671875, 0.5840309858322144
5.340280230040662, 0.0, 0.0, 0.0078125, 0.5535888671875, 0.5840309858322144
5.35007838497404, 0.0, 0.0, 0.0078125, 0.5535888671875, 0.5840309858322144
5.360203651944175, 0.0, 0.0, 0.0078125, 0.5529937744140625, 0.5840309858322144
5.370252746972255, 0.0, 0.0, 0.0078125, 0.5529937744140625, 0.5840309858322144
5.380353690008633, 0.0, 0.0, 0.0078125, 0.5529937744140625, 0.5840309858322144
5.39056204399094, 0.0, 0.0, 0.0078125, 0.5532989501953125, 0.5840309858322144
5.400439410004765, 0.0, 0.0, 0.0078125, 0.5532989501953125, 0.5840309858322144
5.410218633012846, 0.0, 0.0, 0.0078125, 0.5532989501953125, 0.5840309858322144
5.420257247984409, 0.0, 0.0, 0.0078125, 0.5532989501953125, 0.5840309858322144
5.4309936329955235, 0.0, 0.0, 0.0078125, 0.5532073974609375, 0.5840309858322144
5.440281025017612, 0.0, 0.0, 0.0078125, 0.5532073974609375, 0.5840309858322144
5.4503639379981905, 0.0, 0.0, 0.0078125, 0.5532073974609375, 0.5840309858322144
5.460151545936242, 0.0, 0.0, 0.0078125, 0.5532073974609375, 0.5840309858322144
5.470375583041459, 0.0, 0.0, 0.0078125, 0.553314208984375, 0.5840309858322144
5.480169089045376, 0.0, 0.0, 0.0078125, 0.553314208984375, 0.5840309858322144
5.490238682017662, 0.0, 0.0, 0.0078125, 0.553314208984375, 0.5840309858322144
5.500195959932171, 0.0, 0.0, 0.0078125, 0.5520782470703125, 0.5840309858322144
5.510204397956841, 0.0, 0.0, 0.0078125, 0.5520782470703125, 0.5840309858322144
5.520184230990708, 0.0, 0.0, 0.0078125, 0.5520782470703125, 0.583931565284729
5.530138351023197, 0.0, 0.0, 0.0078125, 0.5523681640625, 0.583931565284729
5.540404703002423, 0.0, 0.0, 0.0078125, 0.5523681640625, 0.583931565284729
5.55014389695134, 0.0, 0.0, 0.0078125, 0.5523681640625, 0.583931565284729
5.560132976970635, 0.0, 0.0, 0.0078125, 0.5529022216796875, 0.583931565284729
5.57037378300447, 0.0, 0.0, 0.0078125, 0.5529022216796875, 0.583931565284729
5.5801863389788195, 0.0, 0.0, 0.0078125, 0.5529022216796875, 0.583931565284729
5.59041626600083, 0.0, 0.0, 0.0078125, 0.5533905029296875, 0.583931565284729
5.600132895982824, 0.0, 0.0, 0.0078125, 0.5533905029296875, 0.583931565284729
5.610165943973698, 0.0, 0.0, 0.0078125, 0.5533905029296875, 0.583931565284729
5.620199172990397, 0.0, 0.0, 0.0078125, 0.5533905029296875, 0.583931565284729
5.630172256962396, 0.0, 0.0, 0.0078125, 0.5529937744140625, 0.583931565284729
5.640240847016685, 0.0, 0.0, 0.0078125, 0.5529937744140625, 0.583931565284729
5.650335729937069, 0.0, 0.0, 0.0078125, 0.5529937744140625, 0.583931565284729
5.660234016017057, 0.0, 0.0, 0.0078125, 0.5529937744140625, 0.583931565284729
5.670213305042125, 0.0, 0.0, 0.0078125, 0.553131103515625, 0.583931565284729
5.680173379019834, 0.0, 0.0, 0.0078125, 0.553131103515625, 0.583931565284729
5.690175447030924, 0.0, 0.0, 0.0078125, 0.553131103515625, 0.583931565284729
5.700465062982403, 0.0, 0.0, 0.0078125, 0.5533294677734375, 0.583931565284729
5.710200872970745, 0.0, 0.0, 0.0078125, 0.5533294677734375, 0.583931565284729
5.720184642006643, 0.0, 0.0, 0.0078125, 0.5533294677734375, 0.5848416090011597
5.730314909946173, 0.0, 0.0, 0.0078125, 0.553131103515625, 0.5848416090011597
5.740158983971924, 0.0, 0.0, 0.0078125, 0.553131103515625, 0.5848416090011597
5.750138111994602, 0.0, 0.0, 0.0078125, 0.553131103515625, 0.5848416090011597
5.760382868931629, 0.0, 0.0, 0.0078125, 0.5535430908203125, 0.5848416090011597
5.770290481974371, 0.0, 0.0, 0.0078125, 0.5535430908203125, 0.5848416090011597
5.780220116954297, 0.0, 0.0, 0.0078125, 0.5535430908203125, 0.5848416090011597
5.790248158038594, 0.0, 0.0, 0.0078125, 0.553863525390625, 0.5848416090011597
5.800181825994514, 0.0, 0.0, 0.0078125, 0.553863525390625, 0.5848416090011597
5.810248238965869, 0.0, 0.0, 0.0078125, 0.553863525390625, 0.5848416090011597
5.820209707948379, 0.0, 0.0, 0.0078125, 0.553863525390625, 0.5848416090011597
5.830452005960979, 0.0, 0.0, 0.0078125, 0.55426025390625, 0.5848416090011597
5.840427606017329, 0.0, 0.0, 0.0078125, 0.55426025390625, 0.5848416090011597
5.850161239970475, 0.0, 0.0, 0.0078125, 0.55426025390625, 0.5848416090011597
5.860149372019805, 0.0, 0.0, 0.0078125, 0.55377197265625, 0.5848416090011597
5.870178640936501, 0.0, 0.0, 0.0078125, 0.55377197265625, 0.5848416090011597
5.880438723019324, 0.0, 0.0, 0.0078125, 0.55377197265625, 0.5848416090011597
5.890511050005443, 0.0, 0.0, 0.0078125, 0.5543975830078125, 0.5848416090011597
5.900344528956339, 0.0, 0.0, 0.0078125, 0.5543975830078125, 0.5848416090011597
5.9102876470424235, 0.0, 0.0, 0.0078125, 0.5543975830078125, 0.5848416090011597
5.920304590952583, 0.0, 0.0, 0.0078125, 0.5543975830078125, 0.5856595039367676
5.930946424021386, 0.0, 0.0, 0.0078125, 0.5545501708984375, 0.5856595039367676
5.940243048011325, 0.0, 0.0, 0.0078125, 0.5545501708984375, 0.5856595039367676
5.950169238029048, 0.0, 0.0, 0.0078125, 0.5545501708984375, 0.5856595039367676
5.960198848042637, 0.0, 0.0, 0.00390625, 0.554840087890625, 0.5856595039367676
5.970106984954327, 0.0, 0.0, 0.00390625, 0.554840087890625, 0.5856595039367676
5.980170642025769, 0.0, 0.0, 0.00390625, 0.554840087890625, 0.5856595039367676
5.990540842991322, 0.0, 0.0, 0.00390625, 0.5542755126953125, 0.5856595039367676
6.000191744999029, 0.0, 0.0, 0.00390625, 0.5542755126953125, 0.5856595039367676
6.010081144981086, 0.0, 0.0, 0.00390625, 0.5542755126953125, 0.5856595039367676
6.020174546982162, 0.0, 0.0, 0.00390625, 0.5548858642578125, 0.5856595039367676
6.030374260968529, 0.0, 0.0, 0.00390625, 0.5548858642578125, 0.5856595039367676
6.040326243033633, 0.0, 0.0, 0.00390625, 0.5548858642578125, 0.5856595039367676
6.050324606942013, 0.0, 0.0, 0.00390625, 0.5548858642578125, 0.5856595039367676
6.060440529952757, 0.0, 0.0, 0.00390625, 0.5548858642578125, 0.5856595039367676
6.070239027030766, 0.0, 0.0, 0.00390625, 0.5551910400390625, 0.5856595039367676
6.080180087941699, 0.0, 0.0, 0.00390625, 0.5551910400390625, 0.5856595039367676
6.090589195024222, 0.0, 0.0, 0.00390625, 0.55523681640625, 0.5856595039367676
6.100177431944758, 0.0, 0.0, 0.00390625, 0.55523681640625, 0.5856595039367676
6.11032574204728, 0.0, 0.0, 0.00390625, 0.55523681640625, 0.5856595039367676
6.120283814962022, 0.0, 0.0, -0.0, 0.5543975830078125, 0.5859111547470093
6.1301796570187435, 0.0, 0.0, -0.0, 0.5543975830078125, 0.5859111547470093
6.140148077043705, 0.0, 0.0, -0.0, 0.5543975830078125, 0.5859111547470093
6.150128477020189, 0.0, 0.0, -0.0, 0.5543975830078125, 0.5859111547470093
6.160174716031179, 0.0, 0.0, -0.0, 0.554473876953125, 0.5859111547470093
6.170178381958976, 0.0, 0.0, -0.0, 0.554473876953125, 0.5859111547470093
6.180176489986479, 0.0, 0.0, -0.0, 0.554473876953125, 0.5859111547470093
6.190396985039115, 0.0, 0.0, -0.0, 0.5543670654296875, 0.5859111547470093
6.200302461977117, 0.0, 0.0, -0.0, 0.5543670654296875, 0.5859111547470093
6.210219588014297, 0.0, 0.0, -0.0, 0.5543670654296875, 0.5859111547470093
6.22064907301683, 0.0, 0.0, -0.0, 0.5546112060546875, 0.5859111547470093
6.23046146100387, 0.0, 0.0, -0.0, 0.5546112060546875, 0.5859111547470093
6.240220168954693, 0.0, 0.0, -0.0, 0.5546112060546875, 0.5859111547470093
6.250207948032767, 0.0, 0.0, -0.0, 0.5546112060546875, 0.5859111547470093
6.260196891962551, 0.0, 0.0, -0.0, 0.5546112060546875, 0.5859111547470093
6.272639772971161, 0.0, 0.0, -0.00390625, 0.5537261962890625, 0.5859111547470093
6.280715411994606, 0.0, 0.0, -0.00390625, 0.5537261962890625, 0.5859111547470093
6.29024447593838, 0.0, 0.0, -0.00390625, 0.5537261962890625, 0.5859111547470093
6.300148084992543, 0.0, 0.0, -0.00390625, 0.5520477294921875, 0.5859111547470093
6.310148998047225, 0.0, 0.0, -0.00390625, 0.5520477294921875, 0.5859111547470093
6.320166487013921, 0.0, 0.0, -0.00390625, 0.5520477294921875, 0.5835409760475159
6.330264165997505, 0.0, 0.0, -0.0, 0.5519866943359375, 0.5835409760475159
6.340213277027942, 0.0, 0.0, -0.0, 0.5519866943359375, 0.5835409760475159
6.350275911972858, 0.0, 0.0, -0.0, 0.5519866943359375, 0.5835409760475159
6.360165657941252, 0.0, 0.0, -0.0, 0.5519866943359375, 0.5835409760475159
6.37026989099104, 0.0, 0.0, -0.0, 0.5511016845703125, 0.5835409760475159
6.380201168940403, 0.0, 0.0, -0.0, 0.5511016845703125, 0.5835409760475159
6.390187905984931, 0.0, 0.0, -0.0, 0.5511016845703125, 0.5835409760475159
6.400310870958492, 0.0, 0.0, -0.0, 0.5512542724609375, 0.5835409760475159
6.410181105020456, 0.0, 0.0, -0.0, 0.5512542724609375, 0.5835409760475159
6.420263814972714, 0.0, 0.0, -0.0, 0.551116943359375, 0.5835409760475159
6.430194774991833, 0.0, 0.0, -0.0, 0.551116943359375, 0.5835409760475159
6.4402464689919725, 0.0, 0.0, -0.0, 0.551116943359375, 0.5835409760475159
6.450159781030379, 0.0, 0.0, -0.0, 0.551116943359375, 0.5835409760475159
6.460412238026038, 0.0, 0.0, 0.00390625, 0.5513916015625, 0.5835409760475159
6.470454246969894, 0.0, 0.0, 0.00390625, 0.5513916015625, 0.5835409760475159
6.480158800026402, 0.0, 0.0, 0.00390625, 0.5513916015625, 0.5835409760475159
6.490212918957695, 0.0, 0.0, 0.00390625, 0.5513916015625, 0.5835409760475159
6.5005046939477324, 0.0, 0.0, 0.00390625, 0.54974365234375, 0.5835409760475159
6.5103239979362115, 0.0, 0.0, 0.00390625, 0.54974365234375, 0.5835409760475159
6.520158314029686, 0.0, 0.0, 0.00390625, 0.54974365234375, 0.581987738609314
6.53070070897229, 0.0, 0.0, 0.00390625, 0.550018310546875, 0.581987738609314
6.540225200005807, 0.0, 0.0, 0.00390625, 0.550018310546875, 0.581987738609314
6.550183085957542, 0.0, 0.0, 0.00390625, 0.550018310546875, 0.581987738609314
6.56017678999342, 0.0, 0.0, 0.00390625, 0.550018310546875, 0.581987738609314
6.570133492001332, 0.0, 0.0, 0.00390625, 0.548614501953125, 0.581987738609314
6.580223719007336, 0.0, 0.0, 0.00390625, 0.548614501953125, 0.581987738609314
6.590319267008454, 0.0, 0.0, 0.00390625, 0.548614501953125, 0.581987738609314
6.600456545013003, 0.0, 0.0, 0.00390625, 0.548858642578125, 0.581987738609314
6.610144448000938, 0.0, 0.0, 0.00390625, 0.548858642578125, 0.581987738609314
6.620767039945349, 0.0, 0.0, 0.00390625, 0.548858642578125, 0.581987738609314
6.630306959035806, 0.0, 0.0, 0.00390625, 0.5477294921875, 0.581987738609314
6.640241676010191, 0.0, 0.0, 0.00390625, 0.5477294921875, 0.581987738609314
6.650299972039647, 0.0, 0.0, 0.00390625, 0.5477294921875, 0.581987738609314
6.660277195041999, 0.0, 0.0, -0.0, 0.54644775390625, 0.581987738609314
6.670138380024582, 0.0, 0.0, -0.0, 0.54644775390625, 0.581987738609314
6.680307982023805, 0.0, 0.0, -0.0, 0.54644775390625, 0.581987738609314
6.690611402969807, 0.0, 0.0, -0.0, 0.54644775390625, 0.581987738609314
6.700297725968994, 0.0, 0.0, -0.0, 0.5461273193359375, 0.581987738609314
6.710238185944036, 0.0, 0.0, -0.0, 0.5461273193359375, 0.581987738609314
6.720148143940605, 0.0, 0.0, -0.0, 0.5461273193359375, 0.5790444016456604
6.7301432909443974, 0.0, 0.0, -0.0, 0.545989990234375, 0.5790444016456604
6.740194287034683, 0.0, 0.0, -0.0, 0.545989990234375, 0.5790444016456604
6.750180416041985, 0.0, 0.0, -0.0, 0.545989990234375, 0.5790444016456604
6.76019441394601, 0.0, 0.0, -0.0, 0.545989990234375, 0.5790444016456604
6.770524785039015, 0.0, 0.0, -0.0, 0.543853759765625, 0.5790444016456604
6.780356902978383, 0.0, 0.0, -0.0, 0.543853759765625, 0.5790444016456604
6.7903573239455, 0.0, 0.0, -0.0, 0.543853759765625, 0.5790444016456604
6.800165588967502, 0.0, 0.0, -0.0, 0.543792724609375, 0.5790444016456604
6.810119612957351, 0.0, 0.0, -0.0, 0.543792724609375, 0.5790444016456604
6.820695347967558, 0.0, 0.0, 0.00390625, 0.543792724609375, 0.5790444016456604
6.830176849965937, 0.0, 0.0, 0.00390625, 0.543792724609375, 0.5790444016456604
6.840187325025909, 0.0, 0.0, 0.00390625, 0.543792724609375, 0.5790444016456604
6.850139057962224, 0.0, 0.0, 0.00390625, 0.543792724609375, 0.5790444016456604
6.860196328023449, 0.0, 0.0, 0.00390625, 0.543792724609375, 0.5790444016456604
6.870387005037628, 0.0, 0.0, 0.00390625, 0.54443359375, 0.5790444016456604
6.8802382909925655, 0.0, 0.0, 0.00390625, 0.54443359375, 0.5790444016456604
6.890246205963194, 0.0, 0.0, 0.00390625, 0.54443359375, 0.5790444016456604
6.900162562029436, 0.0, 0.0, 0.00390625, 0.54443359375, 0.5790444016456604
6.910192618961446, 0.0, 0.0, 0.0078125, 0.5442657470703125, 0.5790444016456604
6.920363885932602, 0.0, 0.0, 0.0078125, 0.5442657470703125, 0.5793013572692871
6.930170834995806, 0.0, 0.0, 0.0078125, 0.545989990234375, 0.5793013572692871
6.940230075037107, 0.0, 0.0, 0.0078125, 0.545989990234375, 0.5793013572692871
6.950685212039389, 0.0, 0.0, 0.0078125, 0.545989990234375, 0.5793013572692871
6.960364853031933, 0.0, 0.0, 0.0078125, 0.545989990234375, 0.5793013572692871
6.970353991957381, 0.0, 0.0, 0.0078125, 0.545989990234375, 0.5793013572692871
6.980176907964051, 0.0, 0.0, 0.01171875, 0.546234130859375, 0.5793013572692871
6.990198671934195, 0.0, 0.0, 0.01171875, 0.546234130859375, 0.5793013572692871
7.000177314970642, 0.0, 0.0, 0.01171875, 0.546234130859375, 0.5793013572692871
