time, reference_vz, command_gaz, speed_z, altitude, altitude_above_to
0.0, 0.0, 0.0, 0.0, 0.0, 0.0
0.010480116005055606, 0.36000001430511475, 0.0, -0.0, 1.0623016357421875, 1.0547235012054443
0.02045315899886191, 0.36000001430511475, 0.36000001430511475, -0.0, 1.0623016357421875, 1.0547235012054443
0.030563979991711676, 0.36000001430511475, 0.36000001430511475, -0.0, 1.0623016357421875, 1.0547235012054443
0.040284740971401334, 0.36000001430511475, 0.36000001430511475, -0.0, 1.0623016357421875, 1.0547235012054443
0.05080775893293321, 0.36000001430511475, 0.36000001430511475, -0.0, 1.06146240234375, 1.0547235012054443
0.060415255022235215, 0.36000001430511475, 0.36000001430511475, -0.0, 1.06146240234375, 1.0547235012054443
0.07026830897666514, 0.36000001430511475, 0.36000001430511475, -0.0, 1.06146240234375, 1.0547235012054443
0.08046429394744337, 0.36000001430511475, 0.36000001430511475, -0.0, 1.0618743896484375, 1.0547235012054443
0.09028392098844051, 0.36000001430511475, 0.36000001430511475, -0.0, 1.0618743896484375, 1.0547235012054443
0.10020929994061589, 0.36000001430511475, 0.36000001430511475, -0.0, 1.0629425048828125, 1.0547235012054443
0.11036917893216014, 0.36000001430511475, 0.36000001430511475, -0.0, 1.0629425048828125, 1.0547235012054443
0.1203686170047149, 0.36000001430511475, 0.36000001430511475, -0.0, 1.0629425048828125, 1.0547235012054443
0.13028420601040125, 0.36000001430511475, 0.36000001430511475, -0.0, 1.063629150390625, 1.0547235012054443
0.14020425092894584, 0.36000001430511475, 0.36000001430511475, -0.0, 1.063629150390625, 1.0547235012054443
0.1502552869496867, 0.36000001430511475, 0.36000001430511475, -0.0, 1.063629150390625, 1.0547235012054443
0.16050255892332643, 0.36000001430511475, 0.36000001430511475, -0.0, 1.063629150390625, 1.0547235012054443
0.1703420749399811, 0.36000001430511475, 0.36000001430511475, -0.0, 1.063629150390625, 1.0547235012054443
0.1802827239735052, 0.36000001430511475, 0.36000001430511475, 0.0234375, 1.0657501220703125, 1.0547235012054443
0.19047480600420386, 0.36000001430511475, 0.36000001430511475, 0.0234375, 1.0657501220703125, 1.0623246431350708
0.2003189759561792, 0.36000001430511475, 0.36000001430511475, 0.1015625, 1.0675201416015625, 1.0623246431350708
0.2105703839333728, 0.36000001430511475, 0.36000001430511475, 0.1015625, 1.0675201416015625, 1.0623246431350708
0.2202674689469859, 0.36000001430511475, 0.36000001430511475, 0.1015625, 1.0675201416015625, 1.0623246431350708
0.23034251399803907, 0.36000001430511475, 0.36000001430511475, 0.1015625, 1.0675201416015625, 1.0623246431350708
0.24038421793375164, 0.36000001430511475, 0.36000001430511475, 0.21484375, 1.072784423828125, 1.0623246431350708
0.25020471797324717, 0.36000001430511475, 0.36000001430511475, 0.21484375, 1.072784423828125, 1.0623246431350708
0.2607212789589539, 0.36000001430511475, 0.36000001430511475, 0.21484375, 1.072784423828125, 1.0623246431350708
0.27021136693656445, 0.36000001430511475, 0.36000001430511475, 0.21484375, 1.072784423828125, 1.0623246431350708
0.28046143299434334, 0.36000001430511475, 0.36000001430511475, 0.27734375, 1.0803070068359375, 1.0623246431350708
0.29026544000953436, 0.36000001430511475, 0.36000001430511475, 0.27734375, 1.0803070068359375, 1.0623246431350708
0.3002294299658388, 0.36000001430511475, 0.36000001430511475, 0.27734375, 1.0803070068359375, 1.0623246431350708
0.31039852497633547, 0.36000001430511475, 0.36000001430511475, 0.30078125, 1.087799072265625, 1.0623246431350708
0.32014566799625754, 0.36000001430511475, 0.36000001430511475, 0.30078125, 1.087799072265625, 1.0623246431350708
0.3306019540177658, 0.36000001430511475, 0.36000001430511475, 0.30078125, 1.087799072265625, 1.0623246431350708
0.3420646790182218, 0.36000001430511475, 0.36000001430511475, 0.31640625, 1.099639892578125, 1.0623246431350708
0.3504833020269871, 0.36000001430511475, 0.36000001430511475, 0.31640625, 1.099639892578125, 1.0623246431350708
0.3601803849451244, 0.36000001430511475, 0.36000001430511475, 0.31640625, 1.099639892578125, 1.0623246431350708
0.3704714470077306, 0.36000001430511475, 0.36000001430511475, 0.32421875, 1.10943603515625, 1.0623246431350708
0.38045352895278484, 0.36000001430511475, 0.36000001430511475, 0.32421875, 1.10943603515625, 1.1220884323120117
0.3902314039878547, 0.36000001430511475, 0.36000001430511475, 0.32421875, 1.10943603515625, 1.1220884323120117
0.4002231019549072, 0.36000001430511475, 0.36000001430511475, 0.33203125, 1.1174163818359375, 1.1220884323120117
0.4103555449983105, 0.36000001430511475, 0.36000001430511475, 0.33203125, 1.1174163818359375, 1.1220884323120117
0.4202217139536515, 0.36000001430511475, 0.36000001430511475, 0.33203125, 1.1174163818359375, 1.1220884323120117
0.4301908649504185, 0.36000001430511475, 0.36000001430511475, 0.33203125, 1.1174163818359375, 1.1220884323120117
0.44047598901670426, 0.36000001430511475, 0.36000001430511475, 0.3359375, 1.13092041015625, 1.1220884323120117
0.45049169892445207, 0.36000001430511475, 0.36000001430511475, 0.3359375, 1.13092041015625, 1.1220884323120117
0.46032524295151234, 0.36000001430511475, 0.36000001430511475, 0.3359375, 1.13092041015625, 1.1220884323120117
0.47092015796806663, 0.36000001430511475, 0.36000001430511475, 0.3359375, 1.1387481689453125, 1.1220884323120117
0.48029744799714535, 0.36000001430511475, 0.36000001430511475, 0.3359375, 1.1387481689453125, 1.1220884323120117
0.49016729393042624, 0.36000001430511475, 0.36000001430511475, 0.3359375, 1.1387481689453125, 1.1220884323120117
0.5003850880311802, 0.36000001430511475, 0.36000001430511475, 0.33984375, 1.14874267578125, 1.1220884323120117
0.5104203289374709, 0.36000001430511475, 0.36000001430511475, 0.33984375, 1.14874267578125, 1.1220884323120117
0.5205150130204856, 0.36000001430511475, 0.36000001430511475, 0.33984375, 1.14874267578125, 1.1220884323120117
0.530307714943774, 0.36000001430511475, 0.36000001430511475, 0.33984375, 1.14874267578125, 1.1220884323120117
0.541207920992747, 0.36000001430511475, 0.36000001430511475, 0.34375, 1.160003662109375, 1.1220884323120117
0.5504180379211903, 0.36000001430511475, 0.36000001430511475, 0.34375, 1.160003662109375, 1.1220884323120117
0.5601806259946898, 0.36000001430511475, 0.36000001430511475, 0.34375, 1.160003662109375, 1.1220884323120117
0.5703155000228435, 0.36000001430511475, 0.36000001430511475, 0.34375, 1.160003662109375, 1.1220884323120117
0.5804315049899742, 0.36000001430511475, 0.36000001430511475, 0.34765625, 1.1706085205078125, 1.1220884323120117
0.5904159229248762, 0.36000001430511475, 0.36000001430511475, 0.34765625, 1.1706085205078125, 1.1885201930999756
0.600316539988853, 0.36000001430511475, 0.36000001430511475, 0.34765625, 1.1706085205078125, 1.1885201930999756
0.6104062689701095, 0.36000001430511475, 0.36000001430511475, 0.34765625, 1.1812286376953125, 1.1885201930999756
0.6206714329309762, 0.36000001430511475, 0.36000001430511475, 0.34765625, 1.1812286376953125, 1.1885201930999756
0.6307060270337388, 0.36000001430511475, 0.36000001430511475, 0.34765625, 1.1812286376953125, 1.1885201930999756
0.6405920729739591, 0.36000001430511475, 0.36000001430511475, 0.3515625, 1.1935577392578125, 1.1885201930999756
0.6511783989844844, 0.36000001430511475, 0.36000001430511475, 0.3515625, 1.1935577392578125, 1.1885201930999756
0.6604453719919547, 0.36000001430511475, 0.36000001430511475, 0.3515625, 1.1935577392578125, 1.1885201930999756
0.6703294649487361, 0.36000001430511475, 0.36000001430511475, 0.3515625, 1.1935577392578125, 1.1885201930999756
0.6804469620110467, 0.36000001430511475, 0.36000001430511475, 0.3515625, 1.20416259765625, 1.1885201930999756
0.6901801719795913, 0.36000001430511475, 0.36000001430511475, 0.3515625, 1.20416259765625, 1.1885201930999756
0.7014993990305811, 0.36000001430511475, 0.36000001430511475, 0.3515625, 1.2147674560546875, 1.1885201930999756
0.7102881160099059, 0.36000001430511475, 0.36000001430511475, 0.3515625, 1.2147674560546875, 1.1885201930999756
0.7204190359916538, 0.36000001430511475, 0.36000001430511475, 0.3515625, 1.2147674560546875, 1.1885201930999756
0.7302506149280816, 0.36000001430511475, 0.36000001430511475, 0.3515625, 1.2147674560546875, 1.1885201930999756
0.7403709660284221, 0.36000001430511475, 0.36000001430511475, 0.34765625, 1.228485107421875, 1.1885201930999756
0.75030317902565, 0.36000001430511475, 0.36000001430511475, 0.34765625, 1.228485107421875, 1.1885201930999756
0.7606569629861042, 0.36000001430511475, 0.36000001430511475, 0.34765625, 1.228485107421875, 1.1885201930999756
0.7708306619897485, 0.36000001430511475, 0.36000001430511475, 0.34765625, 1.228485107421875, 1.1885201930999756
0.7804149510338902, 0.36000001430511475, 0.36000001430511475, 0.3515625, 1.2399749755859375, 1.1885201930999756
0.7904172480339184, 0.36000001430511475, 0.36000001430511475, 0.3515625, 1.2399749755859375, 1.2575045824050903
0.8002569939708337, 0.36000001430511475, 0.36000001430511475, 0.3515625, 1.2505035400390625, 1.2575045824050903
0.8102060629753396, 0.36000001430511475, 0.36000001430511475, 0.3515625, 1.2505035400390625, 1.2575045824050903
0.8201630329713225, 0.36000001430511475, 0.36000001430511475, 0.3515625, 1.2505035400390625, 1.2575045824050903
0.8302518869750202, 0.36000001430511475, 0.36000001430511475, 0.3515625, 1.2505035400390625, 1.2575045824050903
0.8402042220113799, 0.36000001430511475, 0.36000001430511475, 0.34765625, 1.2651214599609375, 1.2575045824050903
0.8502399499993771, 0.36000001430511475, 0.36000001430511475, 0.34765625, 1.2651214599609375, 1.2575045824050903
0.8602107239421457, 0.36000001430511475, 0.36000001430511475, 0.34765625, 1.2651214599609375, 1.2575045824050903
0.8703536839457229, 0.36000001430511475, 0.36000001430511475, 0.34765625, 1.2651214599609375, 1.2575045824050903
0.8801997390110046, 0.36000001430511475, 0.36000001430511475, 0.3515625, 1.275726318359375, 1.2575045824050903
0.8902148199267685, 0.36000001430511475, 0.36000001430511475, 0.3515625, 1.275726318359375, 1.2575045824050903
0.9003574239322916, 0.36000001430511475, 0.36000001430511475, 0.3515625, 1.284515380859375, 1.2575045824050903
0.9102637999458238, 0.36000001430511475, 0.36000001430511475, 0.3515625, 1.284515380859375, 1.2575045824050903
0.9202686659991741, 0.36000001430511475, 0.36000001430511475, 0.3515625, 1.284515380859375, 1.2575045824050903
0.9303541829576716, 0.36000001430511475, 0.36000001430511475, 0.3515625, 1.284515380859375, 1.2575045824050903
0.940288936952129, 0.36000001430511475, 0.36000001430511475, 0.35546875, 1.296783447265625, 1.2575045824050903
0.9504117550095543, 0.36000001430511475, 0.36000001430511475, 0.35546875, 1.296783447265625, 1.2575045824050903
0.9604397909715772, 0.36000001430511475, 0.36000001430511475, 0.35546875, 1.296783447265625, 1.2575045824050903
0.9710893150186166, 0.36000001430511475, 0.36000001430511475, 0.35546875, 1.296783447265625, 1.2575045824050903
0.9804903490003198, 0.36000001430511475, 0.36000001430511475, 0.35546875, 1.296783447265625, 1.2575045824050903
0.990414061001502, 0.36000001430511475, 0.36000001430511475, 0.35546875, 1.3097076416015625, 1.3281646966934204
1.000276178936474, 0.36000001430511475, 0.36000001430511475, 0.35546875, 1.3204498291015625, 1.3281646966934204
1.0103322599316016, 0.36000001430511475, 0.36000001430511475, 0.35546875, 1.3204498291015625, 1.3281646966934204
1.0202792219351977, 0.36000001430511475, 0.36000001430511475, 0.35546875, 1.3204498291015625, 1.3281646966934204
1.0302442680113018, 0.36000001430511475, 0.36000001430511475, 0.35546875, 1.3204498291015625, 1.3281646966934204
1.0405369770014659, 0.36000001430511475, 0.36000001430511475, 0.359375, 1.332366943359375, 1.3281646966934204
1.0501777729950845, 0.36000001430511475, 0.36000001430511475, 0.359375, 1.332366943359375, 1.3281646966934204
1.0602828959235922, 0.36000001430511475, 0.36000001430511475, 0.359375, 1.332366943359375, 1.3281646966934204
1.0706420260248706, 0.36000001430511475, 0.36000001430511475, 0.359375, 1.343292236328125, 1.3281646966934204
1.0801486609270796, 0.36000001430511475, 0.36000001430511475, 0.359375, 1.343292236328125, 1.3281646966934204
1.0902145239524543, 0.36000001430511475, 0.36000001430511475, 0.359375, 1.343292236328125, 1.3281646966934204
1.1002186769619584, 0.36000001430511475, 0.36000001430511475, 0.35546875, 1.355987548828125, 1.3281646966934204
1.1102076990064234, 0.36000001430511475, 0.36000001430511475, 0.35546875, 1.355987548828125, 1.3281646966934204
1.1202404130017385, 0.36000001430511475, 0.36000001430511475, 0.35546875, 1.355987548828125, 1.3281646966934204
1.1302993249846622, 0.36000001430511475, 0.36000001430511475, 0.35546875, 1.355987548828125, 1.3281646966934204
1.1402987269684672, 0.36000001430511475, 0.36000001430511475, 0.35546875, 1.3700714111328125, 1.3281646966934204
1.1502792859682813, 0.36000001430511475, 0.36000001430511475, 0.35546875, 1.3700714111328125, 1.3281646966934204
1.1602081849705428, 0.36000001430511475, 0.36000001430511475, 0.35546875, 1.3700714111328125, 1.3281646966934204
1.170375489979051, 0.36000001430511475, 0.36000001430511475, 0.35546875, 1.3700714111328125, 1.3281646966934204
1.1805444259662181, 0.36000001430511475, 0.36000001430511475, 0.35546875, 1.380523681640625, 1.397682547569275
1.1902934520039707, 0.36000001430511475, 0.36000001430511475, 0.35546875, 1.380523681640625, 1.397682547569275
1.2005819519981742, 0.36000001430511475, 0.36000001430511475, 0.35546875, 1.390960693359375, 1.397682547569275
1.2103740950115025, 0.36000001430511475, 0.36000001430511475, 0.35546875, 1.390960693359375, 1.397682547569275
1.2206354190129787, 0.36000001430511475, 0.36000001430511475, 0.35546875, 1.390960693359375, 1.397682547569275
1.230194314965047, 0.36000001430511475, 0.36000001430511475, 0.35546875, 1.390960693359375, 1.397682547569275
1.2401778949424624, 0.36000001430511475, 0.36000001430511475, 0.359375, 1.4036102294921875, 1.397682547569275
1.2501708240015432, 0.36000001430511475, 0.36000001430511475, 0.359375, 1.4036102294921875, 1.397682547569275
1.2601853639353067, 0.36000001430511475, 0.36000001430511475, 0.359375, 1.4036102294921875, 1.397682547569275
1.2701781439827755, 0.36000001430511475, 0.36000001430511475, 0.35546875, 1.416229248046875, 1.397682547569275
1.280668047023937, 0.36000001430511475, 0.36000001430511475, 0.35546875, 1.416229248046875, 1.397682547569275
1.2901931569213048, 0.36000001430511475, 0.36000001430511475, 0.35546875, 1.416229248046875, 1.397682547569275
1.300198663957417, 0.36000001430511475, 0.36000001430511475, 0.35546875, 1.427215576171875, 1.397682547569275
1.3102422970114276, 0.36000001430511475, 0.36000001430511475, 0.35546875, 1.427215576171875, 1.397682547569275
1.3202287559397519, 0.36000001430511475, 0.36000001430511475, 0.35546875, 1.427215576171875, 1.397682547569275
1.3301417350303382, 0.36000001430511475, 0.36000001430511475, 0.35546875, 1.427215576171875, 1.397682547569275
1.3402491490123793, 0.36000001430511475, 0.36000001430511475, 0.359375, 1.4399261474609375, 1.397682547569275
1.3502132799476385, 0.36000001430511475, 0.36000001430511475, 0.359375, 1.4399261474609375, 1.397682547569275
1.3602038190001622, 0.36000001430511475, 0.36000001430511475, 0.359375, 1.4399261474609375, 1.397682547569275
1.3702628599712625, 0.36000001430511475, 0.36000001430511475, 0.359375, 1.4510498046875, 1.397682547569275
1.380236799013801, 0.36000001430511475, 0.36000001430511475, 0.359375, 1.4510498046875, 1.47212815284729
1.3901774649275467, 0.36000001430511475, 0.36000001430511475, 0.359375, 1.4510498046875, 1.47212815284729
1.4003134929807857, 0.36000001430511475, 0.36000001430511475, 0.359375, 1.4618988037109375, 1.47212815284729
1.410343513940461, 0.36000001430511475, 0.36000001430511475, 0.359375, 1.4618988037109375, 1.47212815284729
1.420428595971316, 0.36000001430511475, 0.36000001430511475, 0.359375, 1.4618988037109375, 1.47212815284729
1.430258790962398, 0.36000001430511475, 0.36000001430511475, 0.359375, 1.4618988037109375, 1.47212815284729
1.4403158149216324, 0.36000001430511475, 0.36000001430511475, 0.359375, 1.4618988037109375, 1.47212815284729
1.4503480269340798, 0.36000001430511475, 0.36000001430511475, 0.35546875, 1.477996826171875, 1.47212815284729
1.460256916936487, 0.36000001430511475, 0.36000001430511475, 0.35546875, 1.477996826171875, 1.47212815284729
1.4704525829292834, 0.36000001430511475, 0.36000001430511475, 0.35546875, 1.477996826171875, 1.47212815284729
1.4803409320302308, 0.36000001430511475, 0.36000001430511475, 0.35546875, 1.490142822265625, 1.47212815284729
1.4902958519523963, 0.36000001430511475, 0.36000001430511475, 0.35546875, 1.490142822265625, 1.47212815284729
1.5006545389769599, 0.36000001430511475, 0.36000001430511475, 0.35546875, 1.5009307861328125, 1.47212815284729
1.510238884948194, 0.36000001430511475, 0.36000001430511475, 0.35546875, 1.5009307861328125, 1.47212815284729
1.5203723539598286, 0.36000001430511475, 0.36000001430511475, 0.35546875, 1.5009307861328125, 1.47212815284729
1.5302432699827477, 0.36000001430511475, 0.36000001430511475, 0.35546875, 1.5009307861328125, 1.47212815284729
1.5404494049726054, 0.36000001430511475, 0.36000001430511475, 0.35546875, 1.509185791015625, 1.47212815284729
1.5502495139371604, 0.36000001430511475, 0.36000001430511475, 0.35546875, 1.509185791015625, 1.47212815284729
1.5602647869382054, 0.36000001430511475, 0.36000001430511475, 0.35546875, 1.509185791015625, 1.47212815284729
1.5705230670282617, 0.36000001430511475, 0.36000001430511475, 0.35546875, 1.5195159912109375, 1.47212815284729
1.5807521499227732, 0.36000001430511475, 0.36000001430511475, 0.35546875, 1.5195159912109375, 1.47212815284729
1.5922871039947495, 0.36000001430511475, 0.36000001430511475, 0.35546875, 1.5195159912109375, 1.543134093284607
1.6008139220066369, 0.36000001430511475, 0.36000001430511475, 0.35546875, 1.5195159912109375, 1.543134093284607
1.6102189649827778, 0.36000001430511475, 0.36000001430511475, 0.3515625, 1.529541015625, 1.543134093284607
1.620350991957821, 0.36000001430511475, 0.36000001430511475, 0.3515625, 1.529541015625, 1.543134093284607
1.630262127961032, 0.36000001430511475, 0.36000001430511475, 0.3515625, 1.529541015625, 1.543134093284607
1.6407782339956611, 0.36000001430511475, 0.36000001430511475, 0.35546875, 1.54376220703125, 1.543134093284607
1.650279461988248, 0.36000001430511475, 0.36000001430511475, 0.35546875, 1.54376220703125, 1.543134093284607
1.6606409719679505, 0.36000001430511475, 0.36000001430511475, 0.35546875, 1.54376220703125, 1.543134093284607
1.6704342489829287, 0.36000001430511475, 0.36000001430511475, 0.35546875, 1.54376220703125, 1.543134093284607
1.6805579219944775, 0.36000001430511475, 0.36000001430511475, 0.35546875, 1.5554351806640625, 1.543134093284607
1.690161618986167, 0.36000001430511475, 0.36000001430511475, 0.35546875, 1.5554351806640625, 1.543134093284607
1.7005995939252898, 0.36000001430511475, 0.36000001430511475, 0.35546875, 1.567962646484375, 1.543134093284607
1.7101828249869868, 0.36000001430511475, 0.36000001430511475, 0.35546875, 1.567962646484375, 1.543134093284607
1.7202792069874704, 0.36000001430511475, 0.36000001430511475, 0.35546875, 1.567962646484375, 1.543134093284607
1.7301424639299512, 0.36000001430511475, 0.36000001430511475, 0.35546875, 1.567962646484375, 1.543134093284607
1.7405158169567585, 0.36000001430511475, 0.36000001430511475, 0.35546875, 1.5811004638671875, 1.543134093284607
1.7501810709945858, 0.36000001430511475, 0.36000001430511475, 0.35546875, 1.5811004638671875, 1.543134093284607
1.760203734971583, 0.36000001430511475, 0.36000001430511475, 0.35546875, 1.5811004638671875, 1.543134093284607
1.770301277982071, 0.36000001430511475, 0.36000001430511475, 0.35546875, 1.5932769775390625, 1.543134093284607
1.7803630959242582, 0.36000001430511475, 0.36000001430511475, 0.35546875, 1.5932769775390625, 1.6109704971313477
1.7903405870310962, 0.36000001430511475, 0.36000001430511475, 0.35546875, 1.5932769775390625, 1.6109704971313477
1.8001905309502035, 0.36000001430511475, 0.36000001430511475, 0.35546875, 1.5932769775390625, 1.6109704971313477
1.8102511509787291, 0.36000001430511475, 0.36000001430511475, 0.359375, 1.605560302734375, 1.6109704971313477
1.8202081819763407, 0.36000001430511475, 0.36000001430511475, 0.359375, 1.605560302734375, 1.6109704971313477
1.8304059479851276, 0.36000001430511475, 0.36000001430511475, 0.359375, 1.605560302734375, 1.6109704971313477
1.840503612998873, 0.36000001430511475, 0.36000001430511475, 0.359375, 1.615142822265625, 1.6109704971313477
1.8504103919258341, 0.36000001430511475, 0.36000001430511475, 0.359375, 1.615142822265625, 1.6109704971313477
1.8601706519257277, 0.36000001430511475, 0.36000001430511475, 0.359375, 1.615142822265625, 1.6109704971313477
1.8704240130027756, 0.36000001430511475, 0.36000001430511475, 0.359375, 1.626617431640625, 1.6109704971313477
1.8802080859895796, 0.36000001430511475, 0.36000001430511475, 0.359375, 1.626617431640625, 1.6109704971313477
1.8904522620141506, 0.36000001430511475, 0.36000001430511475, 0.359375, 1.626617431640625, 1.6109704971313477
1.9003831560257822, 0.36000001430511475, 0.36000001430511475, 0.359375, 1.626617431640625, 1.6109704971313477
1.9105151810217649, 0.36000001430511475, 0.36000001430511475, 0.359375, 1.626617431640625, 1.6109704971313477
1.9207511199638247, 0.36000001430511475, 0.36000001430511475, 0.359375, 1.6387939453125, 1.6109704971313477
1.9303566369926557, 0.36000001430511475, 0.36000001430511475, 0.359375, 1.6387939453125, 1.6109704971313477
1.9402386749861762, 0.36000001430511475, 0.36000001430511475, 0.359375, 1.6387939453125, 1.6109704971313477
1.950245328946039, 0.36000001430511475, 0.36000001430511475, 0.3671875, 1.6504669189453125, 1.6109704971313477
1.960243907989934, 0.36000001430511475, 0.36000001430511475, 0.3671875, 1.6504669189453125, 1.6109704971313477
1.9707310199737549, 0.36000001430511475, 0.36000001430511475, 0.3671875, 1.6591033935546875, 1.6109704971313477
1.980283705983311, 0.36000001430511475, 0.36000001430511475, 0.3671875, 1.6591033935546875, 1.6809996366500854
1.990238700993359, 0.36000001430511475, 0.36000001430511475, 0.3671875, 1.6591033935546875, 1.6809996366500854
2.0005400480004027, 0.36000001430511475, 0.36000001430511475, 0.3671875, 1.6591033935546875, 1.6809996366500854
2.0105350869707763, -0.36000001430511475, 0.36000001430511475, 0.3671875, 1.672698974609375, 1.6809996366500854
2.0202904739417136, -0.36000001430511475, -0.36000001430511475, 0.3671875, 1.672698974609375, 1.6809996366500854
2.030431875027716, -0.36000001430511475, -0.36000001430511475, 0.3671875, 1.672698974609375, 1.6809996366500854
2.0404345899587497, -0.36000001430511475, -0.36000001430511475, 0.37109375, 1.6842193603515625, 1.6809996366500854
2.050302700023167, -0.36000001430511475, -0.36000001430511475, 0.37109375, 1.6842193603515625, 1.6809996366500854
2.0602225329494104, -0.36000001430511475, -0.36000001430511475, 0.37109375, 1.6842193603515625, 1.6809996366500854
2.0708851739764214, -0.36000001430511475, -0.36000001430511475, 0.37109375, 1.69635009765625, 1.6809996366500854
2.0803134229499847, -0.36000001430511475, -0.36000001430511475, 0.37109375, 1.69635009765625, 1.6809996366500854
2.0914177789818496, -0.36000001430511475, -0.36000001430511475, 0.37109375, 1.69635009765625, 1.6809996366500854
2.10101910692174, -0.36000001430511475, -0.36000001430511475, 0.37109375, 1.69635009765625, 1.6809996366500854
2.110203690943308, -0.36000001430511475, -0.36000001430511475, 0.37109375, 1.69635009765625, 1.6809996366500854
2.1202563639963046, -0.36000001430511475, -0.36000001430511475, 0.37109375, 1.710113525390625, 1.6809996366500854
2.1301536459941417, -0.36000001430511475, -0.36000001430511475, 0.37109375, 1.710113525390625, 1.6809996366500854
2.140614638919942, -0.36000001430511475, -0.36000001430511475, 0.375, 1.720855712890625, 1.6809996366500854
2.1501840869896114, -0.36000001430511475, -0.36000001430511475, 0.375, 1.720855712890625, 1.6809996366500854
2.160273927031085, -0.36000001430511475, -0.36000001430511475, 0.375, 1.720855712890625, 1.6809996366500854
2.1702258120058104, -0.36000001430511475, -0.36000001430511475, 0.35546875, 1.731842041015625, 1.6809996366500854
2.180152544984594, -0.36000001430511475, -0.36000001430511475, 0.35546875, 1.731842041015625, 1.746282935142517
2.1901674829423428, -0.36000001430511475, -0.36000001430511475, 0.35546875, 1.731842041015625, 1.746282935142517
2.2007295029470697, -0.36000001430511475, -0.36000001430511475, 0.26953125, 1.742431640625, 1.746282935142517
2.210268686991185, -0.36000001430511475, -0.36000001430511475, 0.26953125, 1.742431640625, 1.746282935142517
2.2205913140205666, -0.36000001430511475, -0.36000001430511475, 0.26953125, 1.742431640625, 1.746282935142517
2.230491260997951, -0.36000001430511475, -0.36000001430511475, 0.26953125, 1.742431640625, 1.746282935142517
2.2401953829685226, -0.36000001430511475, -0.36000001430511475, 0.1328125, 1.7491302490234375, 1.746282935142517
2.2502245699288324, -0.36000001430511475, -0.36000001430511475, 0.1328125, 1.7491302490234375, 1.746282935142517
2.260296441963874, -0.36000001430511475, -0.36000001430511475, 0.1328125, 1.7491302490234375, 1.746282935142517
2.2703010980039835, -0.36000001430511475, -0.36000001430511475, -0.0, 1.7469024658203125, 1.746282935142517
2.280209959950298, -0.36000001430511475, -0.36000001430511475, -0.0, 1.7469024658203125, 1.746282935142517
2.2902181720128283, -0.36000001430511475, -0.36000001430511475, -0.0, 1.7469024658203125, 1.746282935142517
2.300401223008521, -0.36000001430511475, -0.36000001430511475, -0.0, 1.7469024658203125, 1.746282935142517
2.31025191093795, -0.36000001430511475, -0.36000001430511475, -0.14453125, 1.7425994873046875, 1.746282935142517
2.3202185570262372, -0.36000001430511475, -0.36000001430511475, -0.14453125, 1.7425994873046875, 1.746282935142517
2.33024113799911, -0.36000001430511475, -0.36000001430511475, -0.14453125, 1.7425994873046875, 1.746282935142517
2.3402002289658412, -0.36000001430511475, -0.36000001430511475, -0.2109375, 1.7391815185546875, 1.746282935142517
2.3502688020234928, -0.36000001430511475, -0.36000001430511475, -0.2109375, 1.7391815185546875, 1.746282935142517
2.3601849749684334, -0.36000001430511475, -0.36000001430511475, -0.2109375, 1.7391815185546875, 1.746282935142517
2.3704787029419094, -0.36000001430511475, -0.36000001430511475, -0.2109375, 1.7391815185546875, 1.746282935142517
2.38070603297092, -0.36000001430511475, -0.36000001430511475, -0.25390625, 1.7310791015625, 1.7162034511566162
2.390274352976121, -0.36000001430511475, -0.36000001430511475, -0.25390625, 1.7310791015625, 1.7162034511566162
2.4002844019560143, -0.36000001430511475, -0.36000001430511475, -0.25390625, 1.7310791015625, 1.7162034511566162
2.4101929439930245, -0.36000001430511475, -0.36000001430511475, -0.27734375, 1.722869873046875, 1.7162034511566162
2.4204456709558144, -0.36000001430511475, -0.36000001430511475, -0.27734375, 1.722869873046875, 1.7162034511566162
2.430341550032608, -0.36000001430511475, -0.36000001430511475, -0.27734375, 1.722869873046875, 1.7162034511566162
2.4402100349543616, -0.36000001430511475, -0.36000001430511475, -0.2890625, 1.713836669921875, 1.7162034511566162
2.4502781969495118, -0.36000001430511475, -0.36000001430511475, -0.2890625, 1.713836669921875, 1.7162034511566162
2.4602402539458126, -0.36000001430511475, -0.36000001430511475, -0.2890625, 1.713836669921875, 1.7162034511566162
2.4702739409403875, -0.36000001430511475, -0.36000001430511475, -0.296875, 1.708831787109375, 1.7162034511566162
2.4801948820240796, -0.36000001430511475, -0.36000001430511475, -0.296875, 1.708831787109375, 1.7162034511566162
2.490188700030558, -0.36000001430511475, -0.36000001430511475, -0.296875, 1.708831787109375, 1.7162034511566162
2.500337789999321, -0.36000001430511475, -0.36000001430511475, -0.3046875, 1.6997833251953125, 1.7162034511566162
2.510192258981988, -0.36000001430511475, -0.36000001430511475, -0.3046875, 1.6997833251953125, 1.7162034511566162
2.5201768139377236, -0.36000001430511475, -0.36000001430511475, -0.3046875, 1.6997833251953125, 1.7162034511566162
2.5302893429761752, -0.36000001430511475, -0.36000001430511475, -0.30859375, 1.691986083984375, 1.7162034511566162
2.5406966080190614, -0.36000001430511475, -0.36000001430511475, -0.30859375, 1.691986083984375, 1.7162034511566162
2.5501546970335767, -0.36000001430511475, -0.36000001430511475, -0.30859375, 1.691986083984375, 1.7162034511566162
2.560169492964633, -0.36000001430511475, -0.36000001430511475, -0.30859375, 1.691986083984375, 1.7162034511566162
2.5701896509854123, -0.36000001430511475, -0.36000001430511475, -0.31640625, 1.684844970703125, 1.7162034511566162
2.5802469099871814, -0.36000001430511475, -0.36000001430511475, -0.31640625, 1.684844970703125, 1.655781865119934
2.590239222976379, -0.36000001430511475, -0.36000001430511475, -0.31640625, 1.684844970703125, 1.655781865119934
2.600226996000856, -0.36000001430511475, -0.36000001430511475, -0.31640625, 1.684844970703125, 1.655781865119934
2.6105074079241604, -0.36000001430511475, -0.36000001430511475, -0.3203125, 1.670318603515625, 1.655781865119934
2.620367971016094, -0.36000001430511475, -0.36000001430511475, -0.3203125, 1.670318603515625, 1.655781865119934
2.6303089830325916, -0.36000001430511475, -0.36000001430511475, -0.3203125, 1.670318603515625, 1.655781865119934
2.6404295469401404, -0.36000001430511475, -0.36000001430511475, -0.32421875, 1.6643218994140625, 1.655781865119934
2.6503786189714447, -0.36000001430511475, -0.36000001430511475, -0.32421875, 1.6643218994140625, 1.655781865119934
2.660211147973314, -0.36000001430511475, -0.36000001430511475, -0.32421875, 1.6643218994140625, 1.655781865119934
2.670547120971605, -0.36000001430511475, -0.36000001430511475, -0.328125, 1.6536102294921875, 1.655781865119934
2.680210592923686, -0.36000001430511475, -0.36000001430511475, -0.328125, 1.6536102294921875, 1.655781865119934
2.690178961958736, -0.36000001430511475, -0.36000001430511475, -0.328125, 1.6536102294921875, 1.655781865119934
2.700238768942654, -0.36000001430511475, -0.36000001430511475, -0.328125, 1.6536102294921875, 1.655781865119934
2.7101670569973066, -0.36000001430511475, -0.36000001430511475, -0.33203125, 1.642608642578125, 1.655781865119934
2.7203515130095184, -0.36000001430511475, -0.36000001430511475, -0.33203125, 1.642608642578125, 1.655781865119934
2.7301345040323213, -0.36000001430511475, -0.36000001430511475, -0.33203125, 1.642608642578125, 1.655781865119934
2.740398042020388, -0.36000001430511475, -0.36000001430511475, -0.3359375, 1.6339263916015625, 1.655781865119934
2.7501780389575288, -0.36000001430511475, -0.36000001430511475, -0.3359375, 1.6339263916015625, 1.655781865119934
2.7603994319215417, -0.36000001430511475, -0.36000001430511475, -0.3359375, 1.6339263916015625, 1.655781865119934
2.7701748450053856, -0.36000001430511475, -0.36000001430511475, -0.3359375, 1.624786376953125, 1.655781865119934
2.780173930921592, -0.36000001430511475, -0.36000001430511475, -0.3359375, 1.624786376953125, 1.5916860103607178
2.7903996009845287, -0.36000001430511475, -0.36000001430511475, -0.3359375, 1.624786376953125, 1.5916860103607178
2.800448414986022, -0.36000001430511475, -0.36000001430511475, -0.34375, 1.6128082275390625, 1.5916860103607178
2.810252286028117, -0.36000001430511475, -0.36000001430511475, -0.34375, 1.6128082275390625, 1.5916860103607178
2.8202563349623233, -0.36000001430511475, -0.36000001430511475, -0.34375, 1.6128082275390625, 1.5916860103607178
2.830242190975696, -0.36000001430511475, -0.36000001430511475, -0.34375, 1.6128082275390625, 1.5916860103607178
2.8404432849492878, -0.36000001430511475, -0.36000001430511475, -0.34765625, 1.60662841796875, 1.5916860103607178
2.8506023809313774, -0.36000001430511475, -0.36000001430511475, -0.34765625, 1.60662841796875, 1.5916860103607178
2.8603802049765363, -0.36000001430511475, -0.36000001430511475, -0.34765625, 1.60662841796875, 1.5916860103607178
2.870381462969817, -0.36000001430511475, -0.36000001430511475, -0.3515625, 1.594024658203125, 1.5916860103607178
2.880311904940754, -0.36000001430511475, -0.36000001430511475, -0.3515625, 1.594024658203125, 1.5916860103607178
2.8903897469863296, -0.36000001430511475, -0.36000001430511475, -0.3515625, 1.594024658203125, 1.5916860103607178
2.9002285689348355, -0.36000001430511475, -0.36000001430511475, -0.3515625, 1.594024658203125, 1.5916860103607178
2.910319622955285, -0.36000001430511475, -0.36000001430511475, -0.35546875, 1.581573486328125, 1.5916860103607178
2.9203282080125064, -0.36000001430511475, -0.36000001430511475, -0.35546875, 1.581573486328125, 1.5916860103607178
2.9303721740143374, -0.36000001430511475, -0.36000001430511475, -0.35546875, 1.581573486328125, 1.5916860103607178
2.9409138649934903, -0.36000001430511475, -0.36000001430511475, -0.359375, 1.570343017578125, 1.5916860103607178
2.950276306946762, -0.36000001430511475, -0.36000001430511475, -0.359375, 1.570343017578125, 1.5916860103607178
2.9601654009893537, -0.36000001430511475, -0.36000001430511475, -0.359375, 1.570343017578125, 1.5916860103607178
2.970364653971046, -0.36000001430511475, -0.36000001430511475, -0.36328125, 1.56329345703125, 1.5916860103607178
2.9805608299793676, -0.36000001430511475, -0.36000001430511475, -0.36328125, 1.56329345703125, 1.5229430198669434
2.9902419599238783, -0.36000001430511475, -0.36000001430511475, -0.36328125, 1.56329345703125, 1.5229430198669434
3.00025098095648, -0.36000001430511475, -0.36000001430511475, -0.36328125, 1.56329345703125, 1.5229430198669434
3.0101967219961807, -0.36000001430511475, -0.36000001430511475, -0.3671875, 1.5514068603515625, 1.5229430198669434
3.020212115952745, -0.36000001430511475, -0.36000001430511475, -0.3671875, 1.5514068603515625, 1.5229430198669434
3.0302497589727864, -0.36000001430511475, -0.36000001430511475, -0.3671875, 1.5514068603515625, 1.5229430198669434
3.0401789529714733, -0.36000001430511475, -0.36000001430511475, -0.37109375, 1.5419158935546875, 1.5229430198669434
3.0502411109628156, -0.36000001430511475, -0.36000001430511475, -0.37109375, 1.5419158935546875, 1.5229430198669434
3.060271654976532, -0.36000001430511475, -0.36000001430511475, -0.37109375, 1.5419158935546875, 1.5229430198669434
3.070332239032723, -0.36000001430511475, -0.36000001430511475, -0.37109375, 1.5419158935546875, 1.5229430198669434
3.0802555829286575, -0.36000001430511475, -0.36000001430511475, -0.37109375, 1.52520751953125, 1.5229430198669434
3.090188078931533, -0.36000001430511475, -0.36000001430511475, -0.37109375, 1.52520751953125, 1.5229430198669434
3.100209167925641, -0.36000001430511475, -0.36000001430511475, -0.37109375, 1.5135040283203125, 1.5229430198669434
3.110279976972379, -0.36000001430511475, -0.36000001430511475, -0.37109375, 1.5135040283203125, 1.5229430198669434
3.1202265979954973, -0.36000001430511475, -0.36000001430511475, -0.37109375, 1.5135040283203125, 1.5229430198669434
3.1304584469180554, -0.36000001430511475, -0.36000001430511475, -0.37109375, 1.499176025390625, 1.5229430198669434
3.140259581967257, -0.36000001430511475, -0.36000001430511475, -0.37109375, 1.499176025390625, 1.5229430198669434
3.150222528958693, -0.36000001430511475, -0.36000001430511475, -0.37109375, 1.499176025390625, 1.5229430198669434
3.160189868998714, -0.36000001430511475, -0.36000001430511475, -0.37109375, 1.499176025390625, 1.5229430198669434
3.1702213069656864, -0.36000001430511475, -0.36000001430511475, -0.37109375, 1.499176025390625, 1.5229430198669434
3.180178447975777, -0.36000001430511475, -0.36000001430511475, -0.3671875, 1.486114501953125, 1.447378158569336
3.190240583033301, -0.36000001430511475, -0.36000001430511475, -0.3671875, 1.486114501953125, 1.447378158569336
3.200248449924402, -0.36000001430511475, -0.36000001430511475, -0.3671875, 1.486114501953125, 1.447378158569336
3.210170859005302, -0.36000001430511475, -0.36000001430511475, -0.3671875, 1.47100830078125, 1.447378158569336
3.2201893569435924, -0.36000001430511475, -0.36000001430511475, -0.3671875, 1.47100830078125, 1.447378158569336
3.230202402919531, -0.36000001430511475, -0.36000001430511475, -0.3671875, 1.47100830078125, 1.447378158569336
3.240269402973354, -0.36000001430511475, -0.36000001430511475, -0.3671875, 1.461944580078125, 1.447378158569336
3.250241089030169, -0.36000001430511475, -0.36000001430511475, -0.3671875, 1.461944580078125, 1.447378158569336
3.2605616309447214, -0.36000001430511475, -0.36000001430511475, -0.3671875, 1.461944580078125, 1.447378158569336
3.270380113972351, -0.36000001430511475, -0.36000001430511475, -0.3671875, 1.461944580078125, 1.447378158569336
3.2802832640009, -0.36000001430511475, -0.36000001430511475, -0.36328125, 1.44927978515625, 1.447378158569336
3.290581419947557, -0.36000001430511475, -0.36000001430511475, -0.36328125, 1.44927978515625, 1.447378158569336
3.3002676889300346, -0.36000001430511475, -0.36000001430511475, -0.36328125, 1.44927978515625, 1.447378158569336
3.3106255559250712, -0.36000001430511475, -0.36000001430511475, -0.36328125, 1.434783935546875, 1.447378158569336
3.3202806629706174, -0.36000001430511475, -0.36000001430511475, -0.36328125, 1.434783935546875, 1.447378158569336
3.3302645169897005, -0.36000001430511475, -0.36000001430511475, -0.36328125, 1.434783935546875, 1.447378158569336
3.3402978900121525, -0.36000001430511475, -0.36000001430511475, -0.36328125, 1.434783935546875, 1.447378158569336
3.350277537945658, -0.36000001430511475, -0.36000001430511475, -0.3671875, 1.42681884765625, 1.447378158569336
3.3601913889870048, -0.36000001430511475, -0.36000001430511475, -0.3671875, 1.42681884765625, 1.447378158569336
3.37028840102721, -0.36000001430511475, -0.36000001430511475, -0.3671875, 1.42681884765625, 1.447378158569336
3.380251368973404, -0.36000001430511475, -0.36000001430511475, -0.36328125, 1.415771484375, 1.3785395622253418
3.3901738920249045, -0.36000001430511475, -0.36000001430511475, -0.36328125, 1.415771484375, 1.3785395622253418
3.4003856469644234, -0.36000001430511475, -0.36000001430511475, -0.36328125, 1.4047088623046875, 1.3785395622253418
3.4102197219617665, -0.36000001430511475, -0.36000001430511475, -0.36328125, 1.4047088623046875, 1.3785395622253418
3.420664670993574, -0.36000001430511475, -0.36000001430511475, -0.36328125, 1.4047088623046875, 1.3785395622253418
3.4303428669227287, -0.36000001430511475, -0.36000001430511475, -0.36328125, 1.4047088623046875, 1.3785395622253418
3.440219937940128, -0.36000001430511475, -0.36000001430511475, -0.36328125, 1.393768310546875, 1.3785395622253418
3.45016231702175, -0.36000001430511475, -0.36000001430511475, -0.36328125, 1.393768310546875, 1.3785395622253418
3.4603528489824384, -0.36000001430511475, -0.36000001430511475, -0.36328125, 1.393768310546875, 1.3785395622253418
3.4702969499630854, -0.36000001430511475, -0.36000001430511475, -0.36328125, 1.384490966796875, 1.3785395622253418
3.4805984019767493, -0.36000001430511475, -0.36000001430511475, -0.36328125, 1.384490966796875, 1.3785395622253418
3.4902812109794468, -0.36000001430511475, -0.36000001430511475, -0.36328125, 1.384490966796875, 1.3785395622253418
3.5001613210188225, -0.36000001430511475, -0.36000001430511475, -0.36328125, 1.384490966796875, 1.3785395622253418
3.510297697968781, -0.36000001430511475, -0.36000001430511475, -0.36328125, 1.3697662353515625, 1.3785395622253418
3.520437962957658, -0.36000001430511475, -0.36000001430511475, -0.36328125, 1.3697662353515625, 1.3785395622253418
3.5303346490254626, -0.36000001430511475, -0.36000001430511475, -0.36328125, 1.3697662353515625, 1.3785395622253418
3.5403413829626516, -0.36000001430511475, -0.36000001430511475, -0.36328125, 1.3697662353515625, 1.3785395622253418
3.5503535700263456, -0.36000001430511475, -0.36000001430511475, -0.359375, 1.3553466796875, 1.3785395622253418
3.5604702359996736, -0.36000001430511475, -0.36000001430511475, -0.359375, 1.3553466796875, 1.3785395622253418
3.5703684139298275, -0.36000001430511475, -0.36000001430511475, -0.359375, 1.3553466796875, 1.3785395622253418
3.580391851020977, -0.36000001430511475, -0.36000001430511475, -0.35546875, 1.3468170166015625, 1.3785395622253418
3.590184474014677, -0.36000001430511475, -0.36000001430511475, -0.35546875, 1.3468170166015625, 1.3075056076049805
3.600211196928285, -0.36000001430511475, -0.36000001430511475, -0.35546875, 1.3468170166015625, 1.3075056076049805
3.610220620990731, -0.36000001430511475, -0.36000001430511475, -0.35546875, 1.33477783203125, 1.3075056076049805
3.620244005927816, -0.36000001430511475, -0.36000001430511475, -0.35546875, 1.33477783203125, 1.3075056076049805
3.630389904952608, -0.36000001430511475, -0.36000001430511475, -0.3515625, 1.324249267578125, 1.3075056076049805
3.6401646350277588, -0.36000001430511475, -0.36000001430511475, -0.3515625, 1.324249267578125, 1.3075056076049805
3.6501818100223318, -0.36000001430511475, -0.36000001430511475, -0.3515625, 1.324249267578125, 1.3075056076049805
3.6602908209897578, -0.36000001430511475, -0.36000001430511475, -0.3515625, 1.324249267578125, 1.3075056076049805
3.670210283016786, -0.36000001430511475, -0.36000001430511475, -0.3515625, 1.3120574951171875, 1.3075056076049805
3.680319268954918, -0.36000001430511475, -0.36000001430511475, -0.3515625, 1.3120574951171875, 1.3075056076049805
3.6902514490066096, -0.36000001430511475, -0.36000001430511475, -0.3515625, 1.3120574951171875, 1.3075056076049805
3.700823692022823, -0.36000001430511475, -0.36000001430511475, -0.34765625, 1.2996826171875, 1.3075056076049805
3.7102366589242592, -0.36000001430511475, -0.36000001430511475, -0.34765625, 1.2996826171875, 1.3075056076049805
3.7202770459698513, -0.36000001430511475, -0.36000001430511475, -0.34765625, 1.2996826171875, 1.3075056076049805
3.7302610559854656, -0.36000001430511475, -0.36000001430511475, -0.34765625, 1.2996826171875, 1.3075056076049805
3.740433420985937, -0.36000001430511475, -0.36000001430511475, -0.34765625, 1.28900146484375, 1.3075056076049805
3.750275691971183, -0.36000001430511475, -0.36000001430511475, -0.34765625, 1.28900146484375, 1.3075056076049805
3.760299891931936, -0.36000001430511475, -0.36000001430511475, -0.34765625, 1.28900146484375, 1.3075056076049805
3.770928547019139, -0.36000001430511475, -0.36000001430511475, -0.34765625, 1.2787933349609375, 1.3075056076049805
3.780232680030167, -0.36000001430511475, -0.36000001430511475, -0.34765625, 1.2787933349609375, 1.3075056076049805
3.7904765480197966, -0.36000001430511475, -0.36000001430511475, -0.34765625, 1.2787933349609375, 1.2380157709121704
3.8001974269282073, -0.36000001430511475, -0.36000001430511475, -0.34765625, 1.2787933349609375, 1.2380157709121704
3.8102511420147493, -0.36000001430511475, -0.36000001430511475, -0.34765625, 1.2652740478515625, 1.2380157709121704
3.820187813951634, -0.36000001430511475, -0.36000001430511475, -0.34765625, 1.2652740478515625, 1.2380157709121704
3.8303046849323437, -0.36000001430511475, -0.36000001430511475, -0.34765625, 1.2652740478515625, 1.2380157709121704
3.840300163021311, -0.36000001430511475, -0.36000001430511475, -0.34765625, 1.252899169921875, 1.2380157709121704
3.8502116620074958, -0.36000001430511475, -0.36000001430511475, -0.34765625, 1.252899169921875, 1.2380157709121704
3.8602267989190295, -0.36000001430511475, -0.36000001430511475, -0.34765625, 1.252899169921875, 1.2380157709121704
3.8702998319640756, -0.36000001430511475, -0.36000001430511475, -0.34765625, 1.252899169921875, 1.2380157709121704
3.880281572928652, -0.36000001430511475, -0.36000001430511475, -0.34765625, 1.240692138671875, 1.2380157709121704
3.8903752809856087, -0.36000001430511475, -0.36000001430511475, -0.34765625, 1.240692138671875, 1.2380157709121704
3.9004917120328173, -0.36000001430511475, -0.36000001430511475, -0.34765625, 1.240692138671875, 1.2380157709121704
3.910370558965951, -0.36000001430511475, -0.36000001430511475, -0.34765625, 1.2324676513671875, 1.2380157709121704
3.92043636192102, -0.36000001430511475, -0.36000001430511475, -0.34765625, 1.2324676513671875, 1.2380157709121704
3.930279333028011, -0.36000001430511475, -0.36000001430511475, -0.34765625, 1.2324676513671875, 1.2380157709121704
3.9403146249242127, -0.36000001430511475, -0.36000001430511475, -0.34765625, 1.22491455078125, 1.2380157709121704
3.9505907419370487, -0.36000001430511475, -0.36000001430511475, -0.34765625, 1.22491455078125, 1.2380157709121704
3.96033010201063, -0.36000001430511475, -0.36000001430511475, -0.34765625, 1.22491455078125, 1.2380157709121704
3.970292077981867, -0.36000001430511475, -0.36000001430511475, -0.34765625, 1.22491455078125, 1.2380157709121704
3.980309867998585, -0.36000001430511475, -0.36000001430511475, -0.34765625, 1.212921142578125, 1.2380157709121704
3.9901970269856974, -0.36000001430511475, -0.36000001430511475, -0.34765625, 1.212921142578125, 1.1710140705108643
4.000348518951796, -0.36000001430511475, -0.36000001430511475, -0.34765625, 1.212921142578125, 1.1710140705108643
4.010224533965811, 0.0, -0.36000001430511475, -0.34765625, 1.2000579833984375, 1.1710140705108643
4.020280567929149, 0.0, 0.0, -0.34765625, 1.2000579833984375, 1.1710140705108643
4.030241240980104, 0.0, 0.0, -0.34765625, 1.2000579833984375, 1.1710140705108643
4.040417811018415, 0.0, 0.0, -0.3515625, 1.1923065185546875, 1.1710140705108643
4.050488910987042, 0.0, 0.0, -0.3515625, 1.1923065185546875, 1.1710140705108643
4.060460775974207, 0.0, 0.0, -0.3515625, 1.1923065185546875, 1.1710140705108643
4.07076304696966, 0.0, 0.0, -0.3515625, 1.1923065185546875, 1.1710140705108643
4.0802400360116735, 0.0, 0.0, -0.3515625, 1.1856536865234375, 1.1710140705108643
4.090316263958812, 0.0, 0.0, -0.3515625, 1.1856536865234375, 1.1710140705108643
4.100314437993802, 0.0, 0.0, -0.3515625, 1.1856536865234375, 1.1710140705108643
4.1102117949631065, 0.0, 0.0, -0.3515625, 1.1856536865234375, 1.1710140705108643
4.12024752702564, 0.0, 0.0, -0.35546875, 1.171844482421875, 1.1710140705108643
4.130391579004936, 0.0, 0.0, -0.35546875, 1.171844482421875, 1.1710140705108643
4.14028801699169, 0.0, 0.0, -0.359375, 1.16290283203125, 1.1710140705108643
4.150234157918021, 0.0, 0.0, -0.359375, 1.16290283203125, 1.1710140705108643
4.160249699954875, 0.0, 0.0, -0.359375, 1.16290283203125, 1.1710140705108643
4.170205730944872, 0.0, 0.0, -0.3359375, 1.1507720947265625, 1.1710140705108643
4.180250335019082, 0.0, 0.0, -0.3359375, 1.1507720947265625, 1.1114466190338135
4.190185467014089, 0.0, 0.0, -0.3359375, 1.1507720947265625, 1.1114466190338135
4.200321306008846, 0.0, 0.0, -0.3359375, 1.1507720947265625, 1.1114466190338135
4.210339501965791, 0.0, 0.0, -0.2421875, 1.142364501953125, 1.1114466190338135
4.220268334029242, 0.0, 0.0, -0.2421875, 1.142364501953125, 1.1114466190338135
4.2304775370284915, 0.0, 0.0, -0.2421875, 1.142364501953125, 1.1114466190338135
4.240210463991389, 0.0, 0.0, -0.15625, 1.137939453125, 1.1114466190338135
4.25026953802444, 0.0, 0.0, -0.15625, 1.137939453125, 1.1114466190338135
4.2603883689735085, 0.0, 0.0, -0.15625, 1.137939453125, 1.1114466190338135
4.270579398958944, 0.0, 0.0, -0.15625, 1.137939453125, 1.1114466190338135
4.2803748769219965, 0.0, 0.0, -0.10546875, 1.1356048583984375, 1.1114466190338135
4.2903416600311175, 0.0, 0.0, -0.10546875, 1.1356048583984375, 1.1114466190338135
4.30047170992475, 0.0, 0.0, -0.10546875, 1.1356048583984375, 1.1114466190338135
4.310361558920704, 0.0, 0.0, -0.06640625, 1.1336669921875, 1.1114466190338135
4.3202484409557655, 0.0, 0.0, -0.06640625, 1.1336669921875, 1.1114466190338135
4.330377443926409, 0.0, 0.0, -0.06640625, 1.1336669921875, 1.1114466190338135
4.340436041005887, 0.0, 0.0, -0.05859375, 1.132476806640625, 1.1114466190338135
4.350431568920612, 0.0, 0.0, -0.05859375, 1.132476806640625, 1.1114466190338135
4.360221911920235, 0.0, 0.0, -0.05859375, 1.132476806640625, 1.1114466190338135
4.3703764990204945, 0.0, 0.0, -0.05859375, 1.132476806640625, 1.1114466190338135
4.380228573922068, 0.0, 0.0, -0.046875, 1.129547119140625, 1.100783109664917
4.390193935949355, 0.0, 0.0, -0.046875, 1.129547119140625, 1.100783109664917
4.400199291994795, 0.0, 0.0, -0.046875, 1.129547119140625, 1.100783109664917
4.41057428100612, 0.0, 0.0, -0.046875, 1.12884521484375, 1.100783109664917
4.420318661956117, 0.0, 0.0, -0.046875, 1.12884521484375, 1.100783109664917
4.430307150934823, 0.0, 0.0, -0.046875, 1.12884521484375, 1.100783109664917
4.440348270931281, 0.0, 0.0, -0.046875, 1.1273651123046875, 1.100783109664917
4.450497105019167, 0.0, 0.0, -0.046875, 1.1273651123046875, 1.100783109664917
4.460297883022577, 0.0, 0.0, -0.046875, 1.1273651123046875, 1.100783109664917
4.470201574033126, 0.0, 0.0, -0.046875, 1.1273651123046875, 1.100783109664917
4.480216634925455, 0.0, 0.0, -0.046875, 1.1273651123046875, 1.100783109664917
4.490323917940259, 0.0, 0.0, -0.046875, 1.1259765625, 1.100783109664917
4.500275733997114, 0.0, 0.0, -0.046875, 1.1259765625, 1.100783109664917
4.510288479970768, 0.0, 0.0, -0.046875, 1.1250152587890625, 1.100783109664917
4.520342643954791, 0.0, 0.0, -0.046875, 1.1250152587890625, 1.100783109664917
4.530289785005152, 0.0, 0.0, -0.046875, 1.1250152587890625, 1.100783109664917
4.540830411948264, 0.0, 0.0, -0.04296875, 1.1237640380859375, 1.100783109664917
4.550255203968845, 0.0, 0.0, -0.04296875, 1.1237640380859375, 1.100783109664917
4.5602633180096745, 0.0, 0.0, -0.04296875, 1.1237640380859375, 1.100783109664917
4.570450594997965, 0.0, 0.0, -0.04296875, 1.1237640380859375, 1.100783109664917
4.5802304790122434, 0.0, 0.0, -0.04296875, 1.122222900390625, 1.100783109664917
4.590656118001789, 0.0, 0.0, -0.046875, 1.122222900390625, 1.0966135263442993
4.600300388992764, 0.0, 0.0, -0.046875, 1.122222900390625, 1.0966135263442993
4.610204392927699, 0.0, 0.0, -0.046875, 1.122222900390625, 1.0966135263442993
4.620278391987085, 0.0, 0.0, -0.04296875, 1.121429443359375, 1.0966135263442993
4.630225458997302, 0.0, 0.0, -0.04296875, 1.121429443359375, 1.0966135263442993
4.640219461987726, 0.0, 0.0, -0.04296875, 1.1176300048828125, 1.0966135263442993
4.650299518951215, 0.0, 0.0, -0.04296875, 1.1176300048828125, 1.0966135263442993
4.6605345939751714, 0.0, 0.0, -0.04296875, 1.1176300048828125, 1.0966135263442993
4.670257597928867, 0.0, 0.0, -0.04296875, 1.1176300048828125, 1.0966135263442993
4.680511433980428, 0.0, 0.0, -0.04296875, 1.1176300048828125, 1.0966135263442993
4.690318751963787, 0.0, 0.0, -0.0390625, 1.1172637939453125, 1.0966135263442993
4.7005113599589095, 0.0, 0.0, -0.0390625, 1.1172637939453125, 1.0966135263442993
4.710332276998088, 0.0, 0.0, -0.0390625, 1.11688232421875, 1.0966135263442993
4.720359536935575, 0.0, 0.0, -0.03515625, 1.11688232421875, 1.0966135263442993
4.732919123955071, 0.0, 0.0, -0.03515625, 1.11688232421875, 1.0966135263442993
4.740691493963823, 0.0, 0.0, -0.03515625, 1.11688232421875, 1.0966135263442993
4.7502144440077245, 0.0, 0.0, -0.03515625, 1.11688232421875, 1.0966135263442993
4.760541875963099, 0.0, 0.0, -0.03515625, 1.1168060302734375, 1.0966135263442993
4.770395103958435, 0.0, 0.0, -0.03515625, 1.1168060302734375, 1.0966135263442993
4.780192977981642, 0.0, 0.0, -0.03515625, 1.1168060302734375, 1.0963082313537598
4.790264258976094, 0.0, 0.0, -0.03125, 1.115875244140625, 1.0963082313537598
4.800252257962711, 0.0, 0.0, -0.03125, 1.115875244140625, 1.0963082313537598
4.810437769978307, 0.0, 0.0, -0.03125, 1.11700439453125, 1.0963082313537598
4.8202810359653085, 0.0, 0.0, -0.03125, 1.11700439453125, 1.0963082313537598
4.830417191027664, 0.0, 0.0, -0.03125, 1.11700439453125, 1.0963082313537598
4.8403308659326285, 0.0, 0.0, -0.03125, 1.11651611328125, 1.0963082313537598
4.850342915975489, 0.0, 0.0, -0.03125, 1.11651611328125, 1.0963082313537598
4.860379446996376, 0.0, 0.0, -0.03125, 1.11651611328125, 1.0963082313537598
4.870341620990075, 0.0, 0.0, -0.03125, 1.11651611328125, 1.0963082313537598
4.880430512945168, 0.0, 0.0, -0.03515625, 1.1180877685546875, 1.0963082313537598
4.890268387971446, 0.0, 0.0, -0.03515625, 1.1180877685546875, 1.0963082313537598
4.900941103929654, 0.0, 0.0, -0.03515625, 1.11700439453125, 1.0963082313537598
4.910325845936313, 0.0, 0.0, -0.03515625, 1.11700439453125, 1.0963082313537598
4.920245475950651, 0.0, 0.0, -0.03515625, 1.11700439453125, 1.0963082313537598
4.930202957941219, 0.0, 0.0, -0.03515625, 1.11700439453125, 1.0963082313537598
4.940937336999923, 0.0, 0.0, -0.03515625, 1.113128662109375, 1.0963082313537598
4.950196407968178, 0.0, 0.0, -0.03515625, 1.113128662109375, 1.0963082313537598
4.960333363967948, 0.0, 0.0, -0.03515625, 1.113128662109375, 1.0963082313537598
4.970184252015315, 0.0, 0.0, -0.03515625, 1.113128662109375, 1.0963082313537598
4.9804383820155635, 0.0, 0.0, -0.03125, 1.111724853515625, 1.090949296951294
4.9902642830275, 0.0, 0.0, -0.03125, 1.111724853515625, 1.090949296951294
5.000178511952981, 0.0, 0.0, -0.03125, 1.111724853515625, 1.090949296951294
5.010565517004579, 0.0, 0.0, -0.03125, 1.1094512939453125, 1.090949296951294
5.020313918008469, 0.0, 0.0, -0.03125, 1.1094512939453125, 1.090949296951294
5.030311843031086, 0.0, 0.0, -0.03125, 1.1094512939453125, 1.090949296951294
5.040258717956021, 0.0, 0.0, -0.02734375, 1.1083526611328125, 1.090949296951294
5.051152391941287, 0.0, 0.0, -0.02734375, 1.1083526611328125, 1.090949296951294
5.060328830964863, 0.0, 0.0, -0.02734375, 1.1083526611328125, 1.090949296951294
5.0705812650267035, 0.0, 0.0, -0.02734375, 1.1083526611328125, 1.090949296951294
5.080240007024258, 0.0, 0.0, -0.02734375, 1.1083526611328125, 1.090949296951294
5.090204342966899, 0.0, 0.0, -0.02734375, 1.105926513671875, 1.090949296951294
5.100336923962459, 0.0, 0.0, -0.02734375, 1.105926513671875, 1.090949296951294
5.110887916991487, 0.0, 0.0, -0.0234375, 1.1051788330078125, 1.090949296951294
5.120261510019191, 0.0, 0.0, -0.0234375, 1.1051788330078125, 1.090949296951294
5.130490571027622, 0.0, 0.0, -0.0234375, 1.1016387939453125, 1.090949296951294
5.140546681010164, 0.0, 0.0, -0.0234375, 1.1016387939453125, 1.090949296951294
5.150196859030984, 0.0, 0.0, -0.0234375, 1.1016387939453125, 1.090949296951294
5.160332017927431, 0.0, 0.0, -0.0234375, 1.1016387939453125, 1.090949296951294
5.170219928026199, 0.0, 0.0, -0.0234375, 1.1016387939453125, 1.090949296951294
5.180754330940545, 0.0, 0.0, -0.0234375, 1.1016387939453125, 1.0859516859054565
5.191713833017275, 0.0, 0.0, -0.0234375, 1.098785400390625, 1.0859516859054565
5.200267284992151, 0.0, 0.0, -0.0234375, 1.098785400390625, 1.0859516859054565
5.210473399958573, 0.0, 0.0, -0.01953125, 1.0983734130859375, 1.0859516859054565
5.220426197978668, 0.0, 0.0, -0.01953125, 1.0983734130859375, 1.0859516859054565
5.230218746000901, 0.0, 0.0, -0.01953125, 1.0983734130859375, 1.0859516859054565
5.240361894946545, 0.0, 0.0, -0.01953125, 1.098052978515625, 1.0859516859054565
5.250286206020974, 0.0, 0.0, -0.01953125, 1.098052978515625, 1.0859516859054565
5.260248212958686, 0.0, 0.0, -0.01953125, 1.098052978515625, 1.0859516859054565
5.270254440954886, 0.0, 0.0, -0.01953125, 1.098052978515625, 1.0859516859054565
5.28019606298767, 0.0, 0.0, -0.01953125, 1.098052978515625, 1.0859516859054565
5.290625305031426, 0.0, 0.0, -0.015625, 1.0952911376953125, 1.0859516859054565
5.300388791016303, 0.0, 0.0, -0.015625, 1.0952911376953125, 1.0859516859054565
5.310529908980243, 0.0, 0.0, -0.01171875, 1.0927581787109375, 1.0859516859054565
5.320397204020992, 0.0, 0.0, -0.01171875, 1.0927581787109375, 1.0859516859054565
5.330516314017586, 0.0, 0.0, -0.01171875, 1.0927581787109375, 1.0859516859054565
5.340450613992289, 0.0, 0.0, -0.01171875, 1.0926055908203125, 1.0859516859054565
5.350217505940236, 0.0, 0.0, -0.01171875, 1.0926055908203125, 1.0859516859054565
5.362537347944453, 0.0, 0.0, -0.01171875, 1.0926055908203125, 1.0859516859054565
5.370346928015351, 0.0, 0.0, -0.01171875, 1.0926055908203125, 1.0859516859054565
5.38047308800742, 0.0, 0.0, -0.01171875, 1.09027099609375, 1.0819263458251953
5.390185585943982, 0.0, 0.0, -0.01171875, 1.09027099609375, 1.0819263458251953
5.40015975094866, 0.0, 0.0, -0.01171875, 1.09027099609375, 1.0819263458251953
5.410423750989139, 0.0, 0.0, -0.0078125, 1.0902557373046875, 1.0819263458251953
5.420293245930225, 0.0, 0.0, -0.0078125, 1.0902557373046875, 1.0819263458251953
5.430276357918046, 0.0, 0.0, -0.0078125, 1.0902557373046875, 1.0819263458251953
5.440541242016479, 0.0, 0.0, -0.0078125, 1.08935546875, 1.0819263458251953
5.4501801680307835, 0.0, 0.0, -0.0078125, 1.08935546875, 1.0819263458251953
5.460183641989715, 0.0, 0.0, -0.0078125, 1.08935546875, 1.0819263458251953
5.470355422003195, 0.0, 0.0, -0.0078125, 1.08935546875, 1.0819263458251953
5.480379719985649, 0.0, 0.0, -0.00390625, 1.089263916015625, 1.0819263458251953
5.490259286947548, 0.0, 0.0, -0.00390625, 1.089263916015625, 1.0819263458251953
5.500831329030916, 0.0, 0.0, -0.0, 1.0878753662109375, 1.0819263458251953
5.51055725896731, 0.0, 0.0, -0.0, 1.0878753662109375, 1.0819263458251953
5.5203109349822626, 0.0, 0.0, -0.0, 1.0878753662109375, 1.0819263458251953
5.5303000919520855, 0.0, 0.0, -0.0, 1.0878753662109375, 1.0819263458251953
5.540226971032098, 0.0, 0.0, -0.0, 1.0881195068359375, 1.0819263458251953
5.55035955295898, 0.0, 0.0, -0.0, 1.0881195068359375, 1.0819263458251953
5.560204205918126, 0.0, 0.0, -0.0, 1.0881195068359375, 1.0819263458251953
5.570345483021811, 0.0, 0.0, -0.0, 1.0881195068359375, 1.0819263458251953
5.580285247997381, 0.0, 0.0, -0.0, 1.0881195068359375, 1.0810085535049438
5.59031156799756, 0.0, 0.0, -0.0, 1.0881195068359375, 1.0810085535049438
5.600207927986048, 0.0, 0.0, -0.0, 1.0871124267578125, 1.0810085535049438
5.610483097028919, 0.0, 0.0, -0.0, 1.0875244140625, 1.0810085535049438
5.620784614933655, 0.0, 0.0, -0.0, 1.0875244140625, 1.0810085535049438
5.630162853980437, 0.0, 0.0, -0.0, 1.0875244140625, 1.0810085535049438
5.640281087951735, 0.0, 0.0, -0.0, 1.086029052734375, 1.0810085535049438
5.65033723495435, 0.0, 0.0, -0.0, 1.086029052734375, 1.0810085535049438
5.660271703964099, 0.0, 0.0, -0.0, 1.086029052734375, 1.0810085535049438
5.67027031397447, 0.0, 0.0, -0.0, 1.086029052734375, 1.0810085535049438
5.680388557026163, 0.0, 0.0, -0.0, 1.086029052734375, 1.0810085535049438
5.690351309953257, 0.0, 0.0, -0.0, 1.085784912109375, 1.0810085535049438
5.700262625934556, 0.0, 0.0, -0.0, 1.085784912109375, 1.0810085535049438
5.711027374025434, 0.0, 0.0, -0.0, 1.086029052734375, 1.0810085535049438
5.720291442936286, 0.0, 0.0, -0.0, 1.086029052734375, 1.0810085535049438
5.730381794972345, 0.0, 0.0, -0.0, 1.086029052734375, 1.0810085535049438
5.740692147985101, 0.0, 0.0, -0.0, 1.0861053466796875, 1.0810085535049438
5.7503349089529365, 0.0, 0.0, -0.0, 1.0861053466796875, 1.0810085535049438
5.760440971003845, 0.0, 0.0, -0.0, 1.0861053466796875, 1.0810085535049438
5.770380517002195, 0.0, 0.0, -0.0, 1.0861053466796875, 1.0810085535049438
5.780312001006678, 0.0, 0.0, -0.0, 1.0862274169921875, 1.0807583332061768
5.790235767024569, 0.0, 0.0, -0.0, 1.0862274169921875, 1.0807583332061768
5.800317101995461, 0.0, 0.0, -0.0, 1.0862274169921875, 1.0807583332061768
5.810696556000039, 0.0, 0.0, -0.0, 1.0853118896484375, 1.0807583332061768
5.8203893980244175, 0.0, 0.0, -0.0, 1.0853118896484375, 1.0807583332061768
5.8301946389256045, 0.0, 0.0, -0.0, 1.0853118896484375, 1.0807583332061768
5.840432716999203, 0.0, 0.0, -0.0, 1.0858001708984375, 1.0807583332061768
5.850420619011857, 0.0, 0.0, -0.0, 1.0858001708984375, 1.0807583332061768
5.86055460292846, 0.0, 0.0, -0.0, 1.0858001708984375, 1.0807583332061768
5.870292776962742, 0.0, 0.0, -0.0, 1.0858001708984375, 1.0807583332061768
5.880374048952945, 0.0, 0.0, -0.0, 1.083526611328125, 1.0807583332061768
5.89028957800474, 0.0, 0.0, -0.0, 1.083526611328125, 1.0807583332061768
5.900658493977971, 0.0, 0.0, -0.0, 1.083526611328125, 1.0807583332061768
5.910550124943256, 0.0, 0.0, -0.0, 1.0835418701171875, 1.0807583332061768
5.920287134009413, 0.0, 0.0, -0.0, 1.0835418701171875, 1.0807583332061768
5.930676228017546, 0.0, 0.0, -0.0, 1.0835418701171875, 1.0807583332061768
5.940935116959736, 0.0, 0.0, -0.0, 1.0821533203125, 1.0807583332061768
5.950215391931124, 0.0, 0.0, -0.0, 1.0821533203125, 1.0807583332061768
5.960335174924694, 0.0, 0.0, -0.0, 1.0821533203125, 1.0807583332061768
5.970264679985121, 0.0, 0.0, -0.0, 1.0821533203125, 1.0807583332061768
5.980305170989595, 0.0, 0.0, 0.00390625, 1.0825958251953125, 1.0807583332061768
5.990737095940858, 0.0, 0.0, 0.00390625, 1.0825958251953125, 1.0807583332061768
6.000218320987187, 0.0, 0.0, 0.00390625, 1.0825958251953125, 1.079532504081726
6.010452040936798, 0.0, 0.0, 0.0078125, 1.0819549560546875, 1.079532504081726
6.020600931020454, 0.0, 0.0, 0.0078125, 1.0819549560546875, 1.079532504081726
6.031409219023772, 0.0, 0.0, 0.0078125, 1.0821075439453125, 1.079532504081726
6.04024062003009, 0.0, 0.0, 0.0078125, 1.0821075439453125, 1.079532504081726
6.050216309027746, 0.0, 0.0, 0.0078125, 1.0821075439453125, 1.079532504081726
6.06021577399224, 0.0, 0.0, 0.0078125, 1.0821075439453125, 1.079532504081726
6.07037551200483, 0.0, 0.0, 0.0078125, 1.0821075439453125, 1.079532504081726
6.080260203918442, 0.0, 0.0, 0.0078125, 1.080963134765625, 1.079532504081726
6.09013755293563, 0.0, 0.0, 0.0078125, 1.080963134765625, 1.079532504081726
6.100331731955521, 0.0, 0.0, 0.01171875, 1.081298828125, 1.079532504081726
6.110240530921146, 0.0, 0.0, 0.01171875, 1.081298828125, 1.079532504081726
6.120243440032937, 0.0, 0.0, 0.01171875, 1.081298828125, 1.079532504081726
6.1304602320306, 0.0, 0.0, 0.01171875, 1.082000732421875, 1.079532504081726
6.1402118699625134, 0.0, 0.0, 0.01171875, 1.082000732421875, 1.079532504081726
6.150228444021195, 0.0, 0.0, 0.01171875, 1.082000732421875, 1.079532504081726
6.160141979926266, 0.0, 0.0, 0.01171875, 1.082000732421875, 1.079532504081726
6.170229281997308, 0.0, 0.0, 0.01171875, 1.082000732421875, 1.079532504081726
6.1802852569380775, 0.0, 0.0, 0.01171875, 1.082000732421875, 1.0817365646362305
6.190470724017359, 0.0, 0.0, 0.01171875, 1.083038330078125, 1.0817365646362305
6.2006236229790375, 0.0, 0.0, 0.01171875, 1.083587646484375, 1.0817365646362305
6.210281371022575, 0.0, 0.0, 0.01171875, 1.083587646484375, 1.0817365646362305
6.220462301978841, 0.0, 0.0, 0.01171875, 1.083587646484375, 1.0817365646362305
6.2303670779801905, 0.0, 0.0, 0.01171875, 1.083587646484375, 1.0817365646362305
6.241125201922841, 0.0, 0.0, 0.0078125, 1.084075927734375, 1.0817365646362305
6.25037607899867, 0.0, 0.0, 0.0078125, 1.084075927734375, 1.0817365646362305
6.260449504014105, 0.0, 0.0, 0.0078125, 1.084075927734375, 1.0817365646362305
6.270195749937557, 0.0, 0.0, 0.0078125, 1.084075927734375, 1.0817365646362305
6.280684177996591, 0.0, 0.0, 0.00390625, 1.085235595703125, 1.0817365646362305
6.290290531003848, 0.0, 0.0, 0.00390625, 1.085235595703125, 1.0817365646362305
6.300901922979392, 0.0, 0.0, 0.00390625, 1.085235595703125, 1.0817365646362305
6.3102299550082535, 0.0, 0.0, -0.0, 1.0860137939453125, 1.0817365646362305
6.320244236965664, 0.0, 0.0, -0.0, 1.0860137939453125, 1.0817365646362305
6.330255068955012, 0.0, 0.0, -0.0, 1.0860137939453125, 1.0817365646362305
6.341075044008903, 0.0, 0.0, -0.0, 1.0865936279296875, 1.0817365646362305
6.350171112921089, 0.0, 0.0, -0.0, 1.0865936279296875, 1.0817365646362305
6.360365579021163, 0.0, 0.0, -0.0, 1.0865936279296875, 1.0817365646362305
6.370607908000238, 0.0, 0.0, -0.0, 1.0865936279296875, 1.0817365646362305
6.380249280016869, 0.0, 0.0, -0.0, 1.0865936279296875, 1.0817365646362305
6.390310826944187, 0.0, 0.0, -0.00390625, 1.08660888671875, 1.0842275619506836
6.400383143918589, 0.0, 0.0, -0.00390625, 1.086334228515625, 1.0842275619506836
6.41051559895277, 0.0, 0.0, -0.00390625, 1.086334228515625, 1.0842275619506836
6.4203298760112375, 0.0, 0.0, -0.00390625, 1.086334228515625, 1.0842275619506836
6.43082266591955, 0.0, 0.0, -0.00390625, 1.086334228515625, 1.0842275619506836
6.4403351249638945, 0.0, 0.0, -0.00390625, 1.085784912109375, 1.0842275619506836
6.450303311925381, 0.0, 0.0, -0.00390625, 1.085784912109375, 1.0842275619506836
6.460249881958589, 0.0, 0.0, -0.00390625, 1.085784912109375, 1.0842275619506836
6.470283649978228, 0.0, 0.0, -0.00390625, 1.085784912109375, 1.0842275619506836
6.4802529090084136, 0.0, 0.0, -0.0078125, 1.086181640625, 1.0842275619506836
6.4902980979532, 0.0, 0.0, -0.0078125, 1.086181640625, 1.0842275619506836
6.500256028957665, 0.0, 0.0, -0.0078125, 1.086181640625, 1.0842275619506836
6.510630949982442, 0.0, 0.0, -0.0078125, 1.0853729248046875, 1.0842275619506836
6.520841174991801, 0.0, 0.0, -0.0078125, 1.0853729248046875, 1.0842275619506836
6.530469176941551, 0.0, 0.0, -0.0078125, 1.0853729248046875, 1.0842275619506836
6.540482976939529, 0.0, 0.0, -0.0078125, 1.0853424072265625, 1.0842275619506836
6.5507208940107375, 0.0, 0.0, -0.0078125, 1.0853424072265625, 1.0842275619506836
6.560226712026633, 0.0, 0.0, -0.0078125, 1.0853424072265625, 1.0842275619506836
6.570274146972224, 0.0, 0.0, -0.0078125, 1.0853424072265625, 1.0842275619506836
6.580199406947941, 0.0, 0.0, -0.0078125, 1.0853424072265625, 1.0846854448318481
6.590634220978245, 0.0, 0.0, -0.01171875, 1.0861053466796875, 1.0846854448318481
6.600190729019232, 0.0, 0.0, -0.01171875, 1.0861053466796875, 1.0846854448318481
6.610404592938721, 0.0, 0.0, -0.01171875, 1.0841522216796875, 1.0846854448318481
6.620721296989359, 0.0, 0.0, -0.01171875, 1.0841522216796875, 1.0846854448318481
6.63066084694583, 0.0, 0.0, -0.01171875, 1.085113525390625, 1.0846854448318481
6.640253699966706, 0.0, 0.0, -0.01171875, 1.085113525390625, 1.0846854448318481
6.65029090992175, 0.0, 0.0, -0.01171875, 1.085113525390625, 1.0846854448318481
6.66040047199931, 0.0, 0.0, -0.01171875, 1.085113525390625, 1.0846854448318481
6.67023574502673, 0.0, 0.0, -0.01171875, 1.085113525390625, 1.0846854448318481
6.680453167995438, 0.0, 0.0, -0.015625, 1.0829925537109375, 1.0846854448318481
6.690350490971468, 0.0, 0.0, -0.015625, 1.0829925537109375, 1.0846854448318481
6.700598382973112, 0.0, 0.0, -0.015625, 1.0829925537109375, 1.0846854448318481
6.710373388021253, 0.0, 0.0, -0.015625, 1.0829925537109375, 1.0846854448318481
6.720417211996391, 0.0, 0.0, -0.015625, 1.0829925537109375, 1.0846854448318481
6.730231600929983, 0.0, 0.0, -0.015625, 1.0829925537109375, 1.0846854448318481
6.740824392996728, 0.0, 0.0, -0.01953125, 1.081329345703125, 1.0846854448318481
6.750267907977104, 0.0, 0.0, -0.01953125, 1.081329345703125, 1.0846854448318481
6.76024218800012, 0.0, 0.0, -0.01953125, 1.081329345703125, 1.0846854448318481
6.770199481979944, 0.0, 0.0, -0.01953125, 1.081329345703125, 1.0846854448318481
6.780276254983619, 0.0, 0.0, -0.01953125, 1.080902099609375, 1.0820716619491577
6.790256812935695, 0.0, 0.0, -0.01953125, 1.080902099609375, 1.0820716619491577
6.800824798992835, 0.0, 0.0, -0.01953125, 1.0807647705078125, 1.0820716619491577
6.810239718994126, 0.0, 0.0, -0.01953125, 1.0807647705078125, 1.0820716619491577
6.820604222011752, 0.0, 0.0, -0.01953125, 1.0807647705078125, 1.0820716619491577
6.830780370975845, 0.0, 0.0, -0.01953125, 1.0807647705078125, 1.0820716619491577
6.840660152025521, 0.0, 0.0, -0.01953125, 1.0802001953125, 1.0820716619491577
6.8504445139551535, 0.0, 0.0, -0.01953125, 1.0802001953125, 1.0820716619491577
6.860258970991708, 0.0, 0.0, -0.01953125, 1.0802001953125, 1.0820716619491577
6.870205936022103, 0.0, 0.0, -0.01953125, 1.0802001953125, 1.0820716619491577
6.880412573926151, 0.0, 0.0, -0.01953125, 1.0786590576171875, 1.0820716619491577
6.890552522032522, 0.0, 0.0, -0.01953125, 1.0786590576171875, 1.0820716619491577
6.900277209002525, 0.0, 0.0, -0.015625, 1.0787353515625, 1.0820716619491577
6.910681615001522, 0.0, 0.0, -0.015625, 1.0787353515625, 1.0820716619491577
6.920267557958141, 0.0, 0.0, -0.015625, 1.0787353515625, 1.0820716619491577
6.930679796030745, 0.0, 0.0, -0.015625, 1.0787353515625, 1.0820716619491577
6.940598362940364, 0.0, 0.0, -0.015625, 1.0787353515625, 1.0820716619491577
6.950512037030421, 0.0, 0.0, -0.015625, 1.0781707763671875, 1.0820716619491577
6.9601779950316995, 0.0, 0.0, -0.015625, 1.0781707763671875, 1.0820716619491577
6.971078085014597, 0.0, 0.0, -0.015625, 1.0774993896484375, 1.0820716619491577
6.980260893935338, 0.0, 0.0, -0.015625, 1.0774993896484375, 1.080872893333435
6.990599378012121, 0.0, 0.0, -0.015625, 1.0774993896484375, 1.080872893333435
7.000973199959844, 0.0, 0.0, -0.01953125, 1.0756072998046875, 1.080872893333435
