time, reference_yaw, command_yaw, quaternion_x, quaternion_y, quaternion_z, quaternion_w, yaw, yaw_slow
0.0, 0.0, 0.0, 0.0, 0.0, 0.0, 1.0, 0.0, 0.0
0.01033090497367084, 200.0, 200.0, -0.00335693359375, 0.01171875, -0.306396484375, 0.9517822265625, -35.69376984567492, -35.71744290601701
0.020202709012664855, 200.0, 200.0, -0.00335693359375, 0.01171875, -0.306396484375, 0.9517822265625, -35.69376984567492, -35.71744290601701
0.03031109692528844, 200.0, 200.0, -0.00335693359375, 0.01171875, -0.306396484375, 0.9517822265625, -35.69376984567492, -35.71744290601701
0.04024199000559747, 200.0, 200.0, -0.00335693359375, 0.01171875, -0.306396484375, 0.9517822265625, -35.69376984567492, -35.71744290601701
0.05017740395851433, 200.0, 200.0, -0.00189208984375, 0.01129150390625, -0.3065185546875, 0.9517822265625, -35.70725761386539, -35.71744290601701
0.060188701027072966, 200.0, 200.0, -0.00189208984375, 0.01129150390625, -0.3065185546875, 0.9517822265625, -35.70725761386539, -35.71744290601701
0.07027491298504174, 200.0, 200.0, -0.00189208984375, 0.01129150390625, -0.3065185546875, 0.9517822265625, -35.70725761386539, -35.71744290601701
0.0803323199506849, 200.0, 200.0, -0.00177001953125, 0.0107421875, -0.306640625, 0.95172119140625, -35.72030735118869, -35.71744290601701
0.09062252100557089, 200.0, 200.0, -0.00177001953125, 0.0107421875, -0.306640625, 0.95172119140625, -35.72030735118869, -35.71744290601701
0.10017632297240198, 200.0, 200.0, -0.00177001953125, 0.0107421875, -0.306640625, 0.95172119140625, -35.72030735118869, -35.71744290601701
0.11069836199749261, 200.0, 200.0, -0.00177001953125, 0.0107421875, -0.306640625, 0.95172119140625, -35.72030735118869, -35.71744290601701
0.12026154599152505, 200.0, 200.0, -0.001953125, 0.0101318359375, -0.30682373046875, 0.95166015625, -35.741516312987706, -35.71748388715203
0.13021325692534447, 200.0, 200.0, -0.001953125, 0.0101318359375, -0.30682373046875, 0.95166015625, -35.741516312987706, -35.71748388715203
0.14023201598320156, 200.0, 200.0, -0.001953125, 0.0101318359375, -0.30682373046875, 0.95166015625, -35.741516312987706, -35.71748388715203
0.15043721196707338, 200.0, 200.0, -0.0028076171875, 0.009521484375, -0.30670166015625, 0.95172119140625, -35.727280318235024, -35.71748388715203
0.1602577349403873, 200.0, 200.0, -0.0028076171875, 0.009521484375, -0.30670166015625, 0.95172119140625, -35.727280318235024, -35.71748388715203
0.17020017001777887, 200.0, 200.0, -0.0028076171875, 0.009521484375, -0.30670166015625, 0.95172119140625, -35.727280318235024, -35.71748388715203
0.18354112992528826, 200.0, 200.0, -0.00384521484375, 0.0096435546875, -0.304931640625, 0.9522705078125, -35.51480160817242, -35.71748388715203
0.19101214199326932, 200.0, 200.0, -0.00384521484375, 0.0096435546875, -0.304931640625, 0.9522705078125, -35.51480160817242, -35.71748388715203
0.20017477893270552, 200.0, 200.0, -0.00384521484375, 0.0096435546875, -0.304931640625, 0.9522705078125, -35.51480160817242, -35.71748388715203
0.210211495985277, 200.0, 200.0, -0.00384521484375, 0.0096435546875, -0.304931640625, 0.9522705078125, -35.51480160817242, -35.71748388715203
0.22022397897671908, 200.0, 200.0, -0.0045166015625, 0.009765625, -0.29998779296875, 0.953857421875, -34.921726845198386, -35.71748388715203
0.23044743796344846, 200.0, 200.0, -0.0045166015625, 0.009765625, -0.29998779296875, 0.953857421875, -34.921726845198386, -35.71748388715203
0.24026619200594723, 200.0, 200.0, -0.0045166015625, 0.009765625, -0.29998779296875, 0.953857421875, -34.921726845198386, -35.71748388715203
0.25022876099683344, 200.0, 200.0, -0.004638671875, 0.009765625, -0.2921142578125, 0.956298828125, -33.977215778316854, -35.71748388715203
0.26016142196021974, 200.0, 200.0, -0.004638671875, 0.009765625, -0.2921142578125, 0.956298828125, -33.977215778316854, -35.71748388715203
0.2701375869801268, 200.0, 200.0, -0.004638671875, 0.009765625, -0.2921142578125, 0.956298828125, -33.977215778316854, -35.71748388715203
0.28013494692277163, 200.0, 200.0, -0.00439453125, 0.009521484375, -0.27978515625, 0.9599609375, -32.50164119381785, -35.71748388715203
0.29018712893594056, 200.0, 200.0, -0.00439453125, 0.009521484375, -0.27978515625, 0.9599609375, -32.50164119381785, -35.71748388715203
0.3001555729424581, 200.0, 200.0, -0.00439453125, 0.009521484375, -0.27978515625, 0.9599609375, -32.50164119381785, -35.71748388715203
0.3104127369588241, 200.0, 200.0, -0.00439453125, 0.009521484375, -0.27978515625, 0.9599609375, -32.50164119381785, -26.494015214987026
0.3202040910255164, 200.0, 200.0, -0.00335693359375, 0.00897216796875, -0.25958251953125, 0.96563720703125, -30.096040640237987, -26.494015214987026
0.33084682398475707, 200.0, 200.0, -0.00335693359375, 0.00897216796875, -0.25958251953125, 0.96563720703125, -30.096040640237987, -26.494015214987026
0.34034358395729214, 200.0, 200.0, -0.00335693359375, 0.00897216796875, -0.25958251953125, 0.96563720703125, -30.096040640237987, -26.494015214987026
0.35020463401451707, 200.0, 200.0, -0.00335693359375, 0.00897216796875, -0.25958251953125, 0.96563720703125, -30.096040640237987, -26.494015214987026
0.36233412893489003, 200.0, 200.0, -0.00146484375, 0.00836181640625, -0.22906494140625, 0.97332763671875, -26.486922217196827, -26.494015214987026
0.372111557982862, 200.0, 200.0, -0.00146484375, 0.00836181640625, -0.22906494140625, 0.97332763671875, -26.486922217196827, -26.494015214987026
0.38101874792482704, 200.0, 200.0, -0.00146484375, 0.00836181640625, -0.22906494140625, 0.97332763671875, -26.486922217196827, -26.494015214987026
0.3902702509658411, 200.0, 200.0, -0.00146484375, 0.00836181640625, -0.22906494140625, 0.97332763671875, -26.486922217196827, -26.494015214987026
0.40088989201467484, 200.0, 200.0, 6.103515625e-05, 0.00860595703125, -0.20098876953125, 0.9794921875, -23.190712016969275, -26.494015214987026
0.4104045550338924, 200.0, 200.0, 6.103515625e-05, 0.00860595703125, -0.20098876953125, 0.9794921875, -23.190712016969275, -26.494015214987026
0.4202300909673795, 200.0, 200.0, 0.00067138671875, 0.00909423828125, -0.16888427734375, 0.98553466796875, -19.446558253377738, -26.494015214987026
0.43013054702896625, 200.0, 200.0, 0.00067138671875, 0.00909423828125, -0.16888427734375, 0.98553466796875, -19.446558253377738, -26.494015214987026
0.44012734096031636, 200.0, 200.0, 0.00067138671875, 0.00909423828125, -0.16888427734375, 0.98553466796875, -19.446558253377738, -26.494015214987026
0.4501738320104778, 200.0, 200.0, 0.00067138671875, 0.00909423828125, -0.16888427734375, 0.98553466796875, -19.446558253377738, -26.494015214987026
0.4601767050335184, 200.0, 200.0, 0.0006103515625, 0.0096435546875, -0.12066650390625, 0.99261474609375, -13.861986384706858, -26.494015214987026
0.4702506859321147, 200.0, 200.0, 0.0006103515625, 0.0096435546875, -0.12066650390625, 0.99261474609375, -13.861986384706858, -26.494015214987026
0.48027791001368314, 200.0, 200.0, 0.0006103515625, 0.0096435546875, -0.12066650390625, 0.99261474609375, -13.861986384706858, -26.494015214987026
0.49013286095578223, 200.0, 200.0, 0.0, 0.01007080078125, -0.0806884765625, 0.99664306640625, -9.257271719152026, -26.494015214987026
0.5003918969305232, 200.0, 200.0, 0.0, 0.01007080078125, -0.0806884765625, 0.99664306640625, -9.257271719152026, -26.494015214987026
0.5103875549975783, 200.0, 200.0, 0.0, 0.01007080078125, -0.0806884765625, 0.99664306640625, -9.257271719152026, 1.6038341783294234
0.5201751600252464, 200.0, 200.0, 0.0, 0.01007080078125, -0.0806884765625, 0.99664306640625, -9.257271719152026, 1.6038341783294234
0.5303524209884927, 200.0, 200.0, -0.0013427734375, 0.0106201171875, -0.03826904296875, 0.99920654296875, -4.388732335253517, 1.6038341783294234
0.5405022359918803, 200.0, 200.0, -0.0013427734375, 0.0106201171875, -0.03826904296875, 0.99920654296875, -4.388732335253517, 1.6038341783294234
0.5503166089765728, 200.0, 200.0, -0.0013427734375, 0.0106201171875, -0.03826904296875, 0.99920654296875, -4.388732335253517, 1.6038341783294234
0.5601493859430775, 200.0, 200.0, -0.00335693359375, 0.01123046875, 0.01397705078125, 0.99981689453125, 1.5976519659583008, 1.6038341783294234
0.5701740899821743, 200.0, 200.0, -0.00335693359375, 0.01123046875, 0.01397705078125, 0.99981689453125, 1.5976519659583008, 1.6038341783294234
0.5801625850144774, 200.0, 200.0, -0.00335693359375, 0.01123046875, 0.01397705078125, 0.99981689453125, 1.5976519659583008, 1.6038341783294234
0.5901906630024314, 200.0, 200.0, -0.00494384765625, 0.01190185546875, 0.0606689453125, 0.998046875, 6.950925750020808, 1.6038341783294234
0.6001736569451168, 200.0, 200.0, -0.00494384765625, 0.01190185546875, 0.0606689453125, 0.998046875, 6.950925750020808, 1.6038341783294234
0.6104510789737105, 200.0, 200.0, -0.00494384765625, 0.01190185546875, 0.0606689453125, 0.998046875, 6.950925750020808, 1.6038341783294234
0.6201718220254406, 200.0, 200.0, -0.00634765625, 0.012939453125, 0.1163330078125, 0.9930419921875, 13.354125033108142, 1.6038341783294234
0.6301742040086538, 200.0, 200.0, -0.00634765625, 0.012939453125, 0.1163330078125, 0.9930419921875, 13.354125033108142, 1.6038341783294234
0.6401780470041558, 200.0, 200.0, -0.00634765625, 0.012939453125, 0.1163330078125, 0.9930419921875, 13.354125033108142, 1.6038341783294234
0.650291132973507, 200.0, 200.0, -0.00634765625, 0.012939453125, 0.1163330078125, 0.9930419921875, 13.354125033108142, 1.6038341783294234
0.6601660730084404, 200.0, 200.0, -0.00787353515625, 0.01409912109375, 0.18109130859375, 0.9832763671875, 20.859204922140716, 1.6038341783294234
0.6701660719700158, 200.0, 200.0, -0.00787353515625, 0.01409912109375, 0.18109130859375, 0.9832763671875, 20.859204922140716, 1.6038341783294234
0.6801245489623398, 200.0, 200.0, -0.00787353515625, 0.01409912109375, 0.18109130859375, 0.9832763671875, 20.859204922140716, 1.6038341783294234
0.6901708259247243, 200.0, 200.0, -0.00787353515625, 0.01409912109375, 0.18109130859375, 0.9832763671875, 20.859204922140716, 1.6038341783294234
0.700126671930775, 200.0, 200.0, -0.00830078125, 0.01519775390625, 0.238037109375, 0.9710693359375, 27.536337144479514, 1.6038341783294234
0.7101764359977096, 200.0, 200.0, -0.00830078125, 0.01519775390625, 0.238037109375, 0.9710693359375, 27.536337144479514, 39.22965936592638
0.7201284699840471, 200.0, 200.0, -0.00830078125, 0.01519775390625, 0.238037109375, 0.9710693359375, 27.536337144479514, 39.22965936592638
0.7301655359333381, 200.0, 200.0, -0.008056640625, 0.01641845703125, 0.2869873046875, 0.95770263671875, 33.353307925712386, 39.22965936592638
0.7401527259498835, 200.0, 200.0, -0.008056640625, 0.01641845703125, 0.2869873046875, 0.95770263671875, 33.353307925712386, 39.22965936592638
0.7501820279285312, 200.0, 200.0, -0.008056640625, 0.01641845703125, 0.2869873046875, 0.95770263671875, 33.353307925712386, 39.22965936592638
0.7601652819430456, 200.0, 200.0, -0.00732421875, 0.017333984375, 0.3436279296875, 0.9388427734375, 40.199322228827334, 39.22965936592638
0.7702404219890013, 200.0, 200.0, -0.00732421875, 0.017333984375, 0.3436279296875, 0.9388427734375, 40.199322228827334, 39.22965936592638
0.7802056089276448, 200.0, 200.0, -0.00732421875, 0.017333984375, 0.3436279296875, 0.9388427734375, 40.199322228827334, 39.22965936592638
0.7901496189879254, 200.0, 200.0, -0.00653076171875, 0.01776123046875, 0.38360595703125, 0.92327880859375, 45.12392193776645, 39.22965936592638
0.800180773017928, 200.0, 200.0, -0.00653076171875, 0.01776123046875, 0.38360595703125, 0.92327880859375, 45.12392193776645, 39.22965936592638
0.8102922870311886, 200.0, 200.0, -0.00653076171875, 0.01776123046875, 0.38360595703125, 0.92327880859375, 45.12392193776645, 39.22965936592638
0.8201358179794624, 200.0, 200.0, -0.00592041015625, 0.01763916015625, 0.4306640625, 0.90228271484375, 51.03249101361447, 39.22965936592638
0.8302260580239818, 200.0, 200.0, -0.00592041015625, 0.01763916015625, 0.4306640625, 0.90228271484375, 51.03249101361447, 39.22965936592638
0.840642391005531, 200.0, 200.0, -0.00592041015625, 0.01763916015625, 0.4306640625, 0.90228271484375, 51.03249101361447, 39.22965936592638
0.8503439730266109, 200.0, 200.0, -0.00592041015625, 0.01763916015625, 0.4306640625, 0.90228271484375, 51.03249101361447, 39.22965936592638
0.8605158849386498, 200.0, 200.0, -0.00482177734375, 0.01678466796875, 0.49169921875, 0.87054443359375, 58.92109838491058, 39.22965936592638
0.8702118149958551, 200.0, 200.0, -0.00482177734375, 0.01678466796875, 0.49169921875, 0.87054443359375, 58.92109838491058, 39.22965936592638
0.8804024460259825, 200.0, 200.0, -0.00482177734375, 0.01678466796875, 0.49169921875, 0.87054443359375, 58.92109838491058, 39.22965936592638
0.8901895829476416, 200.0, 200.0, -0.00482177734375, 0.01678466796875, 0.49169921875, 0.87054443359375, 58.92109838491058, 39.22965936592638
0.9003267249790952, 200.0, 200.0, -0.004150390625, 0.0152587890625, 0.54351806640625, 0.8392333984375, 65.86410515067124, 39.22965936592638
0.9101803859230131, 200.0, 200.0, -0.004150390625, 0.0152587890625, 0.54351806640625, 0.8392333984375, 65.86410515067124, 79.73474044613675
0.9201732699293643, 200.0, 200.0, -0.003662109375, 0.01373291015625, 0.5863037109375, 0.80987548828125, 71.80449220430371, 79.73474044613675
0.9301990700187162, 200.0, 200.0, -0.003662109375, 0.01373291015625, 0.5863037109375, 0.80987548828125, 71.80449220430371, 79.73474044613675
0.9401397509500384, 200.0, 200.0, -0.003662109375, 0.01373291015625, 0.5863037109375, 0.80987548828125, 71.80449220430371, 79.73474044613675
0.9501958700129762, 200.0, 200.0, -0.003662109375, 0.01373291015625, 0.5863037109375, 0.80987548828125, 71.80449220430371, 79.73474044613675
0.9601748399436474, 200.0, 200.0, -0.00335693359375, 0.01214599609375, 0.640869140625, 0.7674560546875, 79.72657816146202, 79.73474044613675
0.9701698089484125, 200.0, 200.0, -0.00335693359375, 0.01214599609375, 0.640869140625, 0.7674560546875, 79.72657816146202, 79.73474044613675
0.9801608369452879, 200.0, 200.0, -0.00335693359375, 0.01214599609375, 0.640869140625, 0.7674560546875, 79.72657816146202, 79.73474044613675
0.9901351139415056, 200.0, 200.0, -0.0029296875, 0.01141357421875, 0.67999267578125, 0.7330322265625, 85.69964912762514, 79.73474044613675
1.0002351589500904, 200.0, 200.0, -0.0029296875, 0.01141357421875, 0.67999267578125, 0.7330322265625, 85.69964912762514, 79.73474044613675
1.0102322349557653, 200.0, 200.0, -0.0029296875, 0.01141357421875, 0.67999267578125, 0.7330322265625, 85.69964912762514, 79.73474044613675
1.0201314479345456, 200.0, 200.0, -0.00244140625, 0.010986328125, 0.7174072265625, 0.696533203125, 91.69586818407481, 79.73474044613675
1.0301776370033622, 200.0, 200.0, -0.00244140625, 0.010986328125, 0.7174072265625, 0.696533203125, 91.69586818407481, 79.73474044613675
1.040129135013558, 200.0, 200.0, -0.00244140625, 0.010986328125, 0.7174072265625, 0.696533203125, 91.69586818407481, 79.73474044613675
1.050358364940621, 200.0, 200.0, -0.00140380859375, 0.01068115234375, 0.763916015625, 0.64520263671875, 99.63613721011758, 79.73474044613675
1.0601307000033557, 200.0, 200.0, -0.00140380859375, 0.01068115234375, 0.763916015625, 0.64520263671875, 99.63613721011758, 79.73474044613675
1.0701688999542966, 200.0, 200.0, -0.00140380859375, 0.01068115234375, 0.763916015625, 0.64520263671875, 99.63613721011758, 79.73474044613675
1.0803031020332128, 200.0, 200.0, -0.00140380859375, 0.01068115234375, 0.763916015625, 0.64520263671875, 99.63613721011758, 79.73474044613675
1.090182018931955, 200.0, 200.0, -0.00042724609375, 0.0106201171875, 0.79119873046875, 0.61138916015625, 104.61187759563788, 79.73474044613675
1.100449183024466, 200.0, 200.0, -0.00042724609375, 0.0106201171875, 0.79119873046875, 0.61138916015625, 104.61187759563788, 79.73474044613675
1.1105382579844445, 200.0, 200.0, -0.00042724609375, 0.0106201171875, 0.79119873046875, 0.61138916015625, 104.61187759563788, 118.59241063439131
1.120246415026486, 200.0, 200.0, 0.00103759765625, 0.010986328125, 0.826904296875, 0.56219482421875, 111.5816049023091, 118.59241063439131
1.1301689780084416, 200.0, 200.0, 0.00103759765625, 0.010986328125, 0.826904296875, 0.56219482421875, 111.5816049023091, 118.59241063439131
1.140170946950093, 200.0, 200.0, 0.00103759765625, 0.010986328125, 0.826904296875, 0.56219482421875, 111.5816049023091, 118.59241063439131
1.1502615499775857, 200.0, 200.0, 0.00103759765625, 0.010986328125, 0.826904296875, 0.56219482421875, 111.5816049023091, 118.59241063439131
1.160450299968943, 200.0, 200.0, 0.0025634765625, 0.01068115234375, 0.8641357421875, 0.5030517578125, 119.588271095459, 118.59241063439131
1.1702677810098976, 200.0, 200.0, 0.0025634765625, 0.01068115234375, 0.8641357421875, 0.5030517578125, 119.588271095459, 118.59241063439131
1.1803418629569933, 200.0, 200.0, 0.0025634765625, 0.01068115234375, 0.8641357421875, 0.5030517578125, 119.588271095459, 118.59241063439131
1.190627892035991, 200.0, 200.0, 0.00299072265625, 0.00958251953125, 0.8892822265625, 0.4571533203125, 125.58521417051331, 118.59241063439131
1.2002707979409024, 200.0, 200.0, 0.00299072265625, 0.00958251953125, 0.8892822265625, 0.4571533203125, 125.58521417051331, 118.59241063439131
1.210276918951422, 200.0, 200.0, 0.00299072265625, 0.00958251953125, 0.8892822265625, 0.4571533203125, 125.58521417051331, 118.59241063439131
1.2201724540209398, 200.0, 200.0, 0.00311279296875, 0.00830078125, 0.91192626953125, 0.41015625, 131.5634993228946, 118.59241063439131
1.2303550159558654, 200.0, 200.0, 0.00311279296875, 0.00830078125, 0.91192626953125, 0.41015625, 131.5634993228946, 118.59241063439131
1.2401561399456114, 200.0, 200.0, 0.00311279296875, 0.00830078125, 0.91192626953125, 0.41015625, 131.5634993228946, 118.59241063439131
1.2501977949868888, 200.0, 200.0, 0.00335693359375, 0.0064697265625, 0.93829345703125, 0.3455810546875, 139.55623969621033, 118.59241063439131
1.2601275709457695, 200.0, 200.0, 0.00335693359375, 0.0064697265625, 0.93829345703125, 0.3455810546875, 139.55623969621033, 118.59241063439131
1.270129467942752, 200.0, 200.0, 0.00335693359375, 0.0064697265625, 0.93829345703125, 0.3455810546875, 139.55623969621033, 118.59241063439131
1.2801720279967412, 200.0, 200.0, 0.00335693359375, 0.0064697265625, 0.93829345703125, 0.3455810546875, 139.55623969621033, 118.59241063439131
1.2902627929579467, 200.0, 200.0, 0.0035400390625, 0.005615234375, 0.95513916015625, 0.29595947265625, 145.56412633495867, 118.59241063439131
1.3001968959579244, 200.0, 200.0, 0.0035400390625, 0.005615234375, 0.95513916015625, 0.29595947265625, 145.56412633495867, 118.59241063439131
1.3101630649762228, 200.0, 200.0, 0.0035400390625, 0.005615234375, 0.95513916015625, 0.29595947265625, 145.56412633495867, 158.57372890338303
1.320403337944299, 200.0, 200.0, 0.00390625, 0.00482177734375, 0.9693603515625, 0.2454833984375, 151.57528788457037, 158.57372890338303
1.3302899949485436, 200.0, 200.0, 0.00390625, 0.00482177734375, 0.9693603515625, 0.2454833984375, 151.57528788457037, 158.57372890338303
1.3404453130206093, 200.0, 200.0, 0.00390625, 0.00482177734375, 0.9693603515625, 0.2454833984375, 151.57528788457037, 158.57372890338303
1.3501330269500613, 200.0, 200.0, 0.00390625, 0.00482177734375, 0.9693603515625, 0.2454833984375, 151.57528788457037, 158.57372890338303
1.3604128629667684, 200.0, 200.0, 0.00421142578125, 0.00341796875, 0.984130859375, 0.17724609375, 159.57800407826923, 158.57372890338303
1.3701642019441351, 200.0, 200.0, 0.00421142578125, 0.00341796875, 0.984130859375, 0.17724609375, 159.57800407826923, 158.57372890338303
1.3803778879810125, 200.0, 200.0, 0.00421142578125, 0.00341796875, 0.984130859375, 0.17724609375, 159.57800407826923, 158.57372890338303
1.390516867977567, 200.0, 200.0, 0.00421142578125, 0.00341796875, 0.984130859375, 0.17724609375, 159.57800407826923, 158.57372890338303
1.4006245080381632, 200.0, 200.0, 0.00445556640625, 0.00189208984375, 0.99310302734375, 0.1168212890625, 166.57979754010486, 158.57372890338303
1.4102923299651593, 200.0, 200.0, 0.00445556640625, 0.00189208984375, 0.99310302734375, 0.1168212890625, 166.57979754010486, 158.57372890338303
1.4202136499807239, 200.0, 200.0, 0.00421142578125, 0.00079345703125, 0.99725341796875, 0.07330322265625, 171.5907467330527, 158.57372890338303
1.430139590986073, 200.0, 200.0, 0.00421142578125, 0.00079345703125, 0.99725341796875, 0.07330322265625, 171.5907467330527, 158.57372890338303
1.4401414790190756, 200.0, 200.0, 0.00421142578125, 0.00079345703125, 0.99725341796875, 0.07330322265625, 171.5907467330527, 158.57372890338303
1.4501878649462014, 200.0, 200.0, 0.00421142578125, 0.00079345703125, 0.99725341796875, 0.07330322265625, 171.5907467330527, 158.57372890338303
1.460322494036518, 200.0, 200.0, 0.00360107421875, -0.000732421875, 0.99993896484375, 0.00360107421875, 179.58758159192442, 158.57372890338303
1.4701210809871554, 200.0, 200.0, 0.00360107421875, -0.000732421875, 0.99993896484375, 0.00360107421875, 179.58758159192442, 158.57372890338303
1.480283836950548, 200.0, 200.0, 0.00360107421875, -0.000732421875, 0.99993896484375, 0.00360107421875, 179.58758159192442, 158.57372890338303
1.4902035120176151, 200.0, 200.0, 0.00335693359375, -0.00128173828125, 0.9991455078125, -0.0399169921875, -175.42336923942855, 158.57372890338303
1.5001625439617783, 200.0, 200.0, 0.00335693359375, -0.00128173828125, 0.9991455078125, -0.0399169921875, -175.42336923942855, 158.57372890338303
1.5101828599581495, 200.0, 200.0, 0.00335693359375, -0.00128173828125, 0.9991455078125, -0.0399169921875, -175.42336923942855, -161.37000834958624
1.5204051589826122, 200.0, 200.0, 0.00341796875, -0.00152587890625, 0.99481201171875, -0.1011962890625, -168.38146142748988, -161.37000834958624
1.5301699199480936, 200.0, 200.0, 0.00341796875, -0.00152587890625, 0.99481201171875, -0.1011962890625, -168.38146142748988, -161.37000834958624
1.5401747409487143, 200.0, 200.0, 0.00341796875, -0.00152587890625, 0.99481201171875, -0.1011962890625, -168.38146142748988, -161.37000834958624
1.550277789006941, 200.0, 200.0, 0.00341796875, -0.00152587890625, 0.99481201171875, -0.1011962890625, -168.38146142748988, -161.37000834958624
1.5607161310035735, 200.0, 200.0, 0.003662109375, -0.0009765625, 0.9853515625, -0.17047119140625, -160.368580415211, -161.37000834958624
1.5701289089629427, 200.0, 200.0, 0.003662109375, -0.0009765625, 0.9853515625, -0.17047119140625, -160.368580415211, -161.37000834958624
1.5803367659682408, 200.0, 200.0, 0.003662109375, -0.0009765625, 0.9853515625, -0.17047119140625, -160.368580415211, -161.37000834958624
1.5901930959662423, 200.0, 200.0, 0.00372314453125, 0.000244140625, 0.97509765625, -0.22174072265625, -154.37691738336426, -161.37000834958624
1.6002122820354998, 200.0, 200.0, 0.00372314453125, 0.000244140625, 0.97509765625, -0.22174072265625, -154.37691738336426, -161.37000834958624
1.6102597010321915, 200.0, 200.0, 0.00372314453125, 0.000244140625, 0.97509765625, -0.22174072265625, -154.37691738336426, -161.37000834958624
1.6201752329943702, 200.0, 200.0, 0.00384521484375, 0.0015869140625, 0.962158203125, -0.2723388671875, -148.38992059398285, -161.37000834958624
1.630207874928601, 200.0, 200.0, 0.00384521484375, 0.0015869140625, 0.962158203125, -0.2723388671875, -148.38992059398285, -161.37000834958624
1.6401564850239083, 200.0, 200.0, 0.00384521484375, 0.0015869140625, 0.962158203125, -0.2723388671875, -148.38992059398285, -161.37000834958624
1.6502666040323675, 200.0, 200.0, 0.0042724609375, 0.0030517578125, 0.94659423828125, -0.32232666015625, -142.3909210324715, -161.37000834958624
1.6601659739390016, 200.0, 200.0, 0.0042724609375, 0.0030517578125, 0.94659423828125, -0.32232666015625, -142.3909210324715, -161.37000834958624
1.6703046379843727, 200.0, 200.0, 0.0042724609375, 0.0030517578125, 0.94659423828125, -0.32232666015625, -142.3909210324715, -161.37000834958624
1.6801818839740008, 200.0, 200.0, 0.0042724609375, 0.0030517578125, 0.94659423828125, -0.32232666015625, -142.3909210324715, -161.37000834958624
1.6901975659420714, 200.0, 200.0, 0.00518798828125, 0.0050048828125, 0.92156982421875, -0.3880615234375, -134.32862294875272, -161.37000834958624
1.7003995649283752, 200.0, 200.0, 0.00518798828125, 0.0050048828125, 0.92156982421875, -0.3880615234375, -134.32862294875272, -161.37000834958624
1.7101445930311456, 200.0, 200.0, 0.00518798828125, 0.0050048828125, 0.92156982421875, -0.3880615234375, -134.32862294875272, -161.37000834958624
1.7203431850066409, 200.0, 200.0, 0.00616455078125, 0.006103515625, 0.89984130859375, -0.43603515625, -128.2920985587161, -121.28896931871235
1.730184128973633, 200.0, 200.0, 0.00616455078125, 0.006103515625, 0.89984130859375, -0.43603515625, -128.2920985587161, -121.28896931871235
1.7401594379916787, 200.0, 200.0, 0.00616455078125, 0.006103515625, 0.89984130859375, -0.43603515625, -128.2920985587161, -121.28896931871235
1.7502764699747786, 200.0, 200.0, 0.00787353515625, 0.00628662109375, 0.875732421875, -0.4825439453125, -122.2839624741481, -121.28896931871235
1.7601480479352176, 200.0, 200.0, 0.00787353515625, 0.00628662109375, 0.875732421875, -0.4825439453125, -122.2839624741481, -121.28896931871235
1.7704403779935092, 200.0, 200.0, 0.00787353515625, 0.00628662109375, 0.875732421875, -0.4825439453125, -122.2839624741481, -121.28896931871235
1.7801722389413044, 200.0, 200.0, 0.00787353515625, 0.00628662109375, 0.875732421875, -0.4825439453125, -122.2839624741481, -121.28896931871235
1.7903322109486908, 200.0, 200.0, 0.01092529296875, 0.0050048828125, 0.84466552734375, -0.53509521484375, -115.28574380434293, -121.28896931871235
1.8001792029244825, 200.0, 200.0, 0.01092529296875, 0.0050048828125, 0.84466552734375, -0.53509521484375, -115.28574380434293, -121.28896931871235
1.8107839899603277, 200.0, 200.0, 0.01092529296875, 0.0050048828125, 0.84466552734375, -0.53509521484375, -115.28574380434293, -121.28896931871235
1.820213616010733, 200.0, 200.0, 0.01318359375, 0.003173828125, 0.81036376953125, -0.585693359375, -108.27238052160605, -121.28896931871235
1.830161232035607, 200.0, 200.0, 0.01318359375, 0.003173828125, 0.81036376953125, -0.585693359375, -108.27238052160605, -121.28896931871235
1.8402930960291997, 200.0, 200.0, 0.01318359375, 0.003173828125, 0.81036376953125, -0.585693359375, -108.27238052160605, -121.28896931871235
1.8502175690373406, 200.0, 200.0, 0.01385498046875, 0.00079345703125, 0.77337646484375, -0.63372802734375, -101.32026442034997, -121.28896931871235
1.8601827609818429, 200.0, 200.0, 0.01385498046875, 0.00079345703125, 0.77337646484375, -0.63372802734375, -101.32026442034997, -121.28896931871235
1.8701146650128067, 200.0, 200.0, 0.01385498046875, 0.00079345703125, 0.77337646484375, -0.63372802734375, -101.32026442034997, -121.28896931871235
1.8802870429353788, 200.0, 200.0, 0.01385498046875, 0.00079345703125, 0.77337646484375, -0.63372802734375, -101.32026442034997, -121.28896931871235
1.89016766496934, 200.0, 200.0, 0.01318359375, -0.002685546875, 0.7335205078125, -0.679443359375, -94.36664515818981, -121.28896931871235
1.9013966979691759, 200.0, 200.0, 0.01318359375, -0.002685546875, 0.7335205078125, -0.679443359375, -94.36664515818981, -121.28896931871235
1.9101365989772603, 200.0, 200.0, 0.01318359375, -0.002685546875, 0.7335205078125, -0.679443359375, -94.36664515818981, -80.36431996307185
1.9201610230375081, 200.0, 200.0, 0.011962890625, -0.00518798828125, 0.697021484375, -0.7169189453125, -88.38003375348903, -80.36431996307185
1.9301078530261293, 200.0, 200.0, 0.011962890625, -0.00518798828125, 0.697021484375, -0.7169189453125, -88.38003375348903, -80.36431996307185
1.9401671380037442, 200.0, 200.0, 0.011962890625, -0.00518798828125, 0.697021484375, -0.7169189453125, -88.38003375348903, -80.36431996307185
1.9501527559477836, 200.0, 200.0, 0.011962890625, -0.00518798828125, 0.697021484375, -0.7169189453125, -88.38003375348903, -80.36431996307185
1.9603163419524208, 200.0, 200.0, 0.0093994140625, -0.00775146484375, 0.6451416015625, -0.763916015625, -80.35895227088432, -80.36431996307185
1.9702480479609221, 200.0, 200.0, 0.0093994140625, -0.00775146484375, 0.6451416015625, -0.763916015625, -80.35895227088432, -80.36431996307185
1.980338072986342, 200.0, 200.0, 0.0093994140625, -0.00775146484375, 0.6451416015625, -0.763916015625, -80.35895227088432, -80.36431996307185
1.99047967500519, 200.0, 200.0, 0.00689697265625, -0.00860595703125, 0.6043701171875, -0.79656982421875, -74.37456745352148, -80.36431996307185
2.0001864270307124, 200.0, 200.0, 0.00689697265625, -0.00860595703125, 0.6043701171875, -0.79656982421875, -74.37456745352148, -80.36431996307185
2.0101516749709845, -200.0, -200.0, 0.00689697265625, -0.00860595703125, 0.6043701171875, -0.79656982421875, -74.37456745352148, -80.36431996307185
2.0201776400208473, -200.0, -200.0, 0.00469970703125, -0.0084228515625, 0.56201171875, -0.8270263671875, -68.39686069418676, -80.36431996307185
2.030228073010221, -200.0, -200.0, 0.00469970703125, -0.0084228515625, 0.56201171875, -0.8270263671875, -68.39686069418676, -80.36431996307185
2.040285503026098, -200.0, -200.0, 0.00469970703125, -0.0084228515625, 0.56201171875, -0.8270263671875, -68.39686069418676, -80.36431996307185
2.0502406950108707, -200.0, -200.0, 0.00469970703125, -0.0084228515625, 0.56201171875, -0.8270263671875, -68.39686069418676, -80.36431996307185
2.0601968199480325, -200.0, -200.0, 0.00238037109375, -0.0074462890625, 0.5106201171875, -0.8597412109375, -61.415013801743086, -80.36431996307185
2.0702441229950637, -200.0, -200.0, 0.00238037109375, -0.0074462890625, 0.5106201171875, -0.8597412109375, -61.415013801743086, -80.36431996307185
2.0804879639763385, -200.0, -200.0, 0.00238037109375, -0.0074462890625, 0.5106201171875, -0.8597412109375, -61.415013801743086, -80.36431996307185
2.0907374509843066, -200.0, -200.0, 0.00048828125, -0.00628662109375, 0.45703125, -0.889404296875, -54.39388348321053, -80.36431996307185
2.100382220931351, -200.0, -200.0, 0.00048828125, -0.00628662109375, 0.45703125, -0.889404296875, -54.39388348321053, -80.36431996307185
2.1101674269884825, -200.0, -200.0, 0.00048828125, -0.00628662109375, 0.45703125, -0.889404296875, -54.39388348321053, -80.36431996307185
2.120138576021418, -200.0, -200.0, -0.00030517578125, -0.00567626953125, 0.4097900390625, -0.912109375, -48.38372191233537, -41.444204770330444
2.1304742209613323, -200.0, -200.0, -0.00030517578125, -0.00567626953125, 0.4097900390625, -0.912109375, -48.38372191233537, -41.444204770330444
2.1402442869730294, -200.0, -200.0, -0.00030517578125, -0.00567626953125, 0.4097900390625, -0.912109375, -48.38372191233537, -41.444204770330444
2.1501253430033103, -200.0, -200.0, -0.00030517578125, -0.00567626953125, 0.4097900390625, -0.912109375, -48.38372191233537, -41.444204770330444
2.1601687850197777, -200.0, -200.0, 0.00018310546875, -0.0057373046875, 0.3458251953125, -0.938232421875, -40.464887272603086, -41.444204770330444
2.170369258034043, -200.0, -200.0, 0.00018310546875, -0.0057373046875, 0.3458251953125, -0.938232421875, -40.464887272603086, -41.444204770330444
2.1802482130005956, -200.0, -200.0, 0.00018310546875, -0.0057373046875, 0.3458251953125, -0.938232421875, -40.464887272603086, -41.444204770330444
2.1901421919465065, -200.0, -200.0, 0.00018310546875, -0.0057373046875, 0.3458251953125, -0.938232421875, -40.464887272603086, -41.444204770330444
2.200206574983895, -200.0, -200.0, 0.0013427734375, -0.0064697265625, 0.299072265625, -0.95416259765625, -34.80542498003607, -41.444204770330444
2.2102093439316377, -200.0, -200.0, 0.0013427734375, -0.0064697265625, 0.299072265625, -0.95416259765625, -34.80542498003607, -41.444204770330444
2.2205845220014453, -200.0, -200.0, 0.002197265625, -0.00762939453125, 0.256591796875, -0.9664306640625, -29.738553449770766, -41.444204770330444
2.230259932926856, -200.0, -200.0, 0.002197265625, -0.00762939453125, 0.256591796875, -0.9664306640625, -29.738553449770766, -41.444204770330444
2.240710109937936, -200.0, -200.0, 0.002197265625, -0.00762939453125, 0.256591796875, -0.9664306640625, -29.738553449770766, -41.444204770330444
2.25056079600472, -200.0, -200.0, 0.002197265625, -0.00762939453125, 0.256591796875, -0.9664306640625, -29.738553449770766, -41.444204770330444
2.2601903079776093, -200.0, -200.0, 0.00262451171875, -0.0098876953125, 0.2091064453125, -0.977783203125, -24.144883524991794, -41.444204770330444
2.270184188033454, -200.0, -200.0, 0.00262451171875, -0.0098876953125, 0.2091064453125, -0.977783203125, -24.144883524991794, -41.444204770330444
2.2801416920265183, -200.0, -200.0, 0.00262451171875, -0.0098876953125, 0.2091064453125, -0.977783203125, -24.144883524991794, -41.444204770330444
2.290181588032283, -200.0, -200.0, 0.00213623046875, -0.0111083984375, 0.18109130859375, -0.9833984375, -20.872927114490757, -41.444204770330444
2.300180844962597, -200.0, -200.0, 0.00213623046875, -0.0111083984375, 0.18109130859375, -0.9833984375, -20.872927114490757, -41.444204770330444
2.310164893977344, -200.0, -200.0, 0.00213623046875, -0.0111083984375, 0.18109130859375, -0.9833984375, -20.872927114490757, -16.995952447620002
2.3201324000256136, -200.0, -200.0, 0.00213623046875, -0.0111083984375, 0.18109130859375, -0.9833984375, -20.872927114490757, -16.995952447620002
2.330351285985671, -200.0, -200.0, 0.0015869140625, -0.01177978515625, 0.15814208984375, -0.9873046875, -18.20322550119845, -16.995952447620002
2.340200262959115, -200.0, -200.0, 0.0015869140625, -0.01177978515625, 0.15814208984375, -0.9873046875, -18.20322550119845, -16.995952447620002
2.350158427027054, -200.0, -200.0, 0.0015869140625, -0.01177978515625, 0.15814208984375, -0.9873046875, -18.20322550119845, -16.995952447620002
2.360174134024419, -200.0, -200.0, 0.0009765625, -0.011474609375, 0.14691162109375, -0.98907470703125, -16.900393371770768, -16.995952447620002
2.3701650749426335, -200.0, -200.0, 0.0009765625, -0.011474609375, 0.14691162109375, -0.98907470703125, -16.900393371770768, -16.995952447620002
2.380158987012692, -200.0, -200.0, 0.0009765625, -0.011474609375, 0.14691162109375, -0.98907470703125, -16.900393371770768, -16.995952447620002
2.390090684988536, -200.0, -200.0, 0.00067138671875, -0.01080322265625, 0.1470947265625, -0.989013671875, -16.920132063956405, -16.995952447620002
2.400165066937916, -200.0, -200.0, 0.00067138671875, -0.01080322265625, 0.1470947265625, -0.989013671875, -16.920132063956405, -16.995952447620002
2.4101817809278145, -200.0, -200.0, 0.00067138671875, -0.01080322265625, 0.1470947265625, -0.989013671875, -16.920132063956405, -16.995952447620002
2.420177125954069, -200.0, -200.0, 0.0010986328125, -0.01019287109375, 0.154296875, -0.9879150390625, -17.755048104087344, -16.995952447620002
2.430166631937027, -200.0, -200.0, 0.0010986328125, -0.01019287109375, 0.154296875, -0.9879150390625, -17.755048104087344, -16.995952447620002
2.4402833379572257, -200.0, -200.0, 0.0010986328125, -0.01019287109375, 0.154296875, -0.9879150390625, -17.755048104087344, -16.995952447620002
2.450540656922385, -200.0, -200.0, 0.0010986328125, -0.01019287109375, 0.154296875, -0.9879150390625, -17.755048104087344, -16.995952447620002
2.4606925189727917, -200.0, -200.0, 0.0020751953125, -0.00848388671875, 0.18157958984375, -0.9832763671875, -20.926448980748447, -16.995952447620002
2.4701413719449192, -200.0, -200.0, 0.0020751953125, -0.00848388671875, 0.18157958984375, -0.9832763671875, -20.926448980748447, -16.995952447620002
2.480174669995904, -200.0, -200.0, 0.0020751953125, -0.00848388671875, 0.18157958984375, -0.9832763671875, -20.926448980748447, -16.995952447620002
2.4906962489476427, -200.0, -200.0, 0.001953125, -0.00665283203125, 0.209228515625, -0.977783203125, -24.155896129053787, -16.995952447620002
2.500129887019284, -200.0, -200.0, 0.001953125, -0.00665283203125, 0.209228515625, -0.977783203125, -24.155896129053787, -16.995952447620002
2.5101786029990762, -200.0, -200.0, 0.001953125, -0.00665283203125, 0.209228515625, -0.977783203125, -24.155896129053787, -33.424340080874046
2.5205191529821604, -200.0, -200.0, 0.001953125, -0.00665283203125, 0.209228515625, -0.977783203125, -24.155896129053787, -33.424340080874046
2.5304741259897128, -200.0, -200.0, 0.00140380859375, -0.0048828125, 0.24298095703125, -0.969970703125, -28.12559037115506, -33.424340080874046
2.5402581909438595, -200.0, -200.0, 0.00140380859375, -0.0048828125, 0.24298095703125, -0.969970703125, -28.12559037115506, -33.424340080874046
2.5503830619854853, -200.0, -200.0, 0.00140380859375, -0.0048828125, 0.24298095703125, -0.969970703125, -28.12559037115506, -33.424340080874046
2.560196395032108, -200.0, -200.0, 0.0003662109375, -0.0030517578125, 0.28753662109375, -0.95770263671875, -33.419920793320394, -33.424340080874046
2.57023738801945, -200.0, -200.0, 0.0003662109375, -0.0030517578125, 0.28753662109375, -0.95770263671875, -33.419920793320394, -33.424340080874046
2.5805120549630374, -200.0, -200.0, 0.0003662109375, -0.0030517578125, 0.28753662109375, -0.95770263671875, -33.419920793320394, -33.424340080874046
2.5914202829590067, -200.0, -200.0, 0.0003662109375, -0.0030517578125, 0.28753662109375, -0.95770263671875, -33.419920793320394, -33.424340080874046
2.6002880709711462, -200.0, -200.0, -6.103515625e-05, -0.00201416015625, 0.335205078125, -0.94207763671875, -39.1682892267157, -33.424340080874046
2.6101817559683695, -200.0, -200.0, -6.103515625e-05, -0.00201416015625, 0.335205078125, -0.94207763671875, -39.1682892267157, -33.424340080874046
2.620188649976626, -200.0, -200.0, -0.0001220703125, -0.00146484375, 0.3778076171875, -0.92584228515625, -44.39475796245714, -33.424340080874046
2.6302061449969187, -200.0, -200.0, -0.0001220703125, -0.00146484375, 0.3778076171875, -0.92584228515625, -44.39475796245714, -33.424340080874046
2.6402272220002487, -200.0, -200.0, -0.0001220703125, -0.00146484375, 0.3778076171875, -0.92584228515625, -44.39475796245714, -33.424340080874046
2.650336078950204, -200.0, -200.0, 0.00048828125, -0.00146484375, 0.4210205078125, -0.906982421875, -49.7961676673567, -33.424340080874046
2.6601565229939297, -200.0, -200.0, 0.00048828125, -0.00146484375, 0.4210205078125, -0.906982421875, -49.7961676673567, -33.424340080874046
2.6701476390007883, -200.0, -200.0, 0.00048828125, -0.00146484375, 0.4210205078125, -0.906982421875, -49.7961676673567, -33.424340080874046
2.680757286027074, -200.0, -200.0, 0.00048828125, -0.00146484375, 0.4210205078125, -0.906982421875, -49.7961676673567, -33.424340080874046
2.6902826000005007, -200.0, -200.0, 0.00128173828125, -0.00189208984375, 0.47930908203125, -0.8775634765625, -57.278613720412494, -33.424340080874046
2.7002092299517244, -200.0, -200.0, 0.00128173828125, -0.00189208984375, 0.47930908203125, -0.8775634765625, -57.278613720412494, -33.424340080874046
2.7102407820057124, -200.0, -200.0, 0.00128173828125, -0.00189208984375, 0.47930908203125, -0.8775634765625, -57.278613720412494, -70.81871395643965
2.7203046729555354, -200.0, -200.0, 0.0010986328125, -0.0018310546875, 0.5155029296875, -0.8568115234375, -62.060490684107435, -70.81871395643965
2.7301394080277532, -200.0, -200.0, 0.0010986328125, -0.0018310546875, 0.5155029296875, -0.8568115234375, -62.060490684107435, -70.81871395643965
2.740149262943305, -200.0, -200.0, 0.0010986328125, -0.0018310546875, 0.5155029296875, -0.8568115234375, -62.060490684107435, -70.81871395643965
2.7501710589276627, -200.0, -200.0, 0.000732421875, -0.0018310546875, 0.558349609375, -0.82952880859375, -67.88203786924332, -70.81871395643965
2.760167351923883, -200.0, -200.0, 0.000732421875, -0.0018310546875, 0.558349609375, -0.82952880859375, -67.88203786924332, -70.81871395643965
2.7701860329834744, -200.0, -200.0, 0.000732421875, -0.0018310546875, 0.558349609375, -0.82952880859375, -67.88203786924332, -70.81871395643965
2.780169739970006, -200.0, -200.0, 0.000732421875, -0.0018310546875, 0.558349609375, -0.82952880859375, -67.88203786924332, -70.81871395643965
2.7903630579821765, -200.0, -200.0, -0.0001220703125, -0.00189208984375, 0.62066650390625, -0.78399658203125, -76.72876316966999, -70.81871395643965
2.8001659619621933, -200.0, -200.0, -0.0001220703125, -0.00189208984375, 0.62066650390625, -0.78399658203125, -76.72876316966999, -70.81871395643965
2.8102154480293393, -200.0, -200.0, -0.0001220703125, -0.00189208984375, 0.62066650390625, -0.78399658203125, -76.72876316966999, -70.81871395643965
2.8201629129471257, -200.0, -200.0, -0.00103759765625, -0.00201416015625, 0.660400390625, -0.7508544921875, -82.66069050554465, -70.81871395643965
2.8301711989333853, -200.0, -200.0, -0.00103759765625, -0.00201416015625, 0.660400390625, -0.7508544921875, -82.66069050554465, -70.81871395643965
2.8401693219784647, -200.0, -200.0, -0.00103759765625, -0.00201416015625, 0.660400390625, -0.7508544921875, -82.66069050554465, -70.81871395643965
2.8501764789689332, -200.0, -200.0, -0.00103759765625, -0.00201416015625, 0.660400390625, -0.7508544921875, -82.66069050554465, -70.81871395643965
2.8602392700267956, -200.0, -200.0, -0.00201416015625, -0.00274658203125, 0.698486328125, -0.715576171875, -88.61213267711487, -70.81871395643965
2.8701656670309603, -200.0, -200.0, -0.00201416015625, -0.00274658203125, 0.698486328125, -0.715576171875, -88.61213267711487, -70.81871395643965
2.880168228992261, -200.0, -200.0, -0.00201416015625, -0.00274658203125, 0.698486328125, -0.715576171875, -88.61213267711487, -70.81871395643965
2.8902593170059845, -200.0, -200.0, -0.003662109375, -0.00396728515625, 0.7464599609375, -0.66534423828125, -96.57212964372575, -70.81871395643965
2.900166356936097, -200.0, -200.0, -0.003662109375, -0.00396728515625, 0.7464599609375, -0.66534423828125, -96.57212964372575, -70.81871395643965
2.910179581027478, -200.0, -200.0, -0.003662109375, -0.00396728515625, 0.7464599609375, -0.66534423828125, -96.57212964372575, -109.53420009674207
2.920292607974261, -200.0, -200.0, -0.00457763671875, -0.00469970703125, 0.7801513671875, -0.62548828125, -102.55387142056384, -109.53420009674207
2.9304448269540444, -200.0, -200.0, -0.00457763671875, -0.00469970703125, 0.7801513671875, -0.62548828125, -102.55387142056384, -109.53420009674207
2.940634254948236, -200.0, -200.0, -0.00457763671875, -0.00469970703125, 0.7801513671875, -0.62548828125, -102.55387142056384, -109.53420009674207
2.950142786023207, -200.0, -200.0, -0.00457763671875, -0.00469970703125, 0.7801513671875, -0.62548828125, -102.55387142056384, -109.53420009674207
2.960170906968415, -200.0, -200.0, -0.0052490234375, -0.00482177734375, 0.81170654296875, -0.58392333984375, -108.53365437560277, -109.53420009674207
2.970177593990229, -200.0, -200.0, -0.0052490234375, -0.00482177734375, 0.81170654296875, -0.58392333984375, -108.53365437560277, -109.53420009674207
2.9801335230004042, -200.0, -200.0, -0.0052490234375, -0.00482177734375, 0.81170654296875, -0.58392333984375, -108.53365437560277, -109.53420009674207
2.9902517140144482, -200.0, -200.0, -0.00482177734375, -0.00439453125, 0.85040283203125, -0.5260009765625, -116.51979257479157, -109.53420009674207
3.0001641099806875, -200.0, -200.0, -0.00482177734375, -0.00439453125, 0.85040283203125, -0.5260009765625, -116.51979257479157, -109.53420009674207
3.0101775389630347, -200.0, -200.0, -0.00482177734375, -0.00439453125, 0.85040283203125, -0.5260009765625, -116.51979257479157, -109.53420009674207
3.020185219007544, -200.0, -200.0, -0.00421142578125, -0.00372314453125, 0.8768310546875, -0.48065185546875, -122.53508903569586, -109.53420009674207
3.030235828948207, -200.0, -200.0, -0.00421142578125, -0.00372314453125, 0.8768310546875, -0.48065185546875, -122.53508903569586, -109.53420009674207
3.040484181023203, -200.0, -200.0, -0.00421142578125, -0.00372314453125, 0.8768310546875, -0.48065185546875, -122.53508903569586, -109.53420009674207
3.0504927969304845, -200.0, -200.0, -0.00390625, -0.00335693359375, 0.9007568359375, -0.43414306640625, -128.5290216154913, -109.53420009674207
3.060146262985654, -200.0, -200.0, -0.00390625, -0.00335693359375, 0.9007568359375, -0.43414306640625, -128.5290216154913, -109.53420009674207
3.0702480969484895, -200.0, -200.0, -0.00390625, -0.00335693359375, 0.9007568359375, -0.43414306640625, -128.5290216154913, -109.53420009674207
3.0801173920044675, -200.0, -200.0, -0.00390625, -0.00335693359375, 0.9007568359375, -0.43414306640625, -128.5290216154913, -109.53420009674207
3.0902317949803546, -200.0, -200.0, -0.00390625, -0.00335693359375, 0.9007568359375, -0.43414306640625, -128.5290216154913, -109.53420009674207
3.100316116004251, -200.0, -200.0, -0.00384521484375, -0.00360107421875, 0.928955078125, -0.37005615234375, -136.5577342401835, -109.53420009674207
3.110414049006067, -200.0, -200.0, -0.00384521484375, -0.00360107421875, 0.928955078125, -0.37005615234375, -136.5577342401835, -149.57891618160983
3.120234470930882, -200.0, -200.0, -0.00323486328125, -0.0037841796875, 0.9498291015625, -0.3126220703125, -143.56259122112596, -149.57891618160983
3.13013313699048, -200.0, -200.0, -0.00323486328125, -0.0037841796875, 0.9498291015625, -0.3126220703125, -143.56259122112596, -149.57891618160983
3.1401402589399368, -200.0, -200.0, -0.00323486328125, -0.0037841796875, 0.9498291015625, -0.3126220703125, -143.56259122112596, -149.57891618160983
3.150190682965331, -200.0, -200.0, -0.0020751953125, -0.00360107421875, 0.96490478515625, -0.2623291015625, -149.57853437161793, -149.57891618160983
3.160154729965143, -200.0, -200.0, -0.0020751953125, -0.00360107421875, 0.96490478515625, -0.2623291015625, -149.57853437161793, -149.57891618160983
3.170220531988889, -200.0, -200.0, -0.0020751953125, -0.00360107421875, 0.96490478515625, -0.2623291015625, -149.57853437161793, -149.57891618160983
3.1801614389987662, -200.0, -200.0, -0.0020751953125, -0.00360107421875, 0.96490478515625, -0.2623291015625, -149.57853437161793, -149.57891618160983
3.1902072420343757, -200.0, -200.0, -0.00054931640625, -0.00372314453125, 0.97918701171875, -0.20281982421875, -156.5950685757763, -149.57891618160983
3.200184394023381, -200.0, -200.0, -0.00054931640625, -0.00372314453125, 0.97918701171875, -0.20281982421875, -156.5950685757763, -149.57891618160983
3.210269714007154, -200.0, -200.0, -0.00054931640625, -0.00372314453125, 0.97918701171875, -0.20281982421875, -156.5950685757763, -149.57891618160983
3.220339191961102, -200.0, -200.0, 0.00018310546875, -0.00408935546875, 0.988525390625, -0.15093994140625, -162.6367905204674, -149.57891618160983
3.230152982985601, -200.0, -200.0, 0.00018310546875, -0.00408935546875, 0.988525390625, -0.15093994140625, -162.6367905204674, -149.57891618160983
3.2401771469740197, -200.0, -200.0, 0.00018310546875, -0.00408935546875, 0.988525390625, -0.15093994140625, -162.6367905204674, -149.57891618160983
3.2507391929393634, -200.0, -200.0, 0.00018310546875, -0.00408935546875, 0.988525390625, -0.15093994140625, -162.6367905204674, -149.57891618160983
3.260297753033228, -200.0, -200.0, 0.00079345703125, -0.00531005859375, 0.99505615234375, -0.09869384765625, -168.67015869518664, -149.57891618160983
3.2701626549242064, -200.0, -200.0, 0.00079345703125, -0.00531005859375, 0.99505615234375, -0.09869384765625, -168.67015869518664, -149.57891618160983
3.2809349939925596, -200.0, -200.0, 0.00079345703125, -0.00531005859375, 0.99505615234375, -0.09869384765625, -168.67015869518664, -149.57891618160983
3.290296179940924, -200.0, -200.0, 0.00079345703125, -0.00531005859375, 0.99505615234375, -0.09869384765625, -168.67015869518664, -149.57891618160983
3.300738548976369, -200.0, -200.0, 0.00091552734375, -0.008056640625, 0.99951171875, -0.02874755859375, -176.70416137290954, -149.57891618160983
3.310340299969539, -200.0, -200.0, 0.00091552734375, -0.008056640625, 0.99951171875, -0.02874755859375, -176.70416137290954, -149.57891618160983
3.320279696956277, -200.0, -200.0, 0.0010986328125, -0.0101318359375, 0.9996337890625, 0.02392578125, 177.259225429365, 170.19988566328195
3.3301355239236727, -200.0, -200.0, 0.0010986328125, -0.0101318359375, 0.9996337890625, 0.02392578125, 177.259225429365, 170.19988566328195
3.3401623929385096, -200.0, -200.0, 0.0010986328125, -0.0101318359375, 0.9996337890625, 0.02392578125, 177.259225429365, 170.19988566328195
3.3502636560006067, -200.0, -200.0, 0.0020751953125, -0.01141357421875, 0.9969482421875, 0.07666015625, 171.20886866776013, 170.19988566328195
3.3603364039445296, -200.0, -200.0, 0.0020751953125, -0.01141357421875, 0.9969482421875, 0.07666015625, 171.20886866776013, 170.19988566328195
3.3705146099673584, -200.0, -200.0, 0.0020751953125, -0.01141357421875, 0.9969482421875, 0.07666015625, 171.20886866776013, 170.19988566328195
3.380184868001379, -200.0, -200.0, 0.0020751953125, -0.01141357421875, 0.9969482421875, 0.07666015625, 171.20886866776013, 170.19988566328195
3.3907634579809383, -200.0, -200.0, 0.00390625, -0.01190185546875, 0.98907470703125, 0.14642333984375, 163.1630730472507, 170.19988566328195
3.400126777938567, -200.0, -200.0, 0.00390625, -0.01190185546875, 0.98907470703125, 0.14642333984375, 163.1630730472507, 170.19988566328195
3.410287410952151, -200.0, -200.0, 0.00390625, -0.01190185546875, 0.98907470703125, 0.14642333984375, 163.1630730472507, 170.19988566328195
3.420209496980533, -200.0, -200.0, 0.00390625, -0.01190185546875, 0.98907470703125, 0.14642333984375, 163.1630730472507, 170.19988566328195
3.4301887169713154, -200.0, -200.0, 0.00567626953125, -0.01226806640625, 0.97821044921875, 0.20684814453125, 156.12762840663916, 170.19988566328195
3.4403008909430355, -200.0, -200.0, 0.00567626953125, -0.01226806640625, 0.97821044921875, 0.20684814453125, 156.12762840663916, 170.19988566328195
3.450288563966751, -200.0, -200.0, 0.0072021484375, -0.01226806640625, 0.96820068359375, 0.2496337890625, 151.0940332153338, 170.19988566328195
3.4605919549940154, -200.0, -200.0, 0.0072021484375, -0.01226806640625, 0.96820068359375, 0.2496337890625, 151.0940332153338, 170.19988566328195
3.4701612269273028, -200.0, -200.0, 0.0072021484375, -0.01226806640625, 0.96820068359375, 0.2496337890625, 151.0940332153338, 170.19988566328195
3.480115760001354, -200.0, -200.0, 0.0072021484375, -0.01226806640625, 0.96820068359375, 0.2496337890625, 151.0940332153338, 170.19988566328195
3.4901475770166144, -200.0, -200.0, 0.0072021484375, -0.01226806640625, 0.96820068359375, 0.2496337890625, 151.0940332153338, 170.19988566328195
3.500520125962794, -200.0, -200.0, 0.00860595703125, -0.01092529296875, 0.9454345703125, 0.3253173828125, 142.02959777465352, 170.19988566328195
3.510323817958124, -200.0, -200.0, 0.00860595703125, -0.01092529296875, 0.9454345703125, 0.3253173828125, 142.02959777465352, 129.94354299717054
3.5201610550284386, -200.0, -200.0, 0.00860595703125, -0.01092529296875, 0.9454345703125, 0.3253173828125, 142.02959777465352, 129.94354299717054
3.5301134269684553, -200.0, -200.0, 0.0086669921875, -0.0087890625, 0.927001953125, 0.37469482421875, 135.9844478537176, 129.94354299717054
3.540142512996681, -200.0, -200.0, 0.0086669921875, -0.0087890625, 0.927001953125, 0.37469482421875, 135.9844478537176, 129.94354299717054
3.5501898479415104, -200.0, -200.0, 0.008544921875, -0.00665283203125, 0.90966796875, 0.41510009765625, 130.9432453802032, 129.94354299717054
3.560205679037608, -200.0, -200.0, 0.008544921875, -0.00665283203125, 0.90966796875, 0.41510009765625, 130.9432453802032, 129.94354299717054
3.5701923290034756, -200.0, -200.0, 0.008544921875, -0.00665283203125, 0.90966796875, 0.41510009765625, 130.9432453802032, 129.94354299717054
3.5802067479817197, -200.0, -200.0, 0.008544921875, -0.00665283203125, 0.90966796875, 0.41510009765625, 130.9432453802032, 129.94354299717054
3.5903824269771576, -200.0, -200.0, 0.00738525390625, -0.003173828125, 0.87835693359375, 0.47784423828125, 122.90081974713448, 129.94354299717054
3.6001930999336764, -200.0, -200.0, 0.00738525390625, -0.003173828125, 0.87835693359375, 0.47784423828125, 122.90081974713448, 129.94354299717054
3.610342970932834, -200.0, -200.0, 0.00738525390625, -0.003173828125, 0.87835693359375, 0.47784423828125, 122.90081974713448, 129.94354299717054
3.6203558139968663, -200.0, -200.0, 0.005859375, -0.00140380859375, 0.85205078125, 0.5233154296875, 116.8778292690427, 129.94354299717054
3.631193751003593, -200.0, -200.0, 0.005859375, -0.00140380859375, 0.85205078125, 0.5233154296875, 116.8778292690427, 129.94354299717054
3.6408389339921996, -200.0, -200.0, 0.005859375, -0.00140380859375, 0.85205078125, 0.5233154296875, 116.8778292690427, 129.94354299717054
3.6510473099770024, -200.0, -200.0, 0.00396728515625, -0.00103759765625, 0.8233642578125, 0.5673828125, 110.85066562661565, 129.94354299717054
3.6601621370064095, -200.0, -200.0, 0.00396728515625, -0.00103759765625, 0.8233642578125, 0.5673828125, 110.85066562661565, 129.94354299717054
3.670165636925958, -200.0, -200.0, 0.00396728515625, -0.00103759765625, 0.8233642578125, 0.5673828125, 110.85066562661565, 129.94354299717054
3.680132293025963, -200.0, -200.0, 0.00396728515625, -0.00103759765625, 0.8233642578125, 0.5673828125, 110.85066562661565, 129.94354299717054
3.6901297429576516, -200.0, -200.0, 0.0015869140625, -0.00140380859375, 0.7813720703125, 0.6240234375, 102.77385463069203, 129.94354299717054
3.700194176984951, -200.0, -200.0, 0.0015869140625, -0.00140380859375, 0.7813720703125, 0.6240234375, 102.77385463069203, 129.94354299717054
3.710125743993558, -200.0, -200.0, 0.0015869140625, -0.00140380859375, 0.7813720703125, 0.6240234375, 102.77385463069203, 89.74912282607443
3.7201288549695164, -200.0, -200.0, 0.0015869140625, -0.00140380859375, 0.7813720703125, 0.6240234375, 102.77385463069203, 89.74912282607443
3.730136913014576, -200.0, -200.0, 0.0003662109375, -0.0025634765625, 0.74163818359375, 0.67071533203125, 95.74378373351193, 89.74912282607443
3.7401473770150915, -200.0, -200.0, 0.0003662109375, -0.0025634765625, 0.74163818359375, 0.67071533203125, 95.74378373351193, 89.74912282607443
3.7501759929582477, -200.0, -200.0, -0.0001220703125, -0.0037841796875, 0.70550537109375, 0.7086181640625, 89.74238313785114, 89.74912282607443
3.760165750980377, -200.0, -200.0, -0.0001220703125, -0.0037841796875, 0.70550537109375, 0.7086181640625, 89.74238313785114, 89.74912282607443
3.7701704900246114, -200.0, -200.0, -0.0001220703125, -0.0037841796875, 0.70550537109375, 0.7086181640625, 89.74238313785114, 89.74912282607443
3.7801608860027045, -200.0, -200.0, -0.0001220703125, -0.0037841796875, 0.70550537109375, 0.7086181640625, 89.74238313785114, 89.74912282607443
3.7909526280127466, -200.0, -200.0, 6.103515625e-05, -0.00543212890625, 0.6607666015625, 0.75048828125, 82.71908828007479, 89.74912282607443
3.80021532101091, -200.0, -200.0, 6.103515625e-05, -0.00543212890625, 0.6607666015625, 0.75048828125, 82.71908828007479, 89.74912282607443
3.81046691397205, -200.0, -200.0, 6.103515625e-05, -0.00543212890625, 0.6607666015625, 0.75048828125, 82.71908828007479, 89.74912282607443
3.8201089869253337, -200.0, -200.0, 0.00079345703125, -0.0068359375, 0.6204833984375, 0.78411865234375, 76.70630509870522, 89.74912282607443
3.830193224013783, -200.0, -200.0, 0.00079345703125, -0.0068359375, 0.6204833984375, 0.78411865234375, 76.70630509870522, 89.74912282607443
3.840575787005946, -200.0, -200.0, 0.00079345703125, -0.0068359375, 0.6204833984375, 0.78411865234375, 76.70630509870522, 89.74912282607443
3.8502946340013295, -200.0, -200.0, 0.00079345703125, -0.0068359375, 0.6204833984375, 0.78411865234375, 76.70630509870522, 89.74912282607443
3.8601345339557156, -200.0, -200.0, 0.001708984375, -0.0081787109375, 0.57867431640625, 0.8154296875, 70.7185909236198, 89.74912282607443
3.8702600959222764, -200.0, -200.0, 0.001708984375, -0.0081787109375, 0.57867431640625, 0.8154296875, 70.7185909236198, 89.74912282607443
3.880133423022926, -200.0, -200.0, 0.001708984375, -0.0081787109375, 0.57867431640625, 0.8154296875, 70.7185909236198, 89.74912282607443
3.890132857952267, -200.0, -200.0, 0.00311279296875, -0.0096435546875, 0.52069091796875, 0.8536376953125, 62.76217997871554, 89.74912282607443
3.9001527819782495, -200.0, -200.0, 0.00311279296875, -0.0096435546875, 0.52069091796875, 0.8536376953125, 62.76217997871554, 89.74912282607443
3.910241049947217, -200.0, -200.0, 0.00311279296875, -0.0096435546875, 0.52069091796875, 0.8536376953125, 62.76217997871554, 49.778886539011076
3.920640693977475, -200.0, -200.0, 0.00372314453125, -0.01031494140625, 0.47528076171875, 0.87969970703125, 56.759034056341065, 49.778886539011076
3.9303353070281446, -200.0, -200.0, 0.00372314453125, -0.01031494140625, 0.47528076171875, 0.87969970703125, 56.759034056341065, 49.778886539011076
3.940207476960495, -200.0, -200.0, 0.00372314453125, -0.01031494140625, 0.47528076171875, 0.87969970703125, 56.759034056341065, 49.778886539011076
3.9502534109633416, -200.0, -200.0, 0.0030517578125, -0.0106201171875, 0.42877197265625, 0.9033203125, 50.784097162987386, 49.778886539011076
3.9602326579624787, -200.0, -200.0, 0.0030517578125, -0.0106201171875, 0.42877197265625, 0.9033203125, 50.784097162987386, 49.778886539011076
3.9701982010155916, -200.0, -200.0, 0.0030517578125, -0.0106201171875, 0.42877197265625, 0.9033203125, 50.784097162987386, 49.778886539011076
3.980900511960499, -200.0, -200.0, 0.0030517578125, -0.0106201171875, 0.42877197265625, 0.9033203125, 50.784097162987386, 49.778886539011076
3.990206917980686, -200.0, -200.0, 0.0030517578125, -0.0106201171875, 0.42877197265625, 0.9033203125, 50.784097162987386, 49.778886539011076
4.000442120945081, -200.0, -200.0, 0.00152587890625, -0.010009765625, 0.36431884765625, 0.93115234375, 42.73410569634607, 49.778886539011076
4.010172592010349, 0.0, 0.0, 0.00152587890625, -0.010009765625, 0.36431884765625, 0.93115234375, 42.73410569634607, 49.778886539011076
4.020136571023613, 0.0, 0.0, 0.00042724609375, -0.0089111328125, 0.3150634765625, 0.948974609375, 36.73160665943771, 49.778886539011076
4.03020562697202, 0.0, 0.0, 0.00042724609375, -0.0089111328125, 0.3150634765625, 0.948974609375, 36.73160665943771, 49.778886539011076
4.040179049014114, 0.0, 0.0, 0.00042724609375, -0.0089111328125, 0.3150634765625, 0.948974609375, 36.73160665943771, 49.778886539011076
4.050156612996943, 0.0, 0.0, 0.00042724609375, -0.0089111328125, 0.3150634765625, 0.948974609375, 36.73160665943771, 49.778886539011076
4.060467100003734, 0.0, 0.0, -0.000244140625, -0.007568359375, 0.264892578125, 0.96417236328125, 30.721920386705882, 49.778886539011076
4.070520629989915, 0.0, 0.0, -0.000244140625, -0.007568359375, 0.264892578125, 0.96417236328125, 30.721920386705882, 49.778886539011076
4.080351028009318, 0.0, 0.0, -0.000244140625, -0.007568359375, 0.264892578125, 0.96417236328125, 30.721920386705882, 49.778886539011076
4.0903186679352075, 0.0, 0.0, 0.0, -0.00531005859375, 0.19683837890625, 0.98040771484375, 22.70493288003637, 49.778886539011076
4.100311508984305, 0.0, 0.0, 0.0, -0.00531005859375, 0.19683837890625, 0.98040771484375, 22.70493288003637, 49.778886539011076
4.110439131967723, 0.0, 0.0, 0.0, -0.00531005859375, 0.19683837890625, 0.98040771484375, 22.70493288003637, 9.71057983452374
4.12026303098537, 0.0, 0.0, 0.0, -0.00531005859375, 0.19683837890625, 0.98040771484375, 22.70493288003637, 9.71057983452374
4.130146489944309, 0.0, 0.0, 0.000732421875, -0.00323486328125, 0.1451416015625, 0.9893798828125, 16.690548506070012, 9.71057983452374
4.1401797669241205, 0.0, 0.0, 0.000732421875, -0.00323486328125, 0.1451416015625, 0.9893798828125, 16.690548506070012, 9.71057983452374
4.15024607302621, 0.0, 0.0, 0.000732421875, -0.00323486328125, 0.1451416015625, 0.9893798828125, 16.690548506070012, 9.71057983452374
4.16017607098911, 0.0, 0.0, 0.00286865234375, -0.00048828125, 0.0845947265625, 0.99639892578125, 9.705129532182134, 9.71057983452374
4.170156224980019, 0.0, 0.0, 0.00286865234375, -0.00048828125, 0.0845947265625, 0.99639892578125, 9.705129532182134, 9.71057983452374
4.1802752369549125, 0.0, 0.0, 0.00286865234375, -0.00048828125, 0.0845947265625, 0.99639892578125, 9.705129532182134, 9.71057983452374
4.190382294007577, 0.0, 0.0, 0.00640869140625, 0.00250244140625, 0.01690673828125, 0.99981689453125, 1.9392449918138266, 9.71057983452374
4.200144742964767, 0.0, 0.0, 0.00640869140625, 0.00250244140625, 0.01690673828125, 0.99981689453125, 1.9392449918138266, 9.71057983452374
4.210170401027426, 0.0, 0.0, 0.00640869140625, 0.00250244140625, 0.01690673828125, 0.99981689453125, 1.9392449918138266, 9.71057983452374
4.220336513011716, 0.0, 0.0, 0.00640869140625, 0.00250244140625, 0.01690673828125, 0.99981689453125, 1.9392449918138266, 9.71057983452374
4.2301515699364245, 0.0, 0.0, 0.0084228515625, 0.00408935546875, -0.02337646484375, 0.9996337890625, -2.6748876154755767, 9.71057983452374
4.240145126008429, 0.0, 0.0, 0.0084228515625, 0.00408935546875, -0.02337646484375, 0.9996337890625, -2.6748876154755767, 9.71057983452374
4.25027208798565, 0.0, 0.0, 0.010009765625, 0.00543212890625, -0.068115234375, 0.99755859375, -7.804846185735699, 9.71057983452374
4.2601909870281816, 0.0, 0.0, 0.010009765625, 0.00543212890625, -0.068115234375, 0.99755859375, -7.804846185735699, 9.71057983452374
4.270145445945673, 0.0, 0.0, 0.010009765625, 0.00543212890625, -0.068115234375, 0.99755859375, -7.804846185735699, 9.71057983452374
4.280315096955746, 0.0, 0.0, 0.010009765625, 0.00543212890625, -0.068115234375, 0.99755859375, -7.804846185735699, 9.71057983452374
4.29035456199199, 0.0, 0.0, 0.0106201171875, 0.0059814453125, -0.120849609375, 0.9925537109375, -13.87461864044932, 9.71057983452374
4.3002815649379045, 0.0, 0.0, 0.0106201171875, 0.0059814453125, -0.120849609375, 0.9925537109375, -13.87461864044932, 9.71057983452374
4.310379317961633, 0.0, 0.0, 0.0106201171875, 0.0059814453125, -0.120849609375, 0.9925537109375, -13.87461864044932, -21.701783738576832
4.3202561479993165, 0.0, 0.0, 0.00994873046875, 0.00555419921875, -0.16009521484375, 0.98699951171875, -18.418178463726807, -21.701783738576832
4.331030149012804, 0.0, 0.0, 0.00994873046875, 0.00555419921875, -0.16009521484375, 0.98699951171875, -18.418178463726807, -21.701783738576832
4.3401631659362465, 0.0, 0.0, 0.00994873046875, 0.00555419921875, -0.16009521484375, 0.98699951171875, -18.418178463726807, -21.701783738576832
4.350317621952854, 0.0, 0.0, 0.008056640625, 0.0048828125, -0.188232421875, 0.9820556640625, -21.694738099286994, -21.701783738576832
4.360194913926534, 0.0, 0.0, 0.008056640625, 0.0048828125, -0.188232421875, 0.9820556640625, -21.694738099286994, -21.701783738576832
4.371538094943389, 0.0, 0.0, 0.008056640625, 0.0048828125, -0.188232421875, 0.9820556640625, -21.694738099286994, -21.701783738576832
4.380195386009291, 0.0, 0.0, 0.008056640625, 0.0048828125, -0.188232421875, 0.9820556640625, -21.694738099286994, -21.701783738576832
4.390617831028067, 0.0, 0.0, 0.008056640625, 0.0048828125, -0.188232421875, 0.9820556640625, -21.694738099286994, -21.701783738576832
4.40027778595686, 0.0, 0.0, 0.008056640625, 0.0048828125, -0.188232421875, 0.9820556640625, -21.694738099286994, -21.701783738576832
4.410347803961486, 0.0, 0.0, 0.00567626953125, 0.0040283203125, -0.21575927734375, 0.97637939453125, -24.91705295744635, -21.701783738576832
4.42017192102503, 0.0, 0.0, 0.00567626953125, 0.0040283203125, -0.21575927734375, 0.97637939453125, -24.91705295744635, -21.701783738576832
4.43021530599799, 0.0, 0.0, 0.0030517578125, 0.00341796875, -0.23773193359375, 0.9713134765625, -27.504571045860192, -21.701783738576832
4.4402540809242055, 0.0, 0.0, 0.0030517578125, 0.00341796875, -0.23773193359375, 0.9713134765625, -27.504571045860192, -21.701783738576832
4.450176444021054, 0.0, 0.0, 0.0030517578125, 0.00341796875, -0.23773193359375, 0.9713134765625, -27.504571045860192, -21.701783738576832
4.460186067968607, 0.0, 0.0, 0.001220703125, 0.0029296875, -0.25067138671875, 0.968017578125, -29.033236128930792, -21.701783738576832
4.470160909928381, 0.0, 0.0, 0.001220703125, 0.0029296875, -0.25067138671875, 0.968017578125, -29.033236128930792, -21.701783738576832
4.480135160963982, 0.0, 0.0, 0.001220703125, 0.0029296875, -0.25067138671875, 0.968017578125, -29.033236128930792, -21.701783738576832
4.4902066310169175, 0.0, 0.0, -0.00189208984375, 0.00225830078125, -0.26727294921875, 0.96356201171875, -31.00328705654997, -21.701783738576832
4.50028979300987, 0.0, 0.0, -0.00189208984375, 0.00225830078125, -0.26727294921875, 0.96356201171875, -31.00328705654997, -21.701783738576832
4.510384861030616, 0.0, 0.0, -0.00189208984375, 0.00225830078125, -0.26727294921875, 0.96356201171875, -31.00328705654997, -33.141262890722864
4.520320106996223, 0.0, 0.0, -0.0045166015625, 0.001708984375, -0.27667236328125, 0.9609375, -32.123609055231476, -33.141262890722864
4.530193630023859, 0.0, 0.0, -0.0045166015625, 0.001708984375, -0.27667236328125, 0.9609375, -32.123609055231476, -33.141262890722864
4.540292821940966, 0.0, 0.0, -0.0045166015625, 0.001708984375, -0.27667236328125, 0.9609375, -32.123609055231476, -33.141262890722864
4.550180542981252, 0.0, 0.0, -0.0045166015625, 0.001708984375, -0.27667236328125, 0.9609375, -32.123609055231476, -33.141262890722864
4.560199946979992, 0.0, 0.0, -0.00665283203125, 0.00128173828125, -0.28411865234375, 0.958740234375, -33.011933917251845, -33.141262890722864
4.57015553698875, 0.0, 0.0, -0.00665283203125, 0.00128173828125, -0.28411865234375, 0.958740234375, -33.011933917251845, -33.141262890722864
4.580165792023763, 0.0, 0.0, -0.00665283203125, 0.00128173828125, -0.28411865234375, 0.958740234375, -33.011933917251845, -33.141262890722864
4.590459165978245, 0.0, 0.0, -0.00897216796875, 0.00103759765625, -0.29168701171875, 0.9564208984375, -33.916340648444255, -33.141262890722864
4.600088412989862, 0.0, 0.0, -0.00897216796875, 0.00103759765625, -0.29168701171875, 0.9564208984375, -33.916340648444255, -33.141262890722864
4.6102400629315525, 0.0, 0.0, -0.00897216796875, 0.00103759765625, -0.29168701171875, 0.9564208984375, -33.916340648444255, -33.141262890722864
4.620165341999382, 0.0, 0.0, -0.01031494140625, 0.0009765625, -0.29638671875, 0.9549560546875, -34.47929831197255, -33.141262890722864
4.630220736959018, 0.0, 0.0, -0.01031494140625, 0.0009765625, -0.29638671875, 0.9549560546875, -34.47929831197255, -33.141262890722864
4.640152796986513, 0.0, 0.0, -0.01031494140625, 0.0009765625, -0.29638671875, 0.9549560546875, -34.47929831197255, -33.141262890722864
4.6501559630269185, 0.0, 0.0, -0.01031494140625, 0.0009765625, -0.29638671875, 0.9549560546875, -34.47929831197255, -33.141262890722864
4.660337490029633, 0.0, 0.0, -0.010986328125, 0.0008544921875, -0.29931640625, 0.95404052734375, -34.83083761513192, -33.141262890722864
4.670218821964227, 0.0, 0.0, -0.010986328125, 0.0008544921875, -0.29931640625, 0.95404052734375, -34.83083761513192, -33.141262890722864
4.68067976902239, 0.0, 0.0, -0.010986328125, 0.0008544921875, -0.29931640625, 0.95404052734375, -34.83083761513192, -33.141262890722864
4.6903156789485365, 0.0, 0.0, -0.010986328125, 0.0008544921875, -0.29931640625, 0.95404052734375, -34.83083761513192, -33.141262890722864
4.700202320935205, 0.0, 0.0, -0.01129150390625, 0.0009765625, -0.30218505859375, 0.953125, -35.17535846217598, -33.141262890722864
4.710174145991914, 0.0, 0.0, -0.01129150390625, 0.0009765625, -0.30218505859375, 0.953125, -35.17535846217598, -35.59228310457111
4.7208484979346395, 0.0, 0.0, -0.0107421875, 0.00177001953125, -0.304443359375, 0.95245361328125, -35.44915617314169, -35.59228310457111
4.730257252929732, 0.0, 0.0, -0.0107421875, 0.00177001953125, -0.304443359375, 0.95245361328125, -35.44915617314169, -35.59228310457111
4.74015484098345, 0.0, 0.0, -0.0107421875, 0.00177001953125, -0.304443359375, 0.95245361328125, -35.44915617314169, -35.59228310457111
4.750263661029749, 0.0, 0.0, -0.0107421875, 0.00177001953125, -0.304443359375, 0.95245361328125, -35.44915617314169, -35.59228310457111
4.760228544007987, 0.0, 0.0, -0.0098876953125, 0.00225830078125, -0.30560302734375, 0.95208740234375, -35.589275809329834, -35.59228310457111
4.770202953950502, 0.0, 0.0, -0.0098876953125, 0.00225830078125, -0.30560302734375, 0.95208740234375, -35.589275809329834, -35.59228310457111
4.780165598960593, 0.0, 0.0, -0.0098876953125, 0.00225830078125, -0.30560302734375, 0.95208740234375, -35.589275809329834, -35.59228310457111
4.790334878023714, 0.0, 0.0, -0.0078125, 0.0028076171875, -0.30712890625, 0.95159912109375, -35.773182655217845, -35.59228310457111
4.800136746023782, 0.0, 0.0, -0.0078125, 0.0028076171875, -0.30712890625, 0.95159912109375, -35.773182655217845, -35.59228310457111
4.810155562008731, 0.0, 0.0, -0.0078125, 0.0028076171875, -0.30712890625, 0.95159912109375, -35.773182655217845, -35.59228310457111
4.820542842033319, 0.0, 0.0, -0.00640869140625, 0.00335693359375, -0.30792236328125, 0.95135498046875, -35.8692726015236, -35.59228310457111
4.830222759977914, 0.0, 0.0, -0.00640869140625, 0.00335693359375, -0.30792236328125, 0.95135498046875, -35.8692726015236, -35.59228310457111
4.84031815698836, 0.0, 0.0, -0.00640869140625, 0.00335693359375, -0.30792236328125, 0.95135498046875, -35.8692726015236, -35.59228310457111
4.850180585985072, 0.0, 0.0, -0.00640869140625, 0.00335693359375, -0.30792236328125, 0.95135498046875, -35.8692726015236, -35.59228310457111
4.860155786969699, 0.0, 0.0, -0.00482177734375, 0.00390625, -0.3084716796875, 0.951171875, -35.93531105938302, -35.59228310457111
4.870321111986414, 0.0, 0.0, -0.00482177734375, 0.00390625, -0.3084716796875, 0.951171875, -35.93531105938302, -35.59228310457111
4.8804737030295655, 0.0, 0.0, -0.00482177734375, 0.00390625, -0.3084716796875, 0.951171875, -35.93531105938302, -35.59228310457111
4.89018191897776, 0.0, 0.0, -0.00482177734375, 0.00390625, -0.3084716796875, 0.951171875, -35.93531105938302, -35.59228310457111
4.900499674957246, 0.0, 0.0, -0.00250244140625, 0.0045166015625, -0.3092041015625, 0.950927734375, -36.023019605164514, -35.59228310457111
4.910328220925294, 0.0, 0.0, -0.00250244140625, 0.0045166015625, -0.3092041015625, 0.950927734375, -36.023019605164514, -35.59228310457111
4.920834298012778, 0.0, 0.0, -0.00250244140625, 0.0045166015625, -0.3092041015625, 0.950927734375, -36.023019605164514, -36.104724877240486
4.9302328559570014, 0.0, 0.0, -0.00250244140625, 0.0045166015625, -0.3092041015625, 0.950927734375, -36.023019605164514, -36.104724877240486
4.940555040957406, 0.0, 0.0, -0.001220703125, 0.00457763671875, -0.30963134765625, 0.9508056640625, -36.07449882609843, -36.104724877240486
4.9501707629533485, 0.0, 0.0, -0.001220703125, 0.00457763671875, -0.30963134765625, 0.9508056640625, -36.07449882609843, -36.104724877240486
4.960105856996961, 0.0, 0.0, -0.00054931640625, 0.00482177734375, -0.309814453125, 0.95074462890625, -36.09640932077515, -36.104724877240486
4.970183796016499, 0.0, 0.0, -0.00054931640625, 0.00482177734375, -0.309814453125, 0.95074462890625, -36.09640932077515, -36.104724877240486
4.980290174949914, 0.0, 0.0, -0.00054931640625, 0.00482177734375, -0.309814453125, 0.95074462890625, -36.09640932077515, -36.104724877240486
4.990271609975025, 0.0, 0.0, 0.0001220703125, 0.00567626953125, -0.3101806640625, 0.95062255859375, -36.14076957663669, -36.104724877240486
5.000310566974804, 0.0, 0.0, 0.0001220703125, 0.00567626953125, -0.3101806640625, 0.95062255859375, -36.14076957663669, -36.104724877240486
5.010384717956185, 0.0, 0.0, 0.0001220703125, 0.00567626953125, -0.3101806640625, 0.95062255859375, -36.14076957663669, -36.104724877240486
5.020482353982516, 0.0, 0.0, 0.0001220703125, 0.00567626953125, -0.3101806640625, 0.95062255859375, -36.14076957663669, -36.104724877240486
5.030424003954977, 0.0, 0.0, 0.0003662109375, 0.00634765625, -0.31060791015625, 0.95050048828125, -36.193170019752294, -36.104724877240486
5.040186382946558, 0.0, 0.0, 0.0003662109375, 0.00634765625, -0.31060791015625, 0.95050048828125, -36.193170019752294, -36.104724877240486
5.050186526961625, 0.0, 0.0, 0.0003662109375, 0.00634765625, -0.31060791015625, 0.95050048828125, -36.193170019752294, -36.104724877240486
5.060100184986368, 0.0, 0.0, 0.00054931640625, 0.00701904296875, -0.31085205078125, 0.95037841796875, -36.22185676418952, -36.104724877240486
5.070154928951524, 0.0, 0.0, 0.00054931640625, 0.00701904296875, -0.31085205078125, 0.95037841796875, -36.22185676418952, -36.104724877240486
5.080156493932009, 0.0, 0.0, 0.00054931640625, 0.00701904296875, -0.31085205078125, 0.95037841796875, -36.22185676418952, -36.104724877240486
5.090272873989306, 0.0, 0.0, -6.103515625e-05, 0.00830078125, -0.311279296875, 0.95025634765625, -36.27561951719061, -36.104724877240486
5.100143591989763, 0.0, 0.0, -6.103515625e-05, 0.00830078125, -0.311279296875, 0.95025634765625, -36.27561951719061, -36.104724877240486
5.110185162979178, 0.0, 0.0, -6.103515625e-05, 0.00830078125, -0.311279296875, 0.95025634765625, -36.27561951719061, -36.2719279081224
5.120267412974499, 0.0, 0.0, -6.103515625e-05, 0.00830078125, -0.311279296875, 0.95025634765625, -36.27561951719061, -36.2719279081224
5.130226423032582, 0.0, 0.0, -0.00152587890625, 0.0096435546875, -0.31121826171875, 0.95025634765625, -36.27063088739608, -36.2719279081224
5.140166220953688, 0.0, 0.0, -0.00152587890625, 0.0096435546875, -0.31121826171875, 0.95025634765625, -36.27063088739608, -36.2719279081224
5.150100754923187, 0.0, 0.0, -0.00152587890625, 0.0096435546875, -0.31121826171875, 0.95025634765625, -36.27063088739608, -36.2719279081224
5.160138112027198, 0.0, 0.0, -0.0030517578125, 0.010986328125, -0.3111572265625, 0.95025634765625, -36.26631245497479, -36.2719279081224
5.170151725993492, 0.0, 0.0, -0.0030517578125, 0.010986328125, -0.3111572265625, 0.95025634765625, -36.26631245497479, -36.2719279081224
5.180123387021013, 0.0, 0.0, -0.00390625, 0.0118408203125, -0.3111572265625, 0.95025634765625, -36.2688109219341, -36.2719279081224
5.190274594002403, 0.0, 0.0, -0.00390625, 0.0118408203125, -0.3111572265625, 0.95025634765625, -36.2688109219341, -36.2719279081224
5.200219732010737, 0.0, 0.0, -0.00390625, 0.0118408203125, -0.3111572265625, 0.95025634765625, -36.2688109219341, -36.2719279081224
5.210166563978419, 0.0, 0.0, -0.00390625, 0.0118408203125, -0.3111572265625, 0.95025634765625, -36.2688109219341, -36.2719279081224
5.2202621039468795, 0.0, 0.0, -0.00390625, 0.0118408203125, -0.3111572265625, 0.95025634765625, -36.2688109219341, -36.2719279081224
5.2302056979388, 0.0, 0.0, -0.00408935546875, 0.01226806640625, -0.311279296875, 0.9501953125, -36.283986791759105, -36.2719279081224
5.240159977925941, 0.0, 0.0, -0.00408935546875, 0.01226806640625, -0.311279296875, 0.9501953125, -36.283986791759105, -36.2719279081224
5.25026637094561, 0.0, 0.0, -0.00408935546875, 0.01226806640625, -0.311279296875, 0.9501953125, -36.283986791759105, -36.2719279081224
5.260154244955629, 0.0, 0.0, -0.0030517578125, 0.0125732421875, -0.3109130859375, 0.9503173828125, -36.23931118565542, -36.2719279081224
5.270323541946709, 0.0, 0.0, -0.0030517578125, 0.0125732421875, -0.3109130859375, 0.9503173828125, -36.23931118565542, -36.2719279081224
5.280861370032653, 0.0, 0.0, -0.0015869140625, 0.0128173828125, -0.31085205078125, 0.9503173828125, -36.230130330354044, -36.2719279081224
5.290838444023393, 0.0, 0.0, -0.0015869140625, 0.0128173828125, -0.31085205078125, 0.9503173828125, -36.230130330354044, -36.2719279081224
5.300399761996232, 0.0, 0.0, -0.0015869140625, 0.0128173828125, -0.31085205078125, 0.9503173828125, -36.230130330354044, -36.2719279081224
5.3103876719251275, 0.0, 0.0, -0.0015869140625, 0.0128173828125, -0.31085205078125, 0.9503173828125, -36.230130330354044, -36.27075653067974
5.320514263934456, 0.0, 0.0, -0.0015869140625, 0.0128173828125, -0.31085205078125, 0.9503173828125, -36.230130330354044, -36.27075653067974
5.3307763889897615, 0.0, 0.0, 0.00067138671875, 0.01287841796875, -0.3109130859375, 0.9503173828125, -36.23549061409305, -36.27075653067974
5.340318797971122, 0.0, 0.0, 0.00067138671875, 0.01287841796875, -0.3109130859375, 0.9503173828125, -36.23549061409305, -36.27075653067974
5.350191514007747, 0.0, 0.0, 0.0018310546875, 0.012451171875, -0.31121826171875, 0.9501953125, -36.26961524297802, -36.27075653067974
5.3603049769299105, 0.0, 0.0, 0.0018310546875, 0.012451171875, -0.31121826171875, 0.9501953125, -36.26961524297802, -36.27075653067974
5.370889669982716, 0.0, 0.0, 0.0018310546875, 0.012451171875, -0.31121826171875, 0.9501953125, -36.26961524297802, -36.27075653067974
5.38017341599334, 0.0, 0.0, 0.0018310546875, 0.012451171875, -0.31121826171875, 0.9501953125, -36.26961524297802, -36.27075653067974
5.390164954937063, 0.0, 0.0, 0.00286865234375, 0.011962890625, -0.3111572265625, 0.95025634765625, -36.26156178478256, -36.27075653067974
5.400404494954273, 0.0, 0.0, 0.00286865234375, 0.011962890625, -0.3111572265625, 0.95025634765625, -36.26156178478256, -36.27075653067974
5.410170097951777, 0.0, 0.0, 0.00286865234375, 0.011962890625, -0.3111572265625, 0.95025634765625, -36.26156178478256, -36.27075653067974
5.42015870695468, 0.0, 0.0, 0.0028076171875, 0.011474609375, -0.31121826171875, 0.95025634765625, -36.26891598666868, -36.27075653067974
5.430173509987071, 0.0, 0.0, 0.0028076171875, 0.011474609375, -0.31121826171875, 0.95025634765625, -36.26891598666868, -36.27075653067974
5.440190449007787, 0.0, 0.0, 0.0028076171875, 0.011474609375, -0.31121826171875, 0.95025634765625, -36.26891598666868, -36.27075653067974
5.450141506968066, 0.0, 0.0, 0.00201416015625, 0.010986328125, -0.311279296875, 0.9501953125, -36.275285053367085, -36.27075653067974
5.460178360925056, 0.0, 0.0, 0.00201416015625, 0.010986328125, -0.311279296875, 0.9501953125, -36.275285053367085, -36.27075653067974
5.470171101973392, 0.0, 0.0, 0.00201416015625, 0.010986328125, -0.311279296875, 0.9501953125, -36.275285053367085, -36.27075653067974
5.480176265933551, 0.0, 0.0, 0.001220703125, 0.010498046875, -0.31146240234375, 0.95013427734375, -36.29748746800321, -36.27075653067974
5.490307940985076, 0.0, 0.0, 0.001220703125, 0.010498046875, -0.31146240234375, 0.95013427734375, -36.29748746800321, -36.27075653067974
5.500183106982149, 0.0, 0.0, 0.001220703125, 0.010498046875, -0.31146240234375, 0.95013427734375, -36.29748746800321, -36.27075653067974
5.510299031971954, 0.0, 0.0, 0.001220703125, 0.010498046875, -0.31146240234375, 0.95013427734375, -36.29748746800321, -36.281353569177014
5.520340736955404, 0.0, 0.0, -6.103515625e-05, 0.009521484375, -0.31158447265625, 0.95013427734375, -36.31327222166759, -36.281353569177014
5.530204609036446, 0.0, 0.0, -6.103515625e-05, 0.009521484375, -0.31158447265625, 0.95013427734375, -36.31327222166759, -36.281353569177014
5.540236333035864, 0.0, 0.0, -6.103515625e-05, 0.009521484375, -0.31158447265625, 0.95013427734375, -36.31327222166759, -36.281353569177014
5.550152668962255, 0.0, 0.0, -6.103515625e-05, 0.009521484375, -0.31158447265625, 0.95013427734375, -36.31327222166759, -36.281353569177014
5.560402574017644, 0.0, 0.0, -0.00164794921875, 0.00860595703125, -0.31121826171875, 0.95025634765625, -36.269297801444345, -36.281353569177014
5.570260619977489, 0.0, 0.0, -0.00164794921875, 0.00860595703125, -0.31121826171875, 0.95025634765625, -36.269297801444345, -36.281353569177014
5.580232254927978, 0.0, 0.0, -0.00299072265625, 0.008056640625, -0.31103515625, 0.9503173828125, -36.24754548956504, -36.281353569177014
5.590295991976745, 0.0, 0.0, -0.00299072265625, 0.008056640625, -0.31103515625, 0.9503173828125, -36.24754548956504, -36.281353569177014
5.600322499987669, 0.0, 0.0, -0.00299072265625, 0.008056640625, -0.31103515625, 0.9503173828125, -36.24754548956504, -36.281353569177014
5.610147677944042, 0.0, 0.0, -0.00299072265625, 0.008056640625, -0.31103515625, 0.9503173828125, -36.24754548956504, -36.281353569177014
5.62016104592476, 0.0, 0.0, -0.00299072265625, 0.008056640625, -0.31103515625, 0.9503173828125, -36.24754548956504, -36.281353569177014
5.630462670931593, 0.0, 0.0, -0.005859375, 0.0078125, -0.311279296875, 0.95025634765625, -36.27926840367781, -36.281353569177014
5.640251582022756, 0.0, 0.0, -0.005859375, 0.0078125, -0.311279296875, 0.95025634765625, -36.27926840367781, -36.281353569177014
5.650693455943838, 0.0, 0.0, -0.00738525390625, 0.0076904296875, -0.31134033203125, 0.9501953125, -36.28633761555652, -36.281353569177014
5.660769696929492, 0.0, 0.0, -0.00738525390625, 0.0076904296875, -0.31134033203125, 0.9501953125, -36.28633761555652, -36.281353569177014
5.670201462926343, 0.0, 0.0, -0.00738525390625, 0.0076904296875, -0.31134033203125, 0.9501953125, -36.28633761555652, -36.281353569177014
5.68149851297494, 0.0, 0.0, -0.00860595703125, 0.0076904296875, -0.31146240234375, 0.95013427734375, -36.301319544348715, -36.281353569177014
5.690206457977183, 0.0, 0.0, -0.00860595703125, 0.0076904296875, -0.31146240234375, 0.95013427734375, -36.301319544348715, -36.281353569177014
5.700290916021913, 0.0, 0.0, -0.00860595703125, 0.0076904296875, -0.31146240234375, 0.95013427734375, -36.301319544348715, -36.281353569177014
5.711857207934372, 0.0, 0.0, -0.00860595703125, 0.0076904296875, -0.31146240234375, 0.95013427734375, -36.301319544348715, -36.281353569177014
5.720251151942648, 0.0, 0.0, -0.00860595703125, 0.0076904296875, -0.31146240234375, 0.95013427734375, -36.301319544348715, -36.280930097448476
5.730149384937249, 0.0, 0.0, -0.0096435546875, 0.00738525390625, -0.3114013671875, 0.95013427734375, -36.293537416835974, -36.280930097448476
5.740158117027022, 0.0, 0.0, -0.0096435546875, 0.00738525390625, -0.3114013671875, 0.95013427734375, -36.293537416835974, -36.280930097448476
5.750171963009052, 0.0, 0.0, -0.009765625, 0.00701904296875, -0.311279296875, 0.9501953125, -36.27881868772395, -36.280930097448476
5.760140266967937, 0.0, 0.0, -0.009765625, 0.00701904296875, -0.311279296875, 0.9501953125, -36.27881868772395, -36.280930097448476
5.7701918500242755, 0.0, 0.0, -0.009765625, 0.00701904296875, -0.311279296875, 0.9501953125, -36.27881868772395, -36.280930097448476
5.780174986924976, 0.0, 0.0, -0.009521484375, 0.00634765625, -0.311279296875, 0.9501953125, -36.27746129802412, -36.280930097448476
5.790202277014032, 0.0, 0.0, -0.009521484375, 0.00634765625, -0.311279296875, 0.9501953125, -36.27746129802412, -36.280930097448476
5.800445299013518, 0.0, 0.0, -0.009521484375, 0.00634765625, -0.311279296875, 0.9501953125, -36.27746129802412, -36.280930097448476
5.810185955953784, 0.0, 0.0, -0.009521484375, 0.00634765625, -0.311279296875, 0.9501953125, -36.27746129802412, -36.280930097448476
5.820460399030708, 0.0, 0.0, -0.009521484375, 0.00634765625, -0.311279296875, 0.9501953125, -36.27746129802412, -36.280930097448476
5.830671870964579, 0.0, 0.0, -0.00909423828125, 0.0054931640625, -0.3114013671875, 0.9501953125, -36.29167606883313, -36.280930097448476
5.84014293900691, 0.0, 0.0, -0.00909423828125, 0.0054931640625, -0.3114013671875, 0.9501953125, -36.29167606883313, -36.280930097448476
5.850159375928342, 0.0, 0.0, -0.00909423828125, 0.0054931640625, -0.3114013671875, 0.9501953125, -36.29167606883313, -36.280930097448476
5.860135321971029, 0.0, 0.0, -0.00860595703125, 0.00506591796875, -0.31134033203125, 0.9501953125, -36.282847889894605, -36.280930097448476
5.870166664943099, 0.0, 0.0, -0.00860595703125, 0.00506591796875, -0.31134033203125, 0.9501953125, -36.282847889894605, -36.280930097448476
5.880287652020343, 0.0, 0.0, -0.00823974609375, 0.00482177734375, -0.31121826171875, 0.95025634765625, -36.26821351330707, -36.280930097448476
5.890192172024399, 0.0, 0.0, -0.00823974609375, 0.00482177734375, -0.31121826171875, 0.95025634765625, -36.26821351330707, -36.280930097448476
5.900182468001731, 0.0, 0.0, -0.00823974609375, 0.00482177734375, -0.31121826171875, 0.95025634765625, -36.26821351330707, -36.280930097448476
5.910221496946178, 0.0, 0.0, -0.00823974609375, 0.00482177734375, -0.31121826171875, 0.95025634765625, -36.26821351330707, -36.26599588882824
5.920355875976384, 0.0, 0.0, -0.0079345703125, 0.00482177734375, -0.3111572265625, 0.95025634765625, -36.26014371213244, -36.26599588882824
5.930158421979286, 0.0, 0.0, -0.0079345703125, 0.00482177734375, -0.3111572265625, 0.95025634765625, -36.26014371213244, -36.26599588882824
5.9401599139673635, 0.0, 0.0, -0.0079345703125, 0.00482177734375, -0.3111572265625, 0.95025634765625, -36.26014371213244, -36.26599588882824
5.950274479924701, 0.0, 0.0, -0.0079345703125, 0.00482177734375, -0.3111572265625, 0.95025634765625, -36.26014371213244, -36.26599588882824
5.9601811959873885, 0.0, 0.0, -0.0084228515625, 0.00531005859375, -0.3111572265625, 0.95025634765625, -36.26107659676939, -36.26599588882824
5.970127161941491, 0.0, 0.0, -0.0084228515625, 0.00531005859375, -0.3111572265625, 0.95025634765625, -36.26107659676939, -36.26599588882824
5.980132650001906, 0.0, 0.0, -0.00860595703125, 0.00567626953125, -0.31109619140625, 0.95025634765625, -36.253796885598625, -36.26599588882824
5.99013540300075, 0.0, 0.0, -0.00860595703125, 0.00567626953125, -0.31109619140625, 0.95025634765625, -36.253796885598625, -36.26599588882824
6.0001305169425905, 0.0, 0.0, -0.00860595703125, 0.00567626953125, -0.31109619140625, 0.95025634765625, -36.253796885598625, -36.26599588882824
6.010424253996462, 0.0, 0.0, -0.00860595703125, 0.00567626953125, -0.31109619140625, 0.95025634765625, -36.253796885598625, -36.26599588882824
6.020666579017416, 0.0, 0.0, -0.0093994140625, 0.00653076171875, -0.31103515625, 0.9503173828125, -36.24948356145883, -36.26599588882824
6.030568975955248, 0.0, 0.0, -0.0093994140625, 0.00653076171875, -0.31103515625, 0.9503173828125, -36.24948356145883, -36.26599588882824
6.04018668201752, 0.0, 0.0, -0.0093994140625, 0.00653076171875, -0.31103515625, 0.9503173828125, -36.24948356145883, -36.26599588882824
6.051649670931511, 0.0, 0.0, -0.0101318359375, 0.0076904296875, -0.310791015625, 0.95037841796875, -36.222153473938974, -36.26599588882824
6.060177873936482, 0.0, 0.0, -0.0101318359375, 0.0076904296875, -0.310791015625, 0.95037841796875, -36.222153473938974, -36.26599588882824
6.070192305953242, 0.0, 0.0, -0.0101318359375, 0.0076904296875, -0.310791015625, 0.95037841796875, -36.222153473938974, -36.26599588882824
6.0801379069453105, 0.0, 0.0, -0.01080322265625, 0.00897216796875, -0.31060791015625, 0.95037841796875, -36.20156371823418, -36.26599588882824
6.09019817202352, 0.0, 0.0, -0.01080322265625, 0.00897216796875, -0.31060791015625, 0.95037841796875, -36.20156371823418, -36.26599588882824
6.1001846509752795, 0.0, 0.0, -0.01080322265625, 0.00897216796875, -0.31060791015625, 0.95037841796875, -36.20156371823418, -36.26599588882824
6.1101482439553365, 0.0, 0.0, -0.01080322265625, 0.00897216796875, -0.31060791015625, 0.95037841796875, -36.20156371823418, -36.20853009224634
6.120366391027346, 0.0, 0.0, -0.01007080078125, 0.01043701171875, -0.31048583984375, 0.950439453125, -36.19013663653118, -36.20853009224634
6.130134864943102, 0.0, 0.0, -0.01007080078125, 0.01043701171875, -0.31048583984375, 0.950439453125, -36.19013663653118, -36.20853009224634
6.14016555796843, 0.0, 0.0, -0.01007080078125, 0.01043701171875, -0.31048583984375, 0.950439453125, -36.19013663653118, -36.20853009224634
6.150201670010574, 0.0, 0.0, -0.0089111328125, 0.01129150390625, -0.31060791015625, 0.95037841796875, -36.205086491398376, -36.20853009224634
6.160121470922604, 0.0, 0.0, -0.0089111328125, 0.01129150390625, -0.31060791015625, 0.95037841796875, -36.205086491398376, -36.20853009224634
6.170232721953653, 0.0, 0.0, -0.0089111328125, 0.01129150390625, -0.31060791015625, 0.95037841796875, -36.205086491398376, -36.20853009224634
6.180630782037042, 0.0, 0.0, -0.0078125, 0.01141357421875, -0.31060791015625, 0.95037841796875, -36.20421508532123, -36.20853009224634
6.1901930019957945, 0.0, 0.0, -0.0078125, 0.01141357421875, -0.31060791015625, 0.95037841796875, -36.20421508532123, -36.20853009224634
6.200161637971178, 0.0, 0.0, -0.0078125, 0.01141357421875, -0.31060791015625, 0.95037841796875, -36.20421508532123, -36.20853009224634
6.210409060004167, 0.0, 0.0, -0.0078125, 0.01141357421875, -0.31060791015625, 0.95037841796875, -36.20421508532123, -36.20853009224634
6.220356008037925, 0.0, 0.0, -0.0078125, 0.01141357421875, -0.31060791015625, 0.95037841796875, -36.20421508532123, -36.20853009224634
6.230335484026, 0.0, 0.0, -0.00616455078125, 0.0111083984375, -0.3106689453125, 0.95037841796875, -36.20976789843872, -36.20853009224634
6.240303087979555, 0.0, 0.0, -0.00616455078125, 0.0111083984375, -0.3106689453125, 0.95037841796875, -36.20976789843872, -36.20853009224634
6.250454152002931, 0.0, 0.0, -0.00567626953125, 0.0106201171875, -0.31048583984375, 0.950439453125, -36.18625123421299, -36.20853009224634
6.260822084965184, 0.0, 0.0, -0.00567626953125, 0.0106201171875, -0.31048583984375, 0.950439453125, -36.18625123421299, -36.20853009224634
6.270120735978708, 0.0, 0.0, -0.00567626953125, 0.0106201171875, -0.31048583984375, 0.950439453125, -36.18625123421299, -36.20853009224634
6.280164044932462, 0.0, 0.0, -0.00567626953125, 0.0106201171875, -0.31048583984375, 0.950439453125, -36.18625123421299, -36.20853009224634
6.290290992008522, 0.0, 0.0, -0.005126953125, 0.00982666015625, -0.310302734375, 0.9505615234375, -36.16395227719403, -36.20853009224634
6.300423757988028, 0.0, 0.0, -0.005126953125, 0.00982666015625, -0.310302734375, 0.9505615234375, -36.16395227719403, -36.20853009224634
6.310179241932929, 0.0, 0.0, -0.005126953125, 0.00982666015625, -0.310302734375, 0.9505615234375, -36.16395227719403, -36.14036138923503
6.320195448002778, 0.0, 0.0, -0.00433349609375, 0.008544921875, -0.31011962890625, 0.95062255859375, -36.13908930234428, -36.14036138923503
6.330192034947686, 0.0, 0.0, -0.00433349609375, 0.008544921875, -0.31011962890625, 0.95062255859375, -36.13908930234428, -36.14036138923503
6.3402715609408915, 0.0, 0.0, -0.00433349609375, 0.008544921875, -0.31011962890625, 0.95062255859375, -36.13908930234428, -36.14036138923503
6.3513497959356755, 0.0, 0.0, -0.00384521484375, 0.0078125, -0.31011962890625, 0.95062255859375, -36.13763277668241, -36.14036138923503
6.360515190986916, 0.0, 0.0, -0.00384521484375, 0.0078125, -0.31011962890625, 0.95062255859375, -36.13763277668241, -36.14036138923503
6.37024374702014, 0.0, 0.0, -0.00384521484375, 0.0078125, -0.31011962890625, 0.95062255859375, -36.13763277668241, -36.14036138923503
6.380346055957489, 0.0, 0.0, -0.00384521484375, 0.0078125, -0.31011962890625, 0.95062255859375, -36.13763277668241, -36.14036138923503
6.390727858990431, 0.0, 0.0, -0.00335693359375, 0.0072021484375, -0.30999755859375, 0.95068359375, -36.122366092716774, -36.14036138923503
6.400226125959307, 0.0, 0.0, -0.00335693359375, 0.0072021484375, -0.30999755859375, 0.95068359375, -36.122366092716774, -36.14036138923503
6.410140453022905, 0.0, 0.0, -0.00335693359375, 0.0072021484375, -0.30999755859375, 0.95068359375, -36.122366092716774, -36.14036138923503
6.420152858947404, 0.0, 0.0, -0.00341796875, 0.00714111328125, -0.30987548828125, 0.95068359375, -36.106473429482236, -36.14036138923503
6.430270844022743, 0.0, 0.0, -0.00341796875, 0.00714111328125, -0.30987548828125, 0.95068359375, -36.106473429482236, -36.14036138923503
6.440181846031919, 0.0, 0.0, -0.00341796875, 0.00714111328125, -0.30987548828125, 0.95068359375, -36.106473429482236, -36.14036138923503
6.450345517951064, 0.0, 0.0, -0.00408935546875, 0.0078125, -0.309814453125, 0.95074462890625, -36.1016736139065, -36.14036138923503
6.460160390008241, 0.0, 0.0, -0.00408935546875, 0.0078125, -0.309814453125, 0.95074462890625, -36.1016736139065, -36.14036138923503
6.470169474952854, 0.0, 0.0, -0.00408935546875, 0.0078125, -0.309814453125, 0.95074462890625, -36.1016736139065, -36.14036138923503
6.480439923005179, 0.0, 0.0, -0.00408935546875, 0.0078125, -0.309814453125, 0.95074462890625, -36.1016736139065, -36.14036138923503
6.490190999000333, 0.0, 0.0, -0.00506591796875, 0.00860595703125, -0.309814453125, 0.95068359375, -36.10188100268079, -36.14036138923503
6.500210355967283, 0.0, 0.0, -0.00506591796875, 0.00860595703125, -0.309814453125, 0.95068359375, -36.10188100268079, -36.14036138923503
6.510576484026387, 0.0, 0.0, -0.00506591796875, 0.00860595703125, -0.309814453125, 0.95068359375, -36.10188100268079, -36.13720584183848
6.520188892958686, 0.0, 0.0, -0.00506591796875, 0.00860595703125, -0.309814453125, 0.95068359375, -36.10188100268079, -36.13720584183848
6.530239927931689, 0.0, 0.0, -0.0069580078125, 0.01007080078125, -0.31005859375, 0.95062255859375, -36.13613896959697, -36.13720584183848
6.5404500749427825, 0.0, 0.0, -0.0069580078125, 0.01007080078125, -0.31005859375, 0.95062255859375, -36.13613896959697, -36.13720584183848
6.550184248946607, 0.0, 0.0, -0.0069580078125, 0.01007080078125, -0.31005859375, 0.95062255859375, -36.13613896959697, -36.13720584183848
6.560300117009319, 0.0, 0.0, -0.00799560546875, 0.0103759765625, -0.30999755859375, 0.95062255859375, -36.129825696008886, -36.13720584183848
6.570187796954997, 0.0, 0.0, -0.00799560546875, 0.0103759765625, -0.30999755859375, 0.95062255859375, -36.129825696008886, -36.13720584183848
6.5805917049292475, 0.0, 0.0, -0.00836181640625, 0.010009765625, -0.31011962890625, 0.9505615234375, -36.14349394953915, -36.13720584183848
6.5901465360075235, 0.0, 0.0, -0.00836181640625, 0.010009765625, -0.31011962890625, 0.9505615234375, -36.14349394953915, -36.13720584183848
6.600416461005807, 0.0, 0.0, -0.00836181640625, 0.010009765625, -0.31011962890625, 0.9505615234375, -36.14349394953915, -36.13720584183848
6.610173208988272, 0.0, 0.0, -0.00836181640625, 0.010009765625, -0.31011962890625, 0.9505615234375, -36.14349394953915, -36.13720584183848
6.620272291940637, 0.0, 0.0, -0.00836181640625, 0.010009765625, -0.31011962890625, 0.9505615234375, -36.14349394953915, -36.13720584183848
6.630383874988183, 0.0, 0.0, -0.00799560546875, 0.009521484375, -0.30999755859375, 0.95062255859375, -36.12804441944803, -36.13720584183848
6.640129184001125, 0.0, 0.0, -0.00799560546875, 0.009521484375, -0.30999755859375, 0.95062255859375, -36.12804441944803, -36.13720584183848
6.650229964987375, 0.0, 0.0, -0.00732421875, 0.00970458984375, -0.30999755859375, 0.95062255859375, -36.12781469533138, -36.13720584183848
6.660314857959747, 0.0, 0.0, -0.00732421875, 0.00970458984375, -0.30999755859375, 0.95062255859375, -36.12781469533138, -36.13720584183848
6.670287127955817, 0.0, 0.0, -0.00732421875, 0.00970458984375, -0.30999755859375, 0.95062255859375, -36.12781469533138, -36.13720584183848
6.680443199002184, 0.0, 0.0, -0.00732421875, 0.01025390625, -0.309814453125, 0.95068359375, -36.106897066527175, -36.13720584183848
6.69024179992266, 0.0, 0.0, -0.00732421875, 0.01025390625, -0.309814453125, 0.95068359375, -36.106897066527175, -36.13720584183848
6.700474799028598, 0.0, 0.0, -0.00732421875, 0.01025390625, -0.309814453125, 0.95068359375, -36.106897066527175, -36.13720584183848
6.710203176015057, 0.0, 0.0, -0.00732421875, 0.01025390625, -0.309814453125, 0.95068359375, -36.106897066527175, -36.13720584183848
6.720257306005806, 0.0, 0.0, -0.00732421875, 0.01025390625, -0.309814453125, 0.95068359375, -36.106897066527175, -36.13973301183139
6.73017933499068, 0.0, 0.0, -0.008056640625, 0.01177978515625, -0.309814453125, 0.95062255859375, -36.109250598711895, -36.13973301183139
6.740384361939505, 0.0, 0.0, -0.008056640625, 0.01177978515625, -0.309814453125, 0.95062255859375, -36.109250598711895, -36.13973301183139
6.750280441017821, 0.0, 0.0, -0.008056640625, 0.01177978515625, -0.309814453125, 0.95062255859375, -36.109250598711895, -36.13973301183139
6.7601691680029035, 0.0, 0.0, -0.0078125, 0.01287841796875, -0.31005859375, 0.9505615234375, -36.14156911075618, -36.13973301183139
6.770207516034134, 0.0, 0.0, -0.0078125, 0.01287841796875, -0.31005859375, 0.9505615234375, -36.14156911075618, -36.13973301183139
6.7805639680009335, 0.0, 0.0, -0.00714111328125, 0.01348876953125, -0.31011962890625, 0.9505615234375, -36.150189131007295, -36.13973301183139
6.790212813997641, 0.0, 0.0, -0.00714111328125, 0.01348876953125, -0.31011962890625, 0.9505615234375, -36.150189131007295, -36.13973301183139
6.8000918929465115, 0.0, 0.0, -0.00714111328125, 0.01348876953125, -0.31011962890625, 0.9505615234375, -36.150189131007295, -36.13973301183139
6.8101751729846, 0.0, 0.0, -0.00714111328125, 0.01348876953125, -0.31011962890625, 0.9505615234375, -36.150189131007295, -36.13973301183139
6.820467305951752, 0.0, 0.0, -0.00592041015625, 0.0140380859375, -0.31011962890625, 0.9505615234375, -36.149988573058685, -36.13973301183139
6.830173384980299, 0.0, 0.0, -0.00592041015625, 0.0140380859375, -0.31011962890625, 0.9505615234375, -36.149988573058685, -36.13973301183139
6.840140837943181, 0.0, 0.0, -0.00592041015625, 0.0140380859375, -0.31011962890625, 0.9505615234375, -36.149988573058685, -36.13973301183139
6.8501553039532155, 0.0, 0.0, -0.00592041015625, 0.0140380859375, -0.31011962890625, 0.9505615234375, -36.149988573058685, -36.13973301183139
6.860190080013126, 0.0, 0.0, -0.0047607421875, 0.01409912109375, -0.31005859375, 0.9505615234375, -36.140695307764155, -36.13973301183139
6.870425728964619, 0.0, 0.0, -0.0047607421875, 0.01409912109375, -0.31005859375, 0.9505615234375, -36.140695307764155, -36.13973301183139
6.880231871968135, 0.0, 0.0, -0.00372314453125, 0.013916015625, -0.309814453125, 0.95062255859375, -36.10896791213964, -36.13973301183139
6.890273661003448, 0.0, 0.0, -0.00372314453125, 0.013916015625, -0.309814453125, 0.95062255859375, -36.10896791213964, -36.13973301183139
6.9002611639443785, 0.0, 0.0, -0.00372314453125, 0.013916015625, -0.309814453125, 0.95062255859375, -36.10896791213964, -36.13973301183139
6.910188555950299, 0.0, 0.0, -0.00372314453125, 0.013916015625, -0.309814453125, 0.95062255859375, -36.10896791213964, -36.13973301183139
6.920264467946254, 0.0, 0.0, -0.00372314453125, 0.013916015625, -0.309814453125, 0.95062255859375, -36.10896791213964, -36.0745422712982
6.930231741978787, 0.0, 0.0, -0.00274658203125, 0.01312255859375, -0.3095703125, 0.95074462890625, -36.07785087251721, -36.0745422712982
6.940227566985413, 0.0, 0.0, -0.00274658203125, 0.01312255859375, -0.3095703125, 0.95074462890625, -36.07785087251721, -36.0745422712982
6.950298298033886, 0.0, 0.0, -0.00213623046875, 0.011962890625, -0.30950927734375, 0.95074462890625, -36.066989628789266, -36.0745422712982
6.96032995195128, 0.0, 0.0, -0.00213623046875, 0.011962890625, -0.30950927734375, 0.95074462890625, -36.066989628789266, -36.0745422712982
6.970210614963435, 0.0, 0.0, -0.00213623046875, 0.011962890625, -0.30950927734375, 0.95074462890625, -36.066989628789266, -36.0745422712982
6.980530275963247, 0.0, 0.0, -0.00213623046875, 0.0107421875, -0.30950927734375, 0.9508056640625, -36.06662800743932, -36.0745422712982
6.990133786923252, 0.0, 0.0, -0.00213623046875, 0.0107421875, -0.30950927734375, 0.9508056640625, -36.06662800743932, -36.0745422712982
7.000374641036615, 0.0, 0.0, -0.00213623046875, 0.0107421875, -0.30950927734375, 0.9508056640625, -36.06662800743932, -36.0745422712982
