time, reference_yaw, command_yaw, quaternion_x, quaternion_y, quaternion_z, quaternion_w, yaw, yaw_slow
0.0, 0.0, 0.0, 0.0, 0.0, 0.0, 1.0, 0.0, 0.0
0.010407657944597304, 200.0, 200.0, -0.005615234375, 0.01446533203125, -0.26611328125, 0.96380615234375, -30.88297589290636, -30.81253038377453
0.020405499963089824, 200.0, 200.0, -0.005615234375, 0.01446533203125, -0.26611328125, 0.96380615234375, -30.88297589290636, -30.89918499377448
0.030934497946873307, 200.0, 200.0, -0.00445556640625, 0.0145263671875, -0.26611328125, 0.96380615234375, -30.881456484449373, -30.89918499377448
0.04014659393578768, 200.0, 200.0, -0.00445556640625, 0.0145263671875, -0.26611328125, 0.96380615234375, -30.881456484449373, -30.89918499377448
0.05019424902275205, 200.0, 200.0, -0.00445556640625, 0.0145263671875, -0.26611328125, 0.96380615234375, -30.881456484449373, -30.89918499377448
0.06024495302699506, 200.0, 200.0, -0.00445556640625, 0.0145263671875, -0.26611328125, 0.96380615234375, -30.881456484449373, -30.89918499377448
0.07016269804444164, 200.0, 200.0, -0.00445556640625, 0.0145263671875, -0.26611328125, 0.96380615234375, -30.881456484449373, -30.89918499377448
0.0803166190162301, 200.0, 200.0, -0.00311279296875, 0.01416015625, -0.266357421875, 0.9637451171875, -30.908005385231903, -30.89918499377448
0.09033144603017718, 200.0, 200.0, -0.00311279296875, 0.01416015625, -0.266357421875, 0.9637451171875, -30.908005385231903, -30.89918499377448
0.10061726695857942, 200.0, 200.0, -0.002685546875, 0.01385498046875, -0.266357421875, 0.9637451171875, -30.90682636925274, -30.89918499377448
0.11028729099780321, 200.0, 200.0, -0.002685546875, 0.01385498046875, -0.266357421875, 0.9637451171875, -30.90682636925274, -30.89918499377448
0.12067324493546039, 200.0, 200.0, -0.002685546875, 0.01385498046875, -0.266357421875, 0.9637451171875, -30.90682636925274, -30.89918499377448
0.13049291993957013, 200.0, 200.0, -0.00250244140625, 0.01336669921875, -0.26605224609375, 0.96380615234375, -30.868778665223786, -30.89918499377448
0.14365148800425231, 200.0, 200.0, -0.00250244140625, 0.01336669921875, -0.26605224609375, 0.96380615234375, -30.868778665223786, -30.89918499377448
0.15040348493494093, 200.0, 200.0, -0.00250244140625, 0.01336669921875, -0.26605224609375, 0.96380615234375, -30.868778665223786, -30.89918499377448
0.1601785869570449, 200.0, 200.0, -0.00250244140625, 0.01336669921875, -0.26605224609375, 0.96380615234375, -30.868778665223786, -30.89918499377448
0.17022871202789247, 200.0, 200.0, -0.00250244140625, 0.01336669921875, -0.26605224609375, 0.96380615234375, -30.868778665223786, -30.89918499377448
0.1801950029330328, 200.0, 200.0, -0.001708984375, 0.01251220703125, -0.265380859375, 0.9639892578125, -30.786423089375912, -30.89918499377448
0.19019033398944885, 200.0, 200.0, -0.001708984375, 0.01251220703125, -0.265380859375, 0.9639892578125, -30.786423089375912, -30.89918499377448
0.2003390690078959, 200.0, 200.0, -0.001708984375, 0.01251220703125, -0.265380859375, 0.9639892578125, -30.786423089375912, -30.89918499377448
0.21070912294089794, 200.0, 200.0, -0.00067138671875, 0.0115966796875, -0.26312255859375, 0.96466064453125, -30.516799903188964, -30.89918499377448
0.22018522897269577, 200.0, 200.0, -0.00067138671875, 0.0115966796875, -0.26312255859375, 0.96466064453125, -30.516799903188964, -28.996475291021934
0.23026976094115525, 200.0, 200.0, -0.00067138671875, 0.0115966796875, -0.26312255859375, 0.96466064453125, -30.516799903188964, -28.996475291021934
0.24019010399933904, 200.0, 200.0, 0.0001220703125, 0.01068115234375, -0.2578125, 0.966064453125, -29.883647289025024, -28.996475291021934
0.2501648060278967, 200.0, 200.0, 0.0001220703125, 0.01068115234375, -0.2578125, 0.966064453125, -29.883647289025024, -28.996475291021934
0.26014629600103945, 200.0, 200.0, 0.0001220703125, 0.01068115234375, -0.2578125, 0.966064453125, -29.883647289025024, -28.996475291021934
0.2702073269756511, 200.0, 200.0, 0.0001220703125, 0.01068115234375, -0.2578125, 0.966064453125, -29.883647289025024, -28.996475291021934
0.2802843439858407, 200.0, 200.0, 0.0001220703125, 0.01068115234375, -0.2578125, 0.966064453125, -29.883647289025024, -28.996475291021934
0.29048956895712763, 200.0, 200.0, 0.000732421875, 0.01007080078125, -0.244140625, 0.96966552734375, -28.265034128740332, -28.996475291021934
0.3002425660379231, 200.0, 200.0, 0.000732421875, 0.01007080078125, -0.244140625, 0.96966552734375, -28.265034128740332, -28.996475291021934
0.3107268810272217, 200.0, 200.0, 0.001220703125, 0.0098876953125, -0.22796630859375, 0.97357177734375, -26.35619678001356, -28.996475291021934
0.3202359189745039, 200.0, 200.0, 0.001220703125, 0.0098876953125, -0.22796630859375, 0.97357177734375, -26.35619678001356, -28.996475291021934
0.3302404769929126, 200.0, 200.0, 0.001220703125, 0.0098876953125, -0.22796630859375, 0.97357177734375, -26.35619678001356, -28.996475291021934
0.34017207694705576, 200.0, 200.0, 0.0020751953125, 0.0098876953125, -0.20654296875, 0.97833251953125, -23.83977988398738, -28.996475291021934
0.3504111400106922, 200.0, 200.0, 0.0020751953125, 0.0098876953125, -0.20654296875, 0.97833251953125, -23.83977988398738, -28.996475291021934
0.3601681219879538, 200.0, 200.0, 0.0020751953125, 0.0098876953125, -0.20654296875, 0.97833251953125, -23.83977988398738, -28.996475291021934
0.37017729599028826, 200.0, 200.0, 0.0020751953125, 0.0098876953125, -0.20654296875, 0.97833251953125, -23.83977988398738, -28.996475291021934
0.38033299800008535, 200.0, 200.0, 0.003662109375, 0.01007080078125, -0.17144775390625, 0.985107421875, -19.742372008257487, -28.996475291021934
0.39019646996166557, 200.0, 200.0, 0.003662109375, 0.01007080078125, -0.17144775390625, 0.985107421875, -19.742372008257487, -28.996475291021934
0.40018006204627454, 200.0, 200.0, 0.003662109375, 0.01007080078125, -0.17144775390625, 0.985107421875, -19.742372008257487, -28.996475291021934
0.4103869670070708, 200.0, 200.0, 0.003662109375, 0.01007080078125, -0.17144775390625, 0.985107421875, -19.742372008257487, -28.996475291021934
0.42020508798304945, 200.0, 200.0, 0.003662109375, 0.01007080078125, -0.17144775390625, 0.985107421875, -19.742372008257487, -28.996475291021934
0.4301929329521954, 200.0, 200.0, 0.00537109375, 0.009765625, -0.1409912109375, 0.98992919921875, -16.206426432550558, -28.996475291021934
0.4404465740080923, 200.0, 200.0, 0.00537109375, 0.009765625, -0.1409912109375, 0.98992919921875, -16.206426432550558, -8.29237813828251
0.45023713901173323, 200.0, 200.0, 0.00677490234375, 0.00897216796875, -0.10791015625, 0.99407958984375, -12.38391424708268, -8.29237813828251
0.46022734604775906, 200.0, 200.0, 0.00677490234375, 0.00897216796875, -0.10791015625, 0.99407958984375, -12.38391424708268, -8.29237813828251
0.4702063979348168, 200.0, 200.0, 0.00677490234375, 0.00897216796875, -0.10791015625, 0.99407958984375, -12.38391424708268, -8.29237813828251
0.48040121397934854, 200.0, 200.0, 0.007568359375, 0.00738525390625, -0.05999755859375, 0.99810791015625, -6.873115723070512, -8.29237813828251
0.4904573999810964, 200.0, 200.0, 0.007568359375, 0.00738525390625, -0.05999755859375, 0.99810791015625, -6.873115723070512, -8.29237813828251
0.5001657550456002, 200.0, 200.0, 0.007568359375, 0.00738525390625, -0.05999755859375, 0.99810791015625, -6.873115723070512, -8.29237813828251
0.5105118659557775, 200.0, 200.0, 0.00726318359375, 0.005859375, -0.021484375, 0.99969482421875, -2.4572309622511823, -8.29237813828251
0.520224199979566, 200.0, 200.0, 0.00726318359375, 0.005859375, -0.021484375, 0.99969482421875, -2.4572309622511823, -8.29237813828251
0.5302029689773917, 200.0, 200.0, 0.00726318359375, 0.005859375, -0.021484375, 0.99969482421875, -2.4572309622511823, -8.29237813828251
0.5401632960420102, 200.0, 200.0, 0.0067138671875, 0.0045166015625, 0.01898193359375, 0.999755859375, 2.1787221852729814, -8.29237813828251
0.5502106050262228, 200.0, 200.0, 0.0067138671875, 0.0045166015625, 0.01898193359375, 0.999755859375, 2.1787221852729814, -8.29237813828251
0.5601562500232831, 200.0, 200.0, 0.0067138671875, 0.0045166015625, 0.01898193359375, 0.999755859375, 2.1787221852729814, -8.29237813828251
0.5701457660179585, 200.0, 200.0, 0.0067138671875, 0.0045166015625, 0.01898193359375, 0.999755859375, 2.1787221852729814, -8.29237813828251
0.5805453569628298, 200.0, 200.0, 0.0054931640625, 0.00372314453125, 0.06903076171875, 0.99755859375, 7.918740400746085, -8.29237813828251
0.5901397429406643, 200.0, 200.0, 0.0054931640625, 0.00372314453125, 0.06903076171875, 0.99755859375, 7.918740400746085, -8.29237813828251
0.6001139329746366, 200.0, 200.0, 0.0054931640625, 0.00372314453125, 0.06903076171875, 0.99755859375, 7.918740400746085, -8.29237813828251
0.6102139810100198, 200.0, 200.0, 0.00396728515625, 0.0032958984375, 0.11383056640625, 0.99346923828125, 13.073705035683664, -8.29237813828251
0.6204356979578733, 200.0, 200.0, 0.00396728515625, 0.0032958984375, 0.11383056640625, 0.99346923828125, 13.073705035683664, 24.721869700861152
0.6302118939347565, 200.0, 200.0, 0.00396728515625, 0.0032958984375, 0.11383056640625, 0.99346923828125, 13.073705035683664, 24.721869700861152
0.6402407219866291, 200.0, 200.0, 0.00396728515625, 0.0032958984375, 0.11383056640625, 0.99346923828125, 13.073705035683664, 24.721869700861152
0.6505005490034819, 200.0, 200.0, 0.00213623046875, 0.00347900390625, 0.16729736328125, 0.98583984375, 19.261493608332348, 24.721869700861152
0.6602415109518915, 200.0, 200.0, 0.00213623046875, 0.00347900390625, 0.16729736328125, 0.98583984375, 19.261493608332348, 24.721869700861152
0.6702287789667025, 200.0, 200.0, 0.00213623046875, 0.00347900390625, 0.16729736328125, 0.98583984375, 19.261493608332348, 24.721869700861152
0.6802892109844834, 200.0, 200.0, 0.001220703125, 0.00457763671875, 0.22967529296875, 0.97320556640625, 26.55610398580705, 24.721869700861152
0.6902020160341635, 200.0, 200.0, 0.001220703125, 0.00457763671875, 0.22967529296875, 0.97320556640625, 26.55610398580705, 24.721869700861152
0.7001734499353915, 200.0, 200.0, 0.001220703125, 0.00457763671875, 0.22967529296875, 0.97320556640625, 26.55610398580705, 24.721869700861152
0.7108821319416165, 200.0, 200.0, 0.00189208984375, 0.00640869140625, 0.27667236328125, 0.9609375, 32.12636159137575, 24.721869700861152
0.7203396300319582, 200.0, 200.0, 0.00189208984375, 0.00640869140625, 0.27667236328125, 0.9609375, 32.12636159137575, 24.721869700861152
0.730106460978277, 200.0, 200.0, 0.00189208984375, 0.00640869140625, 0.27667236328125, 0.9609375, 32.12636159137575, 24.721869700861152
0.7401241570478305, 200.0, 200.0, 0.00189208984375, 0.00640869140625, 0.27667236328125, 0.9609375, 32.12636159137575, 24.721869700861152
0.7505220710299909, 200.0, 200.0, 0.00311279296875, 0.0084228515625, 0.33953857421875, 0.94049072265625, 39.70199707768263, 24.721869700861152
0.7601500919554383, 200.0, 200.0, 0.00311279296875, 0.0084228515625, 0.33953857421875, 0.94049072265625, 39.70199707768263, 24.721869700861152
0.7701782450312749, 200.0, 200.0, 0.00311279296875, 0.0084228515625, 0.33953857421875, 0.94049072265625, 39.70199707768263, 24.721869700861152
0.7803159869508818, 200.0, 200.0, 0.00311279296875, 0.0084228515625, 0.33953857421875, 0.94049072265625, 39.70199707768263, 24.721869700861152
0.7905501869972795, 200.0, 200.0, 0.0037841796875, 0.00946044921875, 0.3865966796875, 0.922119140625, 45.49196043653398, 24.721869700861152
0.8002160809701309, 200.0, 200.0, 0.0037841796875, 0.00946044921875, 0.3865966796875, 0.922119140625, 45.49196043653398, 24.721869700861152
0.8105968559393659, 200.0, 200.0, 0.00384521484375, 0.0101318359375, 0.4332275390625, 0.90118408203125, 51.35398546377596, 24.721869700861152
0.8203472390305251, 200.0, 200.0, 0.00384521484375, 0.0101318359375, 0.4332275390625, 0.90118408203125, 51.35398546377596, 24.721869700861152
0.8303040669998154, 200.0, 200.0, 0.00384521484375, 0.0101318359375, 0.4332275390625, 0.90118408203125, 51.35398546377596, 63.25291341281653
0.8403923020232469, 200.0, 200.0, 0.00384521484375, 0.0101318359375, 0.4332275390625, 0.90118408203125, 51.35398546377596, 63.25291341281653
0.8504359469516203, 200.0, 200.0, 0.00323486328125, 0.010009765625, 0.48681640625, 0.8734130859375, 58.272134863653385, 63.25291341281653
0.8601442499784753, 200.0, 200.0, 0.00323486328125, 0.010009765625, 0.48681640625, 0.8734130859375, 58.272134863653385, 63.25291341281653
0.8701734249480069, 200.0, 200.0, 0.00286865234375, 0.00946044921875, 0.53167724609375, 0.84686279296875, 64.24605753152663, 63.25291341281653
0.880167227005586, 200.0, 200.0, 0.00286865234375, 0.00946044921875, 0.53167724609375, 0.84686279296875, 64.24605753152663, 63.25291341281653
0.8902694439748302, 200.0, 200.0, 0.00286865234375, 0.00946044921875, 0.53167724609375, 0.84686279296875, 64.24605753152663, 63.25291341281653
0.9001746269641444, 200.0, 200.0, 0.0023193359375, 0.00897216796875, 0.5753173828125, 0.81781005859375, 70.25053352391824, 63.25291341281653
0.9102558969752863, 200.0, 200.0, 0.0023193359375, 0.00897216796875, 0.5753173828125, 0.81781005859375, 70.25053352391824, 63.25291341281653
0.9202195199904963, 200.0, 200.0, 0.0023193359375, 0.00897216796875, 0.5753173828125, 0.81781005859375, 70.25053352391824, 63.25291341281653
0.9301896130200475, 200.0, 200.0, 0.0023193359375, 0.00897216796875, 0.5753173828125, 0.81781005859375, 70.25053352391824, 63.25291341281653
0.9401487880386412, 200.0, 200.0, 0.0023193359375, 0.00897216796875, 0.5753173828125, 0.81781005859375, 70.25053352391824, 63.25291341281653
0.9503519600257277, 200.0, 200.0, 0.0013427734375, 0.00823974609375, 0.637451171875, 0.7703857421875, 79.210486443082, 63.25291341281653
0.9603582739364356, 200.0, 200.0, 0.0013427734375, 0.00823974609375, 0.637451171875, 0.7703857421875, 79.210486443082, 63.25291341281653
0.9704323520418257, 200.0, 200.0, 0.0013427734375, 0.00823974609375, 0.637451171875, 0.7703857421875, 79.210486443082, 63.25291341281653
0.9802874750457704, 200.0, 200.0, 0.0013427734375, 0.00823974609375, 0.637451171875, 0.7703857421875, 79.210486443082, 63.25291341281653
0.9910029779421166, 200.0, 200.0, 0.00103759765625, 0.00738525390625, 0.68280029296875, 0.73052978515625, 86.13161221303562, 63.25291341281653
1.0002184000331908, 200.0, 200.0, 0.00103759765625, 0.00738525390625, 0.68280029296875, 0.73052978515625, 86.13161221303562, 63.25291341281653
1.0101431569783017, 200.0, 200.0, 0.00103759765625, 0.00738525390625, 0.68280029296875, 0.73052978515625, 86.13161221303562, 63.25291341281653
1.0208135970169678, 200.0, 200.0, 0.00115966796875, 0.00604248046875, 0.7197265625, 0.69415283203125, 92.06828327799036, 63.25291341281653
1.0302950399927795, 200.0, 200.0, 0.00115966796875, 0.00604248046875, 0.7197265625, 0.69415283203125, 92.06828327799036, 103.07507461376859
1.0401811429765075, 200.0, 200.0, 0.00115966796875, 0.00604248046875, 0.7197265625, 0.69415283203125, 92.06828327799036, 103.07507461376859
1.0504542529815808, 200.0, 200.0, 0.00115966796875, 0.00604248046875, 0.7197265625, 0.69415283203125, 92.06828327799036, 103.07507461376859
1.060167192015797, 200.0, 200.0, 0.0009765625, 0.00390625, 0.76068115234375, 0.6490478515625, 99.05129288474184, 103.07507461376859
1.0701776980422437, 200.0, 200.0, 0.0009765625, 0.00390625, 0.76068115234375, 0.6490478515625, 99.05129288474184, 103.07507461376859
1.0801691430388018, 200.0, 200.0, 0.000244140625, 0.00152587890625, 0.79376220703125, 0.608154296875, 105.07899323018175, 103.07507461376859
1.0901265470311046, 200.0, 200.0, 0.000244140625, 0.00152587890625, 0.79376220703125, 0.608154296875, 105.07899323018175, 103.07507461376859
1.10037892695982, 200.0, 200.0, 0.000244140625, 0.00152587890625, 0.79376220703125, 0.608154296875, 105.07899323018175, 103.07507461376859
1.1102310860296711, 200.0, 200.0, -0.00048828125, -0.0003662109375, 0.819580078125, 0.5728759765625, 110.08842800448664, 103.07507461376859
1.120233349967748, 200.0, 200.0, -0.00048828125, -0.0003662109375, 0.819580078125, 0.5728759765625, 110.08842800448664, 103.07507461376859
1.1301603709580377, 200.0, 200.0, -0.00048828125, -0.0003662109375, 0.819580078125, 0.5728759765625, 110.08842800448664, 103.07507461376859
1.1403992689447477, 200.0, 200.0, -0.00048828125, -0.0003662109375, 0.819580078125, 0.5728759765625, 110.08842800448664, 103.07507461376859
1.150155556970276, 200.0, 200.0, -0.00225830078125, -0.00335693359375, 0.857666015625, 0.51409912109375, 118.11678305288133, 103.07507461376859
1.1602668450213969, 200.0, 200.0, -0.00225830078125, -0.00335693359375, 0.857666015625, 0.51409912109375, 118.11678305288133, 103.07507461376859
1.1709569189697504, 200.0, 200.0, -0.00225830078125, -0.00335693359375, 0.857666015625, 0.51409912109375, 118.11678305288133, 103.07507461376859
1.1803455030312762, 200.0, 200.0, -0.00311279296875, -0.00506591796875, 0.8834228515625, 0.468505859375, 124.12155495237008, 103.07507461376859
1.1902171169640496, 200.0, 200.0, -0.00311279296875, -0.00506591796875, 0.8834228515625, 0.468505859375, 124.12155495237008, 103.07507461376859
1.2001319730188698, 200.0, 200.0, -0.00311279296875, -0.00506591796875, 0.8834228515625, 0.468505859375, 124.12155495237008, 103.07507461376859
1.2101312070153654, 200.0, 200.0, -0.00347900390625, -0.0062255859375, 0.90667724609375, 0.421630859375, 130.11506880472672, 103.07507461376859
1.2201631430070847, 200.0, 200.0, -0.00347900390625, -0.0062255859375, 0.90667724609375, 0.421630859375, 130.11506880472672, 143.1023532256853
1.2303494060179219, 200.0, 200.0, -0.00347900390625, -0.0062255859375, 0.90667724609375, 0.421630859375, 130.11506880472672, 143.1023532256853
1.2401805139379576, 200.0, 200.0, -0.00347900390625, -0.0062255859375, 0.90667724609375, 0.421630859375, 130.11506880472672, 143.1023532256853
1.250306461006403, 200.0, 200.0, -0.0030517578125, -0.00714111328125, 0.93695068359375, 0.34930419921875, 139.1059368224274, 143.1023532256853
1.2604120200267062, 200.0, 200.0, -0.0030517578125, -0.00714111328125, 0.93695068359375, 0.34930419921875, 139.1059368224274, 143.1023532256853
1.2701739559415728, 200.0, 200.0, -0.0030517578125, -0.00714111328125, 0.93695068359375, 0.34930419921875, 139.1059368224274, 143.1023532256853
1.2802315610460937, 200.0, 200.0, -0.00262451171875, -0.00714111328125, 0.9512939453125, 0.30816650390625, 144.1003266142925, 143.1023532256853
1.2902818099828437, 200.0, 200.0, -0.00262451171875, -0.00714111328125, 0.9512939453125, 0.30816650390625, 144.1003266142925, 143.1023532256853
1.3001393480226398, 200.0, 200.0, -0.00262451171875, -0.00714111328125, 0.9512939453125, 0.30816650390625, 144.1003266142925, 143.1023532256853
1.3102011700393632, 200.0, 200.0, -0.0013427734375, -0.0054931640625, 0.96826171875, 0.249755859375, 151.07092350271174, 143.1023532256853
1.3203761089826003, 200.0, 200.0, -0.0013427734375, -0.0054931640625, 0.96826171875, 0.249755859375, 151.07092350271174, 143.1023532256853
1.330181943019852, 200.0, 200.0, -0.0013427734375, -0.0054931640625, 0.96826171875, 0.249755859375, 151.07092350271174, 143.1023532256853
1.3401684709824622, 200.0, 200.0, -0.0013427734375, -0.0054931640625, 0.96826171875, 0.249755859375, 151.07092350271174, 143.1023532256853
1.3505068309605122, 200.0, 200.0, -0.00067138671875, -0.00384521484375, 0.98162841796875, 0.19049072265625, 158.0336405648142, 143.1023532256853
1.3602818709332496, 200.0, 200.0, -0.00067138671875, -0.00384521484375, 0.98162841796875, 0.19049072265625, 158.0336405648142, 143.1023532256853
1.3704971480183303, 200.0, 200.0, -0.00067138671875, -0.00384521484375, 0.98162841796875, 0.19049072265625, 158.0336405648142, 143.1023532256853
1.3803628289606422, 200.0, 200.0, -0.00067138671875, -0.00384521484375, 0.98162841796875, 0.19049072265625, 158.0336405648142, 143.1023532256853
1.3904495040187612, 200.0, 200.0, -0.0003662109375, -0.0037841796875, 0.990234375, 0.138916015625, 164.0267569954555, 143.1023532256853
1.400398152996786, 200.0, 200.0, -0.0003662109375, -0.0037841796875, 0.990234375, 0.138916015625, 164.0267569954555, 143.1023532256853
1.4101749369874597, 200.0, 200.0, -0.0003662109375, -0.0037841796875, 0.990234375, 0.138916015625, 164.0267569954555, 143.1023532256853
1.4202619949355721, 200.0, 200.0, -0.0003662109375, -0.0037841796875, 0.990234375, 0.138916015625, 164.0267569954555, -176.95025724265395
1.4302899460308254, 200.0, 200.0, -0.0001220703125, -0.00372314453125, 0.99688720703125, 0.078125, 171.037090581318, -176.95025724265395
1.4401402790099382, 200.0, 200.0, -0.0001220703125, -0.00372314453125, 0.99688720703125, 0.078125, 171.037090581318, -176.95025724265395
1.450266040978022, 200.0, 200.0, -0.00048828125, -0.003173828125, 0.99993896484375, 0.00836181640625, 179.0415620303451, -176.95025724265395
1.4602091079577804, 200.0, 200.0, -0.00048828125, -0.003173828125, 0.99993896484375, 0.00836181640625, 179.0415620303451, -176.95025724265395
1.4702598679577932, 200.0, 200.0, -0.00048828125, -0.003173828125, 0.99993896484375, 0.00836181640625, 179.0415620303451, -176.95025724265395
1.480166992987506, 200.0, 200.0, -0.0008544921875, -0.00299072265625, 0.99896240234375, -0.0440673828125, -174.94799497889062, -176.95025724265395
1.4901344130048528, 200.0, 200.0, -0.0008544921875, -0.00299072265625, 0.99896240234375, -0.0440673828125, -174.94799497889062, -176.95025724265395
1.5001766260247678, 200.0, 200.0, -0.0008544921875, -0.00299072265625, 0.99896240234375, -0.0440673828125, -174.94799497889062, -176.95025724265395
1.5103161010192707, 200.0, 200.0, -0.00103759765625, -0.00286865234375, 0.99609375, -0.08758544921875, -169.949175387976, -176.95025724265395
1.5202782519627362, 200.0, 200.0, -0.00103759765625, -0.00286865234375, 0.99609375, -0.08758544921875, -169.949175387976, -176.95025724265395
1.5301484010415152, 200.0, 200.0, -0.00103759765625, -0.00286865234375, 0.99609375, -0.08758544921875, -169.949175387976, -176.95025724265395
1.5401750589953735, 200.0, 200.0, -0.00054931640625, -0.00225830078125, 0.9862060546875, -0.16534423828125, -160.9641933332777, -176.95025724265395
1.5501681219320744, 200.0, 200.0, -0.00054931640625, -0.00225830078125, 0.9862060546875, -0.16534423828125, -160.9641933332777, -176.95025724265395
1.560160940978676, 200.0, 200.0, -0.00054931640625, -0.00225830078125, 0.9862060546875, -0.16534423828125, -160.9641933332777, -176.95025724265395
1.5701273010345176, 200.0, 200.0, -0.00054931640625, -0.00225830078125, 0.9862060546875, -0.16534423828125, -160.9641933332777, -176.95025724265395
1.580284834955819, 200.0, 200.0, -0.00042724609375, -0.000732421875, 0.97625732421875, -0.2164306640625, -154.99817733089884, -176.95025724265395
1.5905575399519876, 200.0, 200.0, -0.00042724609375, -0.000732421875, 0.97625732421875, -0.2164306640625, -154.99817733089884, -176.95025724265395
1.6004889890318736, 200.0, 200.0, -0.00042724609375, -0.000732421875, 0.97625732421875, -0.2164306640625, -154.99817733089884, -176.95025724265395
1.610130685963668, 200.0, 200.0, -0.000244140625, 0.00067138671875, 0.9718017578125, -0.2357177734375, -152.73058854686215, -176.95025724265395
1.6201399239944294, 200.0, 200.0, -0.000244140625, 0.00067138671875, 0.9718017578125, -0.2357177734375, -152.73058854686215, -140.70350882690678
1.6304663040209562, 200.0, 200.0, -0.000244140625, 0.00067138671875, 0.9718017578125, -0.2357177734375, -152.73058854686215, -140.70350882690678
1.6405514569487423, 200.0, 200.0, 0.00042724609375, 0.00286865234375, 0.95550537109375, -0.2947998046875, -145.704456619912, -140.70350882690678
1.6502811550162733, 200.0, 200.0, 0.00042724609375, 0.00286865234375, 0.95550537109375, -0.2947998046875, -145.704456619912, -140.70350882690678
1.6601464740233496, 200.0, 200.0, 0.00042724609375, 0.00286865234375, 0.95550537109375, -0.2947998046875, -145.704456619912, -140.70350882690678
1.670176945044659, 200.0, 200.0, 0.00042724609375, 0.00286865234375, 0.95550537109375, -0.2947998046875, -145.704456619912, -140.70350882690678
1.6802181400125846, 200.0, 200.0, 0.00146484375, 0.0050048828125, 0.93878173828125, -0.34442138671875, -139.7058944051468, -140.70350882690678
1.6902285979595035, 200.0, 200.0, 0.00146484375, 0.0050048828125, 0.93878173828125, -0.34442138671875, -139.7058944051468, -140.70350882690678
1.7001856929855421, 200.0, 200.0, 0.00146484375, 0.0050048828125, 0.93878173828125, -0.34442138671875, -139.7058944051468, -140.70350882690678
1.71027891500853, 200.0, 200.0, 0.003173828125, 0.00665283203125, 0.91583251953125, -0.40130615234375, -132.67192578737405, -140.70350882690678
1.7201598000247031, 200.0, 200.0, 0.003173828125, 0.00665283203125, 0.91583251953125, -0.40130615234375, -132.67192578737405, -140.70350882690678
1.7301712009357288, 200.0, 200.0, 0.003173828125, 0.00665283203125, 0.91583251953125, -0.40130615234375, -132.67192578737405, -140.70350882690678
1.7401918550021946, 200.0, 200.0, 0.0057373046875, 0.00799560546875, 0.8895263671875, -0.4566650390625, -125.64959651830446, -140.70350882690678
1.7503047329373658, 200.0, 200.0, 0.0057373046875, 0.00799560546875, 0.8895263671875, -0.4566650390625, -125.64959651830446, -140.70350882690678
1.7601736510405317, 200.0, 200.0, 0.0057373046875, 0.00799560546875, 0.8895263671875, -0.4566650390625, -125.64959651830446, -140.70350882690678
1.7703971399459988, 200.0, 200.0, 0.00848388671875, 0.0086669921875, 0.8642578125, -0.5028076171875, -119.61959896607412, -140.70350882690678
1.7801483359653503, 200.0, 200.0, 0.00848388671875, 0.0086669921875, 0.8642578125, -0.5028076171875, -119.61959896607412, -140.70350882690678
1.7901498529827222, 200.0, 200.0, 0.00848388671875, 0.0086669921875, 0.8642578125, -0.5028076171875, -119.61959896607412, -140.70350882690678
1.8001443350221962, 200.0, 200.0, 0.00848388671875, 0.0086669921875, 0.8642578125, -0.5028076171875, -119.61959896607412, -140.70350882690678
1.8102793539874256, 200.0, 200.0, 0.01171875, 0.0086669921875, 0.82684326171875, -0.5621337890625, -111.5743226997535, -140.70350882690678
1.820718975039199, 200.0, 200.0, 0.01171875, 0.0086669921875, 0.82684326171875, -0.5621337890625, -111.5743226997535, -140.70350882690678
1.8301416010363027, 200.0, 200.0, 0.01171875, 0.0086669921875, 0.82684326171875, -0.5621337890625, -111.5743226997535, -100.56384628238669
1.840261720935814, 200.0, 200.0, 0.01416015625, 0.0084228515625, 0.79095458984375, -0.611572265625, -104.56782234800845, -100.56384628238669
1.8502917810110375, 200.0, 200.0, 0.01416015625, 0.0084228515625, 0.79095458984375, -0.611572265625, -104.56782234800845, -100.56384628238669
1.8601711000083014, 200.0, 200.0, 0.01416015625, 0.0084228515625, 0.79095458984375, -0.611572265625, -104.56782234800845, -100.56384628238669
1.8702925479738042, 200.0, 200.0, 0.01416015625, 0.0084228515625, 0.79095458984375, -0.611572265625, -104.56782234800845, -100.56384628238669
1.8803629119647667, 200.0, 200.0, 0.0166015625, 0.00762939453125, 0.76348876953125, -0.6455078125, -99.55900550392636, -100.56384628238669
1.890294571989216, 200.0, 200.0, 0.0166015625, 0.00762939453125, 0.76348876953125, -0.6455078125, -99.55900550392636, -100.56384628238669
1.9001348810270429, 200.0, 200.0, 0.0166015625, 0.00762939453125, 0.76348876953125, -0.6455078125, -99.55900550392636, -100.56384628238669
1.9104915750212967, 200.0, 200.0, 0.021484375, 0.00518798828125, 0.71026611328125, -0.7034912109375, -90.51666607050193, -100.56384628238669
1.920162847964093, 200.0, 200.0, 0.021484375, 0.00518798828125, 0.71026611328125, -0.7034912109375, -90.51666607050193, -100.56384628238669
1.9301703099627048, 200.0, 200.0, 0.021484375, 0.00518798828125, 0.71026611328125, -0.7034912109375, -90.51666607050193, -100.56384628238669
1.9403718599351123, 200.0, 200.0, 0.021484375, 0.00518798828125, 0.71026611328125, -0.7034912109375, -90.51666607050193, -100.56384628238669
1.950149607961066, 200.0, 200.0, 0.0234375, 0.00390625, 0.67877197265625, -0.73388671875, -85.49360308260273, -100.56384628238669
1.9600792200071737, 200.0, 200.0, 0.0234375, 0.00390625, 0.67877197265625, -0.73388671875, -85.49360308260273, -100.56384628238669
1.9701589089818299, 200.0, 200.0, 0.02471923828125, 0.00250244140625, 0.63946533203125, -0.76837158203125, -79.49734923437367, -100.56384628238669
1.9804196510231122, 200.0, 200.0, 0.02471923828125, 0.00250244140625, 0.63946533203125, -0.76837158203125, -79.49734923437367, -100.56384628238669
1.9901715299347416, 200.0, 200.0, 0.02471923828125, 0.00250244140625, 0.63946533203125, -0.76837158203125, -79.49734923437367, -100.56384628238669
2.0001990540185943, 200.0, 200.0, 0.02471923828125, 0.00250244140625, 0.63946533203125, -0.76837158203125, -79.49734923437367, -100.56384628238669
2.0104246699484065, -200.0, -200.0, 0.02490234375, 0.00030517578125, 0.58416748046875, -0.81121826171875, -71.47930786737311, -100.56384628238669
2.020136481965892, -200.0, -200.0, 0.02490234375, 0.00030517578125, 0.58416748046875, -0.81121826171875, -71.47930786737311, -60.46801989195973
2.0302851470187306, -200.0, -200.0, 0.02490234375, 0.00030517578125, 0.58416748046875, -0.81121826171875, -71.47930786737311, -60.46801989195973
2.0404535540146753, -200.0, -200.0, 0.02410888671875, -0.0015869140625, 0.54071044921875, -0.8408203125, -65.45611591382043, -60.46801989195973
2.050146998022683, -200.0, -200.0, 0.02410888671875, -0.0015869140625, 0.54071044921875, -0.8408203125, -65.45611591382043, -60.46801989195973
2.0603343789698556, -200.0, -200.0, 0.02410888671875, -0.0015869140625, 0.54071044921875, -0.8408203125, -65.45611591382043, -60.46801989195973
2.07073378295172, -200.0, -200.0, 0.02203369140625, -0.00323486328125, 0.4959716796875, -0.8680419921875, -59.46430377915001, -60.46801989195973
2.080169786931947, -200.0, -200.0, 0.02203369140625, -0.00323486328125, 0.4959716796875, -0.8680419921875, -59.46430377915001, -60.46801989195973
2.090192964999005, -200.0, -200.0, 0.02203369140625, -0.00323486328125, 0.4959716796875, -0.8680419921875, -59.46430377915001, -60.46801989195973
2.100198916043155, -200.0, -200.0, 0.02203369140625, -0.00323486328125, 0.4959716796875, -0.8680419921875, -59.46430377915001, -60.46801989195973
2.1104600889375433, -200.0, -200.0, 0.017333984375, -0.00433349609375, 0.434326171875, -0.9005126953125, -51.484363274812665, -60.46801989195973
2.120628930046223, -200.0, -200.0, 0.017333984375, -0.00433349609375, 0.434326171875, -0.9005126953125, -51.484363274812665, -60.46801989195973
2.1301842000102624, -200.0, -200.0, 0.017333984375, -0.00433349609375, 0.434326171875, -0.9005126953125, -51.484363274812665, -60.46801989195973
2.1401968069840223, -200.0, -200.0, 0.017333984375, -0.00433349609375, 0.434326171875, -0.9005126953125, -51.484363274812665, -60.46801989195973
2.1501992320409045, -200.0, -200.0, 0.0107421875, -0.0042724609375, 0.3709716796875, -0.92852783203125, -43.55277983556438, -60.46801989195973
2.1601806429680437, -200.0, -200.0, 0.0107421875, -0.0042724609375, 0.3709716796875, -0.92852783203125, -43.55277983556438, -60.46801989195973
2.170204904046841, -200.0, -200.0, 0.0107421875, -0.0042724609375, 0.3709716796875, -0.92852783203125, -43.55277983556438, -60.46801989195973
2.180832710932009, -200.0, -200.0, 0.006103515625, -0.00396728515625, 0.3310546875, -0.94354248046875, -38.66685341141011, -60.46801989195973
2.1902315890183672, -200.0, -200.0, 0.006103515625, -0.00396728515625, 0.3310546875, -0.94354248046875, -38.66685341141011, -60.46801989195973
2.2001770649803802, -200.0, -200.0, 0.006103515625, -0.00396728515625, 0.3310546875, -0.94354248046875, -38.66685341141011, -60.46801989195973
2.2101625129580498, -200.0, -200.0, -6.103515625e-05, -0.00372314453125, 0.27825927734375, -0.96044921875, -32.3119776653912, -60.46801989195973
2.220213521970436, -200.0, -200.0, -6.103515625e-05, -0.00372314453125, 0.27825927734375, -0.96044921875, -32.3119776653912, -60.46801989195973
2.2304917499423027, -200.0, -200.0, -6.103515625e-05, -0.00372314453125, 0.27825927734375, -0.96044921875, -32.3119776653912, -24.28293783913404
2.2405595630407333, -200.0, -200.0, -0.00439453125, -0.00360107421875, 0.23858642578125, -0.9710693359375, -27.60407351004343, -24.28293783913404
2.2501678039552644, -200.0, -200.0, -0.00439453125, -0.00360107421875, 0.23858642578125, -0.9710693359375, -27.60407351004343, -24.28293783913404
2.2601623389637098, -200.0, -200.0, -0.00439453125, -0.00360107421875, 0.23858642578125, -0.9710693359375, -27.60407351004343, -24.28293783913404
2.270164916990325, -200.0, -200.0, -0.00439453125, -0.00360107421875, 0.23858642578125, -0.9710693359375, -27.60407351004343, -24.28293783913404
2.2801522909430787, -200.0, -200.0, -0.007080078125, -0.00347900390625, 0.19573974609375, -0.9805908203125, -22.57246002510326, -24.28293783913404
2.2901269090361893, -200.0, -200.0, -0.007080078125, -0.00347900390625, 0.19573974609375, -0.9805908203125, -22.57246002510326, -24.28293783913404
2.300311755039729, -200.0, -200.0, -0.007080078125, -0.00347900390625, 0.19573974609375, -0.9805908203125, -22.57246002510326, -24.28293783913404
2.3102130229817703, -200.0, -200.0, -0.007080078125, -0.00347900390625, 0.19573974609375, -0.9805908203125, -22.57246002510326, -24.28293783913404
2.3203477039933205, -200.0, -200.0, -0.0069580078125, -0.0035400390625, 0.17236328125, -0.9849853515625, -19.84744653260326, -24.28293783913404
2.330186545033939, -200.0, -200.0, -0.0069580078125, -0.0035400390625, 0.17236328125, -0.9849853515625, -19.84744653260326, -24.28293783913404
2.340237680939026, -200.0, -200.0, -0.00579833984375, -0.00396728515625, 0.1591796875, -0.9871826171875, -18.31547503968255, -24.28293783913404
2.3505160909844562, -200.0, -200.0, -0.00579833984375, -0.00396728515625, 0.1591796875, -0.9871826171875, -18.31547503968255, -24.28293783913404
2.3602867720182985, -200.0, -200.0, -0.00579833984375, -0.00396728515625, 0.1591796875, -0.9871826171875, -18.31547503968255, -24.28293783913404
2.370188776985742, -200.0, -200.0, -0.00579833984375, -0.00396728515625, 0.1591796875, -0.9871826171875, -18.31547503968255, -24.28293783913404
2.3803679739357904, -200.0, -200.0, -0.00579833984375, -0.00396728515625, 0.1591796875, -0.9871826171875, -18.31547503968255, -24.28293783913404
2.390711197978817, -200.0, -200.0, -0.00250244140625, -0.005615234375, 0.1510009765625, -0.98846435546875, -17.368276133133126, -24.28293783913404
2.400130443042144, -200.0, -200.0, -0.00250244140625, -0.005615234375, 0.1510009765625, -0.98846435546875, -17.368276133133126, -24.28293783913404
2.4102473569801077, -200.0, -200.0, -0.00250244140625, -0.005615234375, 0.1510009765625, -0.98846435546875, -17.368276133133126, -24.28293783913404
2.4202811690047383, -200.0, -200.0, -0.0003662109375, -0.00689697265625, 0.1578369140625, -0.9874267578125, -18.163494096786685, -24.28293783913404
2.4301276189507917, -200.0, -200.0, -0.0003662109375, -0.00689697265625, 0.1578369140625, -0.9874267578125, -18.163494096786685, -21.5728280594997
2.44017261499539, -200.0, -200.0, -0.0003662109375, -0.00689697265625, 0.1578369140625, -0.9874267578125, -18.163494096786685, -21.5728280594997
2.4502368409885094, -200.0, -200.0, 0.00146484375, -0.00823974609375, 0.17291259765625, -0.98486328125, -19.916988219289422, -21.5728280594997
2.460217767045833, -200.0, -200.0, 0.00146484375, -0.00823974609375, 0.17291259765625, -0.98486328125, -19.916988219289422, -21.5728280594997
2.470204766956158, -200.0, -200.0, 0.00146484375, -0.00823974609375, 0.17291259765625, -0.98486328125, -19.916988219289422, -21.5728280594997
2.480174698983319, -200.0, -200.0, 0.00146484375, -0.00823974609375, 0.17291259765625, -0.98486328125, -19.916988219289422, -21.5728280594997
2.490312714013271, -200.0, -200.0, 0.0037841796875, -0.01007080078125, 0.19970703125, -0.979736328125, -23.045710431425668, -21.5728280594997
2.5001290099462494, -200.0, -200.0, 0.0037841796875, -0.01007080078125, 0.19970703125, -0.979736328125, -23.045710431425668, -21.5728280594997
2.5101452169474214, -200.0, -200.0, 0.0037841796875, -0.01007080078125, 0.19970703125, -0.979736328125, -23.045710431425668, -21.5728280594997
2.5201627429341897, -200.0, -200.0, 0.00616455078125, -0.0120849609375, 0.23455810546875, -0.97198486328125, -27.143579833989282, -21.5728280594997
2.530192833044566, -200.0, -200.0, 0.00616455078125, -0.0120849609375, 0.23455810546875, -0.97198486328125, -27.143579833989282, -21.5728280594997
2.54029597598128, -200.0, -200.0, 0.0074462890625, -0.012939453125, 0.2630615234375, -0.964599609375, -30.518194189450757, -21.5728280594997
2.550351014942862, -200.0, -200.0, 0.0074462890625, -0.012939453125, 0.2630615234375, -0.964599609375, -30.518194189450757, -21.5728280594997
2.560169684002176, -200.0, -200.0, 0.0074462890625, -0.012939453125, 0.2630615234375, -0.964599609375, -30.518194189450757, -21.5728280594997
2.570219571935013, -200.0, -200.0, 0.0074462890625, -0.012939453125, 0.2630615234375, -0.964599609375, -30.518194189450757, -21.5728280594997
2.5801667909836397, -200.0, -200.0, 0.008544921875, -0.012939453125, 0.29937744140625, -0.9539794921875, -34.85742049746726, -21.5728280594997
2.5901763079455122, -200.0, -200.0, 0.008544921875, -0.012939453125, 0.29937744140625, -0.9539794921875, -34.85742049746726, -21.5728280594997
2.600267853005789, -200.0, -200.0, 0.008544921875, -0.012939453125, 0.29937744140625, -0.9539794921875, -34.85742049746726, -21.5728280594997
2.610306018963456, -200.0, -200.0, 0.008544921875, -0.012939453125, 0.29937744140625, -0.9539794921875, -34.85742049746726, -21.5728280594997
2.6202663959702477, -200.0, -200.0, 0.00927734375, -0.01141357421875, 0.3563232421875, -0.9342041015625, -41.76329084903916, -49.92607711562485
2.6301663590129465, -200.0, -200.0, 0.00927734375, -0.01141357421875, 0.3563232421875, -0.9342041015625, -41.76329084903916, -49.92607711562485
2.640133799985051, -200.0, -200.0, 0.00927734375, -0.01141357421875, 0.3563232421875, -0.9342041015625, -41.76329084903916, -49.92607711562485
2.6501407120376825, -200.0, -200.0, 0.00921630859375, -0.0108642578125, 0.3887939453125, -0.92120361328125, -45.77288313217859, -49.92607711562485
2.6601114539662376, -200.0, -200.0, 0.00921630859375, -0.0108642578125, 0.3887939453125, -0.92120361328125, -45.77288313217859, -49.92607711562485
2.670171250938438, -200.0, -200.0, 0.008544921875, -0.01031494140625, 0.42864990234375, -0.9033203125, -50.77498153466577, -49.92607711562485
2.6801717890193686, -200.0, -200.0, 0.008544921875, -0.01031494140625, 0.42864990234375, -0.9033203125, -50.77498153466577, -49.92607711562485
2.6903441379545256, -200.0, -200.0, 0.008544921875, -0.01031494140625, 0.42864990234375, -0.9033203125, -50.77498153466577, -49.92607711562485
2.7001007499638945, -200.0, -200.0, 0.008544921875, -0.01031494140625, 0.42864990234375, -0.9033203125, -50.77498153466577, -49.92607711562485
2.7101710949791595, -200.0, -200.0, 0.00665283203125, -0.009521484375, 0.48291015625, -0.87554931640625, -57.76038358627855, -49.92607711562485
2.720190407941118, -200.0, -200.0, 0.00665283203125, -0.009521484375, 0.48291015625, -0.87554931640625, -57.76038358627855, -49.92607711562485
2.730134974932298, -200.0, -200.0, 0.00665283203125, -0.009521484375, 0.48291015625, -0.87554931640625, -57.76038358627855, -49.92607711562485
2.7402487880317494, -200.0, -200.0, 0.00494384765625, -0.0084228515625, 0.53045654296875, -0.84759521484375, -64.07890460518107, -49.92607711562485
2.7501719809370115, -200.0, -200.0, 0.00494384765625, -0.0084228515625, 0.53045654296875, -0.84759521484375, -64.07890460518107, -49.92607711562485
2.7602328209904954, -200.0, -200.0, 0.00494384765625, -0.0084228515625, 0.53045654296875, -0.84759521484375, -64.07890460518107, -49.92607711562485
2.7701707390369847, -200.0, -200.0, 0.00494384765625, -0.0084228515625, 0.53045654296875, -0.84759521484375, -64.07890460518107, -49.92607711562485
2.7803338220110163, -200.0, -200.0, 0.00262451171875, -0.00616455078125, 0.5775146484375, -0.8162841796875, -70.55445619846378, -49.92607711562485
2.7904366840375587, -200.0, -200.0, 0.00262451171875, -0.00616455078125, 0.5775146484375, -0.8162841796875, -70.55445619846378, -49.92607711562485
2.800604613032192, -200.0, -200.0, 0.00262451171875, -0.00616455078125, 0.5775146484375, -0.8162841796875, -70.55445619846378, -49.92607711562485
2.810740810004063, -200.0, -200.0, -0.0001220703125, -0.0037841796875, 0.61737060546875, -0.78662109375, -76.24946857583049, -49.92607711562485
2.8202483509667218, -200.0, -200.0, -0.0001220703125, -0.0037841796875, 0.61737060546875, -0.78662109375, -76.24946857583049, -49.92607711562485
2.830203503021039, -200.0, -200.0, -0.0001220703125, -0.0037841796875, 0.61737060546875, -0.78662109375, -76.24946857583049, -86.80601480328345
2.8406040229601786, -200.0, -200.0, -0.00299072265625, -0.0023193359375, 0.65594482421875, -0.7547607421875, -81.98265610608266, -86.80601480328345
2.850385245983489, -200.0, -200.0, -0.00299072265625, -0.0023193359375, 0.65594482421875, -0.7547607421875, -81.98265610608266, -86.80601480328345
2.860272211022675, -200.0, -200.0, -0.00299072265625, -0.0023193359375, 0.65594482421875, -0.7547607421875, -81.98265610608266, -86.80601480328345
2.8702315810369328, -200.0, -200.0, -0.00299072265625, -0.0023193359375, 0.65594482421875, -0.7547607421875, -81.98265610608266, -86.80601480328345
2.8803050100104883, -200.0, -200.0, -0.00567626953125, -0.00177001953125, 0.69927978515625, -0.71478271484375, -88.7387174551652, -86.80601480328345
2.890272615943104, -200.0, -200.0, -0.00567626953125, -0.00177001953125, 0.69927978515625, -0.71478271484375, -88.7387174551652, -86.80601480328345
2.9002531450241804, -200.0, -200.0, -0.00567626953125, -0.00177001953125, 0.69927978515625, -0.71478271484375, -88.7387174551652, -86.80601480328345
2.911029611947015, -200.0, -200.0, -0.00714111328125, -0.002197265625, 0.73492431640625, -0.67803955078125, -88.7387174551652, -86.80601480328345
2.9202401019865647, -200.0, -200.0, -0.00714111328125, -0.002197265625, 0.73492431640625, -0.67803955078125, -94.60307904401728, -86.80601480328345
2.930129589047283, -200.0, -200.0, -0.00714111328125, -0.002197265625, 0.73492431640625, -0.67803955078125, -94.60307904401728, -86.80601480328345
2.9401452760212123, -200.0, -200.0, -0.00836181640625, -0.002685546875, 0.7744140625, -0.632568359375, -101.50716310547729, -86.80601480328345
2.9501668659504503, -200.0, -200.0, -0.00836181640625, -0.002685546875, 0.7744140625, -0.632568359375, -101.50716310547729, -86.80601480328345
2.9601400760002434, -200.0, -200.0, -0.00836181640625, -0.002685546875, 0.7744140625, -0.632568359375, -101.50716310547729, -86.80601480328345
2.9701464199461043, -200.0, -200.0, -0.00836181640625, -0.002685546875, 0.7744140625, -0.632568359375, -101.50716310547729, -86.80601480328345
2.980543551966548, -200.0, -200.0, -0.00885009765625, -0.00225830078125, 0.8162841796875, -0.5775146484375, -109.43461686511156, -86.80601480328345
2.9902582420036197, -200.0, -200.0, -0.00885009765625, -0.00225830078125, 0.8162841796875, -0.5775146484375, -109.43461686511156, -86.80601480328345
3.0001696120016277, -200.0, -200.0, -0.00885009765625, -0.00225830078125, 0.8162841796875, -0.5775146484375, -109.43461686511156, -86.80601480328345
3.0105239079566672, -200.0, -200.0, -0.008544921875, -0.0008544921875, 0.84991455078125, -0.52679443359375, -116.41066348923641, -86.80601480328345
3.0203001770423725, -200.0, -200.0, -0.008544921875, -0.0008544921875, 0.84991455078125, -0.52679443359375, -116.41066348923641, -86.80601480328345
3.0303447239566594, -200.0, -200.0, -0.008544921875, -0.0008544921875, 0.84991455078125, -0.52679443359375, -116.41066348923641, -127.40653753186099
3.0402094119926915, -200.0, -200.0, -0.00811767578125, 0.000244140625, 0.8720703125, -0.4892578125, -121.40652511997982, -127.40653753186099
3.0502039609709755, -200.0, -200.0, -0.00811767578125, 0.000244140625, 0.8720703125, -0.4892578125, -121.40652511997982, -127.40653753186099
3.060473677003756, -200.0, -200.0, -0.00811767578125, 0.000244140625, 0.8720703125, -0.4892578125, -121.40652511997982, -127.40653753186099
3.070480096968822, -200.0, -200.0, -0.00811767578125, 0.000244140625, 0.8720703125, -0.4892578125, -121.40652511997982, -127.40653753186099
3.0803242389811203, -200.0, -200.0, -0.0068359375, 0.00177001953125, 0.904052734375, -0.42730712890625, -129.3988863987055, -127.40653753186099
3.0902983649866655, -200.0, -200.0, -0.0068359375, 0.00177001953125, 0.904052734375, -0.42730712890625, -129.3988863987055, -127.40653753186099
3.1004564199829474, -200.0, -200.0, -0.0068359375, 0.00177001953125, 0.904052734375, -0.42730712890625, -129.3988863987055, -127.40653753186099
3.110353384981863, -200.0, -200.0, -0.00506591796875, 0.00177001953125, 0.92510986328125, -0.37957763671875, -135.37857345415657, -127.40653753186099
3.1204949129605666, -200.0, -200.0, -0.00506591796875, 0.00177001953125, 0.92510986328125, -0.37957763671875, -135.37857345415657, -127.40653753186099
3.1303831529803574, -200.0, -200.0, -0.00506591796875, 0.00177001953125, 0.92510986328125, -0.37957763671875, -135.37857345415657, -127.40653753186099
3.140740528004244, -200.0, -200.0, -0.00250244140625, 0.001708984375, 0.94366455078125, -0.330810546875, -141.36042552858464, -127.40653753186099
3.1505477169994265, -200.0, -200.0, -0.00250244140625, 0.001708984375, 0.94366455078125, -0.330810546875, -141.36042552858464, -127.40653753186099
3.160153809003532, -200.0, -200.0, -0.00250244140625, 0.001708984375, 0.94366455078125, -0.330810546875, -141.36042552858464, -127.40653753186099
3.170411069993861, -200.0, -200.0, -0.00250244140625, 0.001708984375, 0.94366455078125, -0.330810546875, -141.36042552858464, -127.40653753186099
3.1801953179528937, -200.0, -200.0, 0.00213623046875, 0.0010986328125, 0.9644775390625, -0.26409912109375, -149.37188454849868, -127.40653753186099
3.1901995049556717, -200.0, -200.0, 0.00213623046875, 0.0010986328125, 0.9644775390625, -0.26409912109375, -149.37188454849868, -127.40653753186099
3.200113094993867, -200.0, -200.0, 0.00213623046875, 0.0010986328125, 0.9644775390625, -0.26409912109375, -149.37188454849868, -127.40653753186099
3.2111665919655934, -200.0, -200.0, 0.005615234375, 0.0003662109375, 0.9769287109375, -0.21319580078125, -155.3750772121261, -127.40653753186099
3.220152345020324, -200.0, -200.0, 0.005615234375, 0.0003662109375, 0.9769287109375, -0.21319580078125, -155.3750772121261, -127.40653753186099
3.23026443796698, -200.0, -200.0, 0.005615234375, 0.0003662109375, 0.9769287109375, -0.21319580078125, -155.3750772121261, -166.35894244390363
3.240256165037863, -200.0, -200.0, 0.0089111328125, -0.00030517578125, 0.98675537109375, -0.16192626953125, -161.35966738631018, -166.35894244390363
3.250144416000694, -200.0, -200.0, 0.0089111328125, -0.00030517578125, 0.98675537109375, -0.16192626953125, -161.35966738631018, -166.35894244390363
3.260590033023618, -200.0, -200.0, 0.0089111328125, -0.00030517578125, 0.98675537109375, -0.16192626953125, -161.35966738631018, -166.35894244390363
3.270229266025126, -200.0, -200.0, 0.0089111328125, -0.00030517578125, 0.98675537109375, -0.16192626953125, -161.35966738631018, -166.35894244390363
3.280268920934759, -200.0, -200.0, 0.01348876953125, -0.00079345703125, 0.99554443359375, -0.09271240234375, -169.354761311684, -166.35894244390363
3.2904079320142046, -200.0, -200.0, 0.01348876953125, -0.00079345703125, 0.99554443359375, -0.09271240234375, -169.354761311684, -166.35894244390363
3.3001481549581513, -200.0, -200.0, 0.01348876953125, -0.00079345703125, 0.99554443359375, -0.09271240234375, -169.354761311684, -166.35894244390363
3.310160893946886, -200.0, -200.0, 0.01348876953125, -0.00079345703125, 0.99554443359375, -0.09271240234375, -169.354761311684, -166.35894244390363
3.321394431986846, -200.0, -200.0, 0.01666259765625, -0.00146484375, 0.99932861328125, -0.031982421875, -176.32992517996593, -166.35894244390363
3.3305967119522393, -200.0, -200.0, 0.01666259765625, -0.00146484375, 0.99932861328125, -0.031982421875, -176.32992517996593, -166.35894244390363
3.3401195750338957, -200.0, -200.0, 0.01666259765625, -0.00146484375, 0.99932861328125, -0.031982421875, -176.32992517996593, -166.35894244390363
3.350371630047448, -200.0, -200.0, 0.01885986328125, -0.0015869140625, 0.99957275390625, 0.02020263671875, 177.686681828479, -166.35894244390363
3.360296695958823, -200.0, -200.0, 0.01885986328125, -0.0015869140625, 0.99957275390625, 0.02020263671875, 177.686681828479, -166.35894244390363
3.3703003469854593, -200.0, -200.0, 0.01885986328125, -0.0015869140625, 0.99957275390625, 0.02020263671875, 177.686681828479, -166.35894244390363
3.380165774957277, -200.0, -200.0, 0.01885986328125, -0.0015869140625, 0.99957275390625, 0.02020263671875, 177.686681828479, -166.35894244390363
3.3901723680319265, -200.0, -200.0, 0.020751953125, -0.0013427734375, 0.9964599609375, 0.0811767578125, 170.6841027158684, -166.35894244390363
3.4003032409818843, -200.0, -200.0, 0.020751953125, -0.0013427734375, 0.9964599609375, 0.0811767578125, 170.6841027158684, -166.35894244390363
3.410227815969847, -200.0, -200.0, 0.021484375, -0.00048828125, 0.9908447265625, 0.1331787109375, 164.68333640199043, -166.35894244390363
3.4201834650011733, -200.0, -200.0, 0.021484375, -0.00048828125, 0.9908447265625, 0.1331787109375, 164.68333640199043, -166.35894244390363
3.430214907042682, -200.0, -200.0, 0.021484375, -0.00048828125, 0.9908447265625, 0.1331787109375, 164.68333640199043, 153.65951707858557
3.440562925999984, -200.0, -200.0, 0.02117919921875, 0.0013427734375, 0.98248291015625, 0.1849365234375, 158.6655369781947, 153.65951707858557
3.450532514951192, -200.0, -200.0, 0.02117919921875, 0.0013427734375, 0.98248291015625, 0.1849365234375, 158.6655369781947, 153.65951707858557
3.4601636099396273, -200.0, -200.0, 0.02117919921875, 0.0013427734375, 0.98248291015625, 0.1849365234375, 158.6655369781947, 153.65951707858557
3.47029475599993, -200.0, -200.0, 0.02117919921875, 0.0013427734375, 0.98248291015625, 0.1849365234375, 158.6655369781947, 153.65951707858557
3.480263174045831, -200.0, -200.0, 0.01959228515625, 0.0037841796875, 0.9671630859375, 0.25311279296875, 150.64700066112272, 153.65951707858557
3.490148709039204, -200.0, -200.0, 0.01959228515625, 0.0037841796875, 0.9671630859375, 0.25311279296875, 150.64700066112272, 153.65951707858557
3.5001646319869906, -200.0, -200.0, 0.01959228515625, 0.0037841796875, 0.9671630859375, 0.25311279296875, 150.64700066112272, 153.65951707858557
3.510118143982254, -200.0, -200.0, 0.01776123046875, 0.005126953125, 0.9525146484375, 0.3037109375, 144.60750462004495, 153.65951707858557
3.520296823931858, -200.0, -200.0, 0.01776123046875, 0.005126953125, 0.9525146484375, 0.3037109375, 144.60750462004495, 153.65951707858557
3.5301061370410025, -200.0, -200.0, 0.01776123046875, 0.005126953125, 0.9525146484375, 0.3037109375, 144.60750462004495, 153.65951707858557
3.540158855030313, -200.0, -200.0, 0.01776123046875, 0.005126953125, 0.9525146484375, 0.3037109375, 144.60750462004495, 153.65951707858557
3.550163984997198, -200.0, -200.0, 0.01470947265625, 0.00537109375, 0.92578125, 0.3775634765625, 135.60636785209448, 153.65951707858557
3.560307362000458, -200.0, -200.0, 0.01470947265625, 0.00537109375, 0.92578125, 0.3775634765625, 135.60636785209448, 153.65951707858557
3.570549638941884, -200.0, -200.0, 0.01470947265625, 0.00537109375, 0.92578125, 0.3775634765625, 135.60636785209448, 153.65951707858557
3.5802730079740286, -200.0, -200.0, 0.01300048828125, 0.0045166015625, 0.908447265625, 0.41766357421875, 130.6034523451918, 153.65951707858557
3.590255241957493, -200.0, -200.0, 0.01300048828125, 0.0045166015625, 0.908447265625, 0.41766357421875, 130.6034523451918, 153.65951707858557
3.602528725983575, -200.0, -200.0, 0.01300048828125, 0.0045166015625, 0.908447265625, 0.41766357421875, 130.6034523451918, 153.65951707858557
3.6103150800336152, -200.0, -200.0, 0.01300048828125, 0.0045166015625, 0.908447265625, 0.41766357421875, 130.6034523451918, 153.65951707858557
3.620616480940953, -200.0, -200.0, 0.0113525390625, 0.00372314453125, 0.88531494140625, 0.46478271484375, 124.5912111950928, 112.5621185784571
3.6302750259637833, -200.0, -200.0, 0.0113525390625, 0.00372314453125, 0.88531494140625, 0.46478271484375, 124.5912111950928, 112.5621185784571
3.6402113860240206, -200.0, -200.0, 0.00921630859375, 0.00274658203125, 0.85064697265625, 0.52557373046875, 116.57082351056759, 112.5621185784571
3.650162630015984, -200.0, -200.0, 0.00921630859375, 0.00274658203125, 0.85064697265625, 0.52557373046875, 116.57082351056759, 112.5621185784571
3.660138480947353, -200.0, -200.0, 0.00921630859375, 0.00274658203125, 0.85064697265625, 0.52557373046875, 116.57082351056759, 112.5621185784571
3.670235613011755, -200.0, -200.0, 0.00921630859375, 0.00274658203125, 0.85064697265625, 0.52557373046875, 116.57082351056759, 112.5621185784571
3.6801427559694275, -200.0, -200.0, 0.0069580078125, 0.00213623046875, 0.8218994140625, 0.56951904296875, 110.55442197753263, 112.5621185784571
3.6901938050286844, -200.0, -200.0, 0.0069580078125, 0.00213623046875, 0.8218994140625, 0.56951904296875, 110.55442197753263, 112.5621185784571
3.7001672169426456, -200.0, -200.0, 0.0069580078125, 0.00213623046875, 0.8218994140625, 0.56951904296875, 110.55442197753263, 112.5621185784571
3.7108489419333637, -200.0, -200.0, 0.00457763671875, 0.0018310546875, 0.7906494140625, 0.61212158203125, 104.49596148696502, 112.5621185784571
3.7202219780301675, -200.0, -200.0, 0.00457763671875, 0.0018310546875, 0.7906494140625, 0.61212158203125, 104.49596148696502, 112.5621185784571
3.7302425550296903, -200.0, -200.0, 0.00457763671875, 0.0018310546875, 0.7906494140625, 0.61212158203125, 104.49596148696502, 112.5621185784571
3.7404663319466636, -200.0, -200.0, 0.00140380859375, 0.0015869140625, 0.745849609375, 0.66607666015625, 96.46487278724648, 112.5621185784571
3.750521956011653, -200.0, -200.0, 0.00140380859375, 0.0015869140625, 0.745849609375, 0.66607666015625, 96.46487278724648, 112.5621185784571
3.7602774569531903, -200.0, -200.0, 0.00140380859375, 0.0015869140625, 0.745849609375, 0.66607666015625, 96.46487278724648, 112.5621185784571
3.770211054943502, -200.0, -200.0, 0.00140380859375, 0.0015869140625, 0.745849609375, 0.66607666015625, 96.46487278724648, 112.5621185784571
3.7805265489732847, -200.0, -200.0, -0.000732421875, 0.00189208984375, 0.71002197265625, 0.70416259765625, 90.47382914933597, 112.5621185784571
3.790170960011892, -200.0, -200.0, -0.000732421875, 0.00189208984375, 0.71002197265625, 0.70416259765625, 90.47382914933597, 112.5621185784571
3.80011791898869, -200.0, -200.0, -0.00213623046875, 0.00213623046875, 0.67877197265625, 0.73431396484375, 85.4957756525107, 112.5621185784571
3.810202504042536, -200.0, -200.0, -0.00213623046875, 0.00213623046875, 0.67877197265625, 0.73431396484375, 85.4957756525107, 112.5621185784571
3.8201770009472966, -200.0, -200.0, -0.00213623046875, 0.00213623046875, 0.67877197265625, 0.73431396484375, 85.4957756525107, 72.46753528245908
3.8302783969556913, -200.0, -200.0, -0.00213623046875, 0.00213623046875, 0.67877197265625, 0.73431396484375, 85.4957756525107, 72.46753528245908
3.8402396369492635, -200.0, -200.0, -0.00347900390625, 0.00238037109375, 0.6258544921875, 0.77984619140625, 77.48883820618434, 72.46753528245908
3.850143061950803, -200.0, -200.0, -0.00347900390625, 0.00238037109375, 0.6258544921875, 0.77984619140625, 77.48883820618434, 72.46753528245908
3.86033261497505, -200.0, -200.0, -0.00347900390625, 0.00238037109375, 0.6258544921875, 0.77984619140625, 77.48883820618434, 72.46753528245908
3.870334170991555, -200.0, -200.0, -0.00347900390625, 0.00238037109375, 0.6258544921875, 0.77984619140625, 77.48883820618434, 72.46753528245908
3.880637360038236, -200.0, -200.0, -0.00390625, 0.0020751953125, 0.5767822265625, 0.81683349609375, 70.44780520716829, 72.46753528245908
3.8904079239582643, -200.0, -200.0, -0.00390625, 0.0020751953125, 0.5767822265625, 0.81683349609375, 70.44780520716829, 72.46753528245908
3.9002075879834592, -200.0, -200.0, -0.00390625, 0.0020751953125, 0.5767822265625, 0.81683349609375, 70.44780520716829, 72.46753528245908
3.9101882639806718, -200.0, -200.0, -0.003173828125, 0.002197265625, 0.53302001953125, 0.84600830078125, 64.41713280186636, 72.46753528245908
3.9207302869763225, -200.0, -200.0, -0.003173828125, 0.002197265625, 0.53302001953125, 0.84600830078125, 64.41713280186636, 72.46753528245908
3.9301967970095575, -200.0, -200.0, -0.003173828125, 0.002197265625, 0.53302001953125, 0.84600830078125, 64.41713280186636, 72.46753528245908
3.9403712829807773, -200.0, -200.0, -0.003173828125, 0.002197265625, 0.53302001953125, 0.84600830078125, 64.41713280186636, 72.46753528245908
3.9507228209404275, -200.0, -200.0, -0.00054931640625, 0.0025634765625, 0.47235107421875, 0.88134765625, 56.3726908008249, 72.46753528245908
3.960154826985672, -200.0, -200.0, -0.00054931640625, 0.0025634765625, 0.47235107421875, 0.88134765625, 56.3726908008249, 72.46753528245908
3.970160827971995, -200.0, -200.0, -0.00054931640625, 0.0025634765625, 0.47235107421875, 0.88134765625, 56.3726908008249, 72.46753528245908
3.9802526329876855, -200.0, -200.0, 0.00323486328125, 0.00299072265625, 0.41729736328125, 0.90869140625, 49.327202420026424, 72.46753528245908
3.9901730719720945, -200.0, -200.0, 0.00323486328125, 0.00299072265625, 0.41729736328125, 0.90869140625, 49.327202420026424, 72.46753528245908
4.000204068026505, -200.0, -200.0, 0.00323486328125, 0.00299072265625, 0.41729736328125, 0.90869140625, 49.327202420026424, 72.46753528245908
4.010269223945215, 0.0, 0.0, 0.00531005859375, 0.00323486328125, 0.37725830078125, 0.926025390625, 44.3276059365362, 72.46753528245908
4.020175806013867, 0.0, 0.0, 0.00531005859375, 0.00323486328125, 0.37725830078125, 0.926025390625, 44.3276059365362, 32.4379241609408
4.030187129043043, 0.0, 0.0, 0.00531005859375, 0.00323486328125, 0.37725830078125, 0.926025390625, 44.3276059365362, 32.4379241609408
4.0401925259502605, 0.0, 0.0, 0.00531005859375, 0.00323486328125, 0.37725830078125, 0.926025390625, 44.3276059365362, 32.4379241609408
4.0505455390084535, 0.0, 0.0, 0.007080078125, 0.00421142578125, 0.312255859375, 0.94989013671875, 36.391311752222634, 32.4379241609408
4.0601562729571015, 0.0, 0.0, 0.007080078125, 0.00421142578125, 0.312255859375, 0.94989013671875, 36.391311752222634, 32.4379241609408
4.07014987396542, 0.0, 0.0, 0.007080078125, 0.00421142578125, 0.312255859375, 0.94989013671875, 36.391311752222634, 32.4379241609408
4.080172915011644, 0.0, 0.0, 0.00738525390625, 0.004638671875, 0.2708740234375, 0.9625244140625, 31.434807380043274, 32.4379241609408
4.090150372008793, 0.0, 0.0, 0.00738525390625, 0.004638671875, 0.2708740234375, 0.9625244140625, 31.434807380043274, 32.4379241609408
4.100324581027962, 0.0, 0.0, 0.007080078125, 0.0047607421875, 0.220458984375, 0.975341796875, 25.47534779867447, 32.4379241609408
4.110154310008511, 0.0, 0.0, 0.007080078125, 0.0047607421875, 0.220458984375, 0.975341796875, 25.47534779867447, 32.4379241609408
4.120147033943795, 0.0, 0.0, 0.007080078125, 0.0047607421875, 0.220458984375, 0.975341796875, 25.47534779867447, 32.4379241609408
4.13027937093284, 0.0, 0.0, 0.007080078125, 0.0047607421875, 0.220458984375, 0.975341796875, 25.47534779867447, 32.4379241609408
4.140154442982748, 0.0, 0.0, 0.007080078125, 0.0047607421875, 0.220458984375, 0.975341796875, 25.47534779867447, 32.4379241609408
4.150232012965716, 0.0, 0.0, 0.005859375, 0.004638671875, 0.143310546875, 0.9896240234375, 16.48175760994681, 32.4379241609408
4.160183273954317, 0.0, 0.0, 0.005859375, 0.004638671875, 0.143310546875, 0.9896240234375, 16.48175760994681, 32.4379241609408
4.170164776965976, 0.0, 0.0, 0.005859375, 0.004638671875, 0.143310546875, 0.9896240234375, 16.48175760994681, 32.4379241609408
4.180149146006443, 0.0, 0.0, 0.00543212890625, 0.004638671875, 0.09161376953125, 0.9957275390625, 10.515502354582146, 32.4379241609408
4.19014707102906, 0.0, 0.0, 0.00543212890625, 0.004638671875, 0.09161376953125, 0.9957275390625, 10.515502354582146, 32.4379241609408
4.200364197953604, 0.0, 0.0, 0.00543212890625, 0.004638671875, 0.09161376953125, 0.9957275390625, 10.515502354582146, 32.4379241609408
4.210736255045049, 0.0, 0.0, 0.00531005859375, 0.00433349609375, 0.041259765625, 0.99908447265625, 4.731867309840366, 32.4379241609408
4.220349736046046, 0.0, 0.0, 0.00531005859375, 0.00433349609375, 0.041259765625, 0.99908447265625, 4.731867309840366, -5.606305501884737
4.230332400999032, 0.0, 0.0, 0.00531005859375, 0.00433349609375, 0.041259765625, 0.99908447265625, 4.731867309840366, -5.606305501884737
4.240326886996627, 0.0, 0.0, 0.00531005859375, 0.00433349609375, 0.041259765625, 0.99908447265625, 4.731867309840366, -5.606305501884737
4.250265014008619, 0.0, 0.0, 0.0050048828125, 0.00360107421875, -0.0208740234375, 0.999755859375, -2.3900963737812906, -5.606305501884737
4.2601823839358985, 0.0, 0.0, 0.0050048828125, 0.00360107421875, -0.0208740234375, 0.999755859375, -2.3900963737812906, -5.606305501884737
4.270269548986107, 0.0, 0.0, 0.0050048828125, 0.00360107421875, -0.0208740234375, 0.999755859375, -2.3900963737812906, -5.606305501884737
4.280473610968329, 0.0, 0.0, 0.00445556640625, 0.00335693359375, -0.06207275390625, 0.998046875, -7.115873862397437, -5.606305501884737
4.290294333943166, 0.0, 0.0, 0.00445556640625, 0.00335693359375, -0.06207275390625, 0.998046875, -7.115873862397437, -5.606305501884737
4.300774974981323, 0.0, 0.0, 0.00445556640625, 0.00335693359375, -0.06207275390625, 0.998046875, -7.115873862397437, -5.606305501884737
4.311688318965025, 0.0, 0.0, 0.00421142578125, 0.00299072265625, -0.09820556640625, 0.9951171875, -11.269941170512373, -5.606305501884737
4.320159835042432, 0.0, 0.0, 0.00421142578125, 0.00299072265625, -0.09820556640625, 0.9951171875, -11.269941170512373, -5.606305501884737
4.3301760640461, 0.0, 0.0, 0.00421142578125, 0.00299072265625, -0.09820556640625, 0.9951171875, -11.269941170512373, -5.606305501884737
4.34018560894765, 0.0, 0.0, 0.00421142578125, 0.00299072265625, -0.09820556640625, 0.9951171875, -11.269941170512373, -5.606305501884737
4.350164400995709, 0.0, 0.0, 0.00421142578125, 0.0018310546875, -0.13897705078125, 0.990234375, -15.9756326328859, -5.606305501884737
4.36036905599758, 0.0, 0.0, 0.00421142578125, 0.0018310546875, -0.13897705078125, 0.990234375, -15.9756326328859, -5.606305501884737
4.3703005539719015, 0.0, 0.0, 0.00421142578125, 0.0018310546875, -0.13897705078125, 0.990234375, -15.9756326328859, -5.606305501884737
4.380361465038732, 0.0, 0.0, 0.0040283203125, 0.0010986328125, -0.164794921875, 0.98626708984375, -18.969122762272598, -5.606305501884737
4.390162084018812, 0.0, 0.0, 0.0040283203125, 0.0010986328125, -0.164794921875, 0.98626708984375, -18.969122762272598, -5.606305501884737
4.400301401969045, 0.0, 0.0, 0.0040283203125, 0.0010986328125, -0.164794921875, 0.98626708984375, -18.969122762272598, -5.606305501884737
4.410408594994806, 0.0, 0.0, 0.00390625, 0.00079345703125, -0.187255859375, 0.98223876953125, -21.583616393546823, -5.606305501884737
4.420182744041085, 0.0, 0.0, 0.00390625, 0.00079345703125, -0.187255859375, 0.98223876953125, -21.583616393546823, -25.81394181706532
4.43024996004533, 0.0, 0.0, 0.00390625, 0.00079345703125, -0.187255859375, 0.98223876953125, -21.583616393546823, -25.81394181706532
4.440209515974857, 0.0, 0.0, 0.00390625, 0.00079345703125, -0.187255859375, 0.98223876953125, -21.583616393546823, -25.81394181706532
4.450868985964917, 0.0, 0.0, 0.0035400390625, 0.00054931640625, -0.21258544921875, 0.97711181640625, -24.54695090074702, -25.81394181706532
4.460326393018477, 0.0, 0.0, 0.0035400390625, 0.00054931640625, -0.21258544921875, 0.97711181640625, -24.54695090074702, -25.81394181706532
4.470208326005377, 0.0, 0.0, 0.0035400390625, 0.00054931640625, -0.21258544921875, 0.97711181640625, -24.54695090074702, -25.81394181706532
4.480178168974817, 0.0, 0.0, 0.0035400390625, 0.00054931640625, -0.21258544921875, 0.97711181640625, -24.54695090074702, -25.81394181706532
4.490334403002635, 0.0, 0.0, 0.00250244140625, 0.00079345703125, -0.230712890625, 0.97296142578125, -26.676493577045694, -25.81394181706532
4.500395715935156, 0.0, 0.0, 0.00250244140625, 0.00079345703125, -0.230712890625, 0.97296142578125, -26.676493577045694, -25.81394181706532
4.510323988040909, 0.0, 0.0, 0.00250244140625, 0.00079345703125, -0.230712890625, 0.97296142578125, -26.676493577045694, -25.81394181706532
4.520729506970383, 0.0, 0.0, 0.001708984375, 0.00103759765625, -0.2437744140625, 0.96978759765625, -28.21762122248162, -25.81394181706532
4.530312801944092, 0.0, 0.0, 0.001708984375, 0.00103759765625, -0.2437744140625, 0.96978759765625, -28.21762122248162, -25.81394181706532
4.540181427029893, 0.0, 0.0, 0.001708984375, 0.00103759765625, -0.2437744140625, 0.96978759765625, -28.21762122248162, -25.81394181706532
4.550318196997978, 0.0, 0.0, 0.00067138671875, 0.001220703125, -0.2562255859375, 0.966552734375, -29.69080150156552, -25.81394181706532
4.5606627319939435, 0.0, 0.0, 0.00067138671875, 0.001220703125, -0.2562255859375, 0.966552734375, -29.69080150156552, -25.81394181706532
4.570232372963801, 0.0, 0.0, 0.00067138671875, 0.001220703125, -0.2562255859375, 0.966552734375, -29.69080150156552, -25.81394181706532
4.580773351015523, 0.0, 0.0, 0.0, 0.0015869140625, -0.26470947265625, 0.96429443359375, -30.69864703713391, -25.81394181706532
4.59015038900543, 0.0, 0.0, 0.0, 0.0015869140625, -0.26470947265625, 0.96429443359375, -30.69864703713391, -25.81394181706532
4.600163265014999, 0.0, 0.0, 0.0, 0.0015869140625, -0.26470947265625, 0.96429443359375, -30.69864703713391, -25.81394181706532
4.6107840379700065, 0.0, 0.0, -0.000732421875, 0.00189208984375, -0.2716064453125, 0.96234130859375, -31.518333789367066, -25.81394181706532
4.6203703810460865, 0.0, 0.0, -0.000732421875, 0.00189208984375, -0.2716064453125, 0.96234130859375, -31.518333789367066, -32.742041748830204
4.630653392989188, 0.0, 0.0, -0.000732421875, 0.00189208984375, -0.2716064453125, 0.96234130859375, -31.518333789367066, -32.742041748830204
4.640556478989311, 0.0, 0.0, -0.000732421875, 0.00189208984375, -0.2716064453125, 0.96234130859375, -31.518333789367066, -32.742041748830204
4.650595713988878, 0.0, 0.0, -0.00164794921875, 0.00177001953125, -0.27813720703125, 0.96051025390625, -32.29775410955625, -32.742041748830204
4.660129240946844, 0.0, 0.0, -0.00164794921875, 0.00177001953125, -0.27813720703125, 0.96051025390625, -32.29775410955625, -32.742041748830204
4.670237515005283, 0.0, 0.0, -0.00164794921875, 0.00177001953125, -0.27813720703125, 0.96051025390625, -32.29775410955625, -32.742041748830204
4.680285212001763, 0.0, 0.0, -0.00274658203125, 0.00146484375, -0.282470703125, 0.959228515625, -32.81466996953485, -32.742041748830204
4.690259805996902, 0.0, 0.0, -0.00274658203125, 0.00146484375, -0.282470703125, 0.959228515625, -32.81466996953485, -32.742041748830204
4.700148607022129, 0.0, 0.0, -0.00274658203125, 0.00146484375, -0.282470703125, 0.959228515625, -32.81466996953485, -32.742041748830204
4.71046886802651, 0.0, 0.0, -0.00445556640625, 0.0010986328125, -0.28631591796875, 0.95806884765625, -33.27376963702893, -32.742041748830204
4.720119058038108, 0.0, 0.0, -0.00445556640625, 0.0010986328125, -0.28631591796875, 0.95806884765625, -33.27376963702893, -32.742041748830204
4.730163180967793, 0.0, 0.0, -0.00445556640625, 0.0010986328125, -0.28631591796875, 0.95806884765625, -33.27376963702893, -32.742041748830204
4.740463178022765, 0.0, 0.0, -0.00689697265625, 0.00103759765625, -0.2896728515625, 0.95703125, -33.67488355872171, -32.742041748830204
4.750464378972538, 0.0, 0.0, -0.00689697265625, 0.00103759765625, -0.2896728515625, 0.95703125, -33.67488355872171, -32.742041748830204
4.760323705035262, 0.0, 0.0, -0.00689697265625, 0.00103759765625, -0.2896728515625, 0.95703125, -33.67488355872171, -32.742041748830204
4.770199864986353, 0.0, 0.0, -0.0087890625, 0.001708984375, -0.29132080078125, 0.95654296875, -33.87342434558919, -32.742041748830204
4.780199208995327, 0.0, 0.0, -0.0087890625, 0.001708984375, -0.29132080078125, 0.95654296875, -33.87342434558919, -32.742041748830204
4.790429036947899, 0.0, 0.0, -0.0087890625, 0.001708984375, -0.29132080078125, 0.95654296875, -33.87342434558919, -32.742041748830204
4.800261463969946, 0.0, 0.0, -0.0087890625, 0.001708984375, -0.29132080078125, 0.95654296875, -33.87342434558919, -32.742041748830204
4.810269403038546, 0.0, 0.0, -0.0106201171875, 0.003662109375, -0.2939453125, 0.95574951171875, -34.191132650992515, -32.742041748830204
4.820199855021201, 0.0, 0.0, -0.0106201171875, 0.003662109375, -0.2939453125, 0.95574951171875, -34.191132650992515, -34.4691985144405
4.830185903003439, 0.0, 0.0, -0.0106201171875, 0.003662109375, -0.2939453125, 0.95574951171875, -34.191132650992515, -34.4691985144405
4.840332872932777, 0.0, 0.0, -0.01116943359375, 0.00482177734375, -0.2952880859375, 0.95526123046875, -34.35211715261749, -34.4691985144405
4.85008259001188, 0.0, 0.0, -0.01116943359375, 0.00482177734375, -0.2952880859375, 0.95526123046875, -34.35211715261749, -34.4691985144405
4.860228664940223, 0.0, 0.0, -0.01116943359375, 0.00482177734375, -0.2952880859375, 0.95526123046875, -34.35211715261749, -34.4691985144405
4.8706021489342675, 0.0, 0.0, -0.0107421875, 0.00482177734375, -0.296630859375, 0.95489501953125, -34.51439122104916, -34.4691985144405
4.8801988259656355, 0.0, 0.0, -0.0107421875, 0.00482177734375, -0.296630859375, 0.95489501953125, -34.51439122104916, -34.4691985144405
4.890138959046453, 0.0, 0.0, -0.0107421875, 0.00482177734375, -0.296630859375, 0.95489501953125, -34.51439122104916, -34.4691985144405
4.900257323984988, 0.0, 0.0, -0.0107421875, 0.00482177734375, -0.296630859375, 0.95489501953125, -34.51439122104916, -34.4691985144405
4.910115655977279, 0.0, 0.0, -0.0107421875, 0.00482177734375, -0.296630859375, 0.95489501953125, -34.51439122104916, -34.4691985144405
4.9201562739908695, 0.0, 0.0, -0.00970458984375, 0.00445556640625, -0.2977294921875, 0.95452880859375, -34.64452438246031, -34.4691985144405
4.930228536017239, 0.0, 0.0, -0.00970458984375, 0.00445556640625, -0.2977294921875, 0.95452880859375, -34.64452438246031, -34.4691985144405
4.940328837023117, 0.0, 0.0, -0.008544921875, 0.00445556640625, -0.298095703125, 0.9544677734375, -34.68949099774267, -34.4691985144405
4.9501277699600905, 0.0, 0.0, -0.008544921875, 0.00445556640625, -0.298095703125, 0.9544677734375, -34.68949099774267, -34.4691985144405
4.960147188976407, 0.0, 0.0, -0.008544921875, 0.00445556640625, -0.298095703125, 0.9544677734375, -34.68949099774267, -34.4691985144405
4.97030820697546, 0.0, 0.0, -0.00738525390625, 0.00408935546875, -0.2982177734375, 0.95440673828125, -34.70255594101456, -34.4691985144405
4.980193992960267, 0.0, 0.0, -0.00738525390625, 0.00408935546875, -0.2982177734375, 0.95440673828125, -34.70255594101456, -34.4691985144405
4.99031617899891, 0.0, 0.0, -0.00738525390625, 0.00408935546875, -0.2982177734375, 0.95440673828125, -34.70255594101456, -34.4691985144405
5.000566200003959, 0.0, 0.0, -0.00738525390625, 0.00408935546875, -0.2982177734375, 0.95440673828125, -34.70255594101456, -34.4691985144405
5.010237597045489, 0.0, 0.0, -0.00738525390625, 0.00408935546875, -0.2982177734375, 0.95440673828125, -34.70255594101456, -34.4691985144405
5.0204363480443135, 0.0, 0.0, -0.00604248046875, 0.00250244140625, -0.29852294921875, 0.954345703125, -34.73805663640374, -34.79008763183687
5.030175419989973, 0.0, 0.0, -0.00604248046875, 0.00250244140625, -0.29852294921875, 0.954345703125, -34.73805663640374, -34.79008763183687
5.0401472699595615, 0.0, 0.0, -0.0047607421875, 0.00128173828125, -0.29876708984375, 0.95428466796875, -34.766651140161834, -34.79008763183687
5.050208659027703, 0.0, 0.0, -0.0047607421875, 0.00128173828125, -0.29876708984375, 0.95428466796875, -34.766651140161834, -34.79008763183687
5.06013004493434, 0.0, 0.0, -0.0047607421875, 0.00128173828125, -0.29876708984375, 0.95428466796875, -34.766651140161834, -34.79008763183687
5.070166229037568, 0.0, 0.0, -0.00341796875, 0.0006103515625, -0.2989501953125, 0.9542236328125, -34.78807299946749, -34.79008763183687
5.080120002035983, 0.0, 0.0, -0.00341796875, 0.0006103515625, -0.2989501953125, 0.9542236328125, -34.78807299946749, -34.79008763183687
5.090165633941069, 0.0, 0.0, -0.00341796875, 0.0006103515625, -0.2989501953125, 0.9542236328125, -34.78807299946749, -34.79008763183687
5.100147056975402, 0.0, 0.0, -0.00341796875, 0.0006103515625, -0.2989501953125, 0.9542236328125, -34.78807299946749, -34.79008763183687
5.110209709964693, 0.0, 0.0, -0.00341796875, 0.0006103515625, -0.2989501953125, 0.9542236328125, -34.78807299946749, -34.79008763183687
5.120594752021134, 0.0, 0.0, -0.0006103515625, -0.00054931640625, -0.2989501953125, 0.9542236328125, -34.78784048558683, -34.79008763183687
5.130165513022803, 0.0, 0.0, -0.0006103515625, -0.00054931640625, -0.2989501953125, 0.9542236328125, -34.78784048558683, -34.79008763183687
5.1403880779398605, 0.0, 0.0, -0.0006103515625, -0.00054931640625, -0.2989501953125, 0.9542236328125, -34.78784048558683, -34.79008763183687
5.150487942970358, 0.0, 0.0, 0.0023193359375, -0.00189208984375, -0.2987060546875, 0.95428466796875, -34.75875046761237, -34.79008763183687
5.16012153995689, 0.0, 0.0, 0.0023193359375, -0.00189208984375, -0.2987060546875, 0.95428466796875, -34.75875046761237, -34.79008763183687
5.170197819010355, 0.0, 0.0, 0.0023193359375, -0.00189208984375, -0.2987060546875, 0.95428466796875, -34.75875046761237, -34.79008763183687
5.18026308901608, 0.0, 0.0, 0.0045166015625, -0.003173828125, -0.29833984375, 0.95440673828125, -34.71635415618827, -34.79008763183687
5.190516585949808, 0.0, 0.0, 0.0045166015625, -0.003173828125, -0.29833984375, 0.95440673828125, -34.71635415618827, -34.79008763183687
5.2001974519807845, 0.0, 0.0, 0.0045166015625, -0.003173828125, -0.29833984375, 0.95440673828125, -34.71635415618827, -34.79008763183687
5.210165060008876, 0.0, 0.0, 0.0045166015625, -0.003173828125, -0.29833984375, 0.95440673828125, -34.71635415618827, -34.79008763183687
5.220456767943688, 0.0, 0.0, 0.0069580078125, -0.00494384765625, -0.29840087890625, 0.954345703125, -34.7253304357741, -34.79008763183687
5.230370025965385, 0.0, 0.0, 0.0069580078125, -0.00494384765625, -0.29840087890625, 0.954345703125, -34.7253304357741, -34.78394387667844
5.240746135008521, 0.0, 0.0, 0.00836181640625, -0.005859375, -0.2987060546875, 0.95428466796875, -34.764959120077904, -34.78394387667844
5.250493870000355, 0.0, 0.0, 0.00836181640625, -0.005859375, -0.2987060546875, 0.95428466796875, -34.764959120077904, -34.78394387667844
5.260341165005229, 0.0, 0.0, 0.00836181640625, -0.005859375, -0.2987060546875, 0.95428466796875, -34.764959120077904, -34.78394387667844
5.270139549043961, 0.0, 0.0, 0.00836181640625, -0.005859375, -0.2987060546875, 0.95428466796875, -34.764959120077904, -34.78394387667844
5.280179401044734, 0.0, 0.0, 0.00811767578125, -0.00537109375, -0.298828125, 0.9542236328125, -34.77810845079372, -34.78394387667844
5.2902311029611155, 0.0, 0.0, 0.00811767578125, -0.00537109375, -0.298828125, 0.9542236328125, -34.77810845079372, -34.78394387667844
5.3001762989442796, 0.0, 0.0, 0.00811767578125, -0.00537109375, -0.298828125, 0.9542236328125, -34.77810845079372, -34.78394387667844
5.310480896034278, 0.0, 0.0, 0.00811767578125, -0.00537109375, -0.298828125, 0.9542236328125, -34.77810845079372, -34.78394387667844
5.320785501971841, 0.0, 0.0, 0.006591796875, -0.004150390625, -0.298583984375, 0.95428466796875, -34.74607388147248, -34.78394387667844
5.330348651972599, 0.0, 0.0, 0.006591796875, -0.004150390625, -0.298583984375, 0.95428466796875, -34.74607388147248, -34.78394387667844
5.340261236997321, 0.0, 0.0, 0.006591796875, -0.004150390625, -0.298583984375, 0.95428466796875, -34.74607388147248, -34.78394387667844
5.351026201038621, 0.0, 0.0, 0.0054931640625, -0.00372314453125, -0.29840087890625, 0.954345703125, -34.723326159557224, -34.78394387667844
5.360320008941926, 0.0, 0.0, 0.0054931640625, -0.00372314453125, -0.29840087890625, 0.954345703125, -34.723326159557224, -34.78394387667844
5.3701847669435665, 0.0, 0.0, 0.0054931640625, -0.00372314453125, -0.29840087890625, 0.954345703125, -34.723326159557224, -34.78394387667844
5.380149392993189, 0.0, 0.0, 0.00384521484375, -0.00262451171875, -0.298095703125, 0.9544677734375, -34.68600902558048, -34.78394387667844
5.390148628037423, 0.0, 0.0, 0.00384521484375, -0.00262451171875, -0.298095703125, 0.9544677734375, -34.68600902558048, -34.78394387667844
5.400199185940437, 0.0, 0.0, 0.00384521484375, -0.00262451171875, -0.298095703125, 0.9544677734375, -34.68600902558048, -34.78394387667844
5.410132484976202, 0.0, 0.0, 0.00384521484375, -0.00262451171875, -0.298095703125, 0.9544677734375, -34.68600902558048, -34.78394387667844
5.420318637043238, 0.0, 0.0, 0.00115966796875, -0.00030517578125, -0.297607421875, 0.95465087890625, -34.62689997072232, -34.78394387667844
5.430259904940613, 0.0, 0.0, 0.00115966796875, -0.00030517578125, -0.297607421875, 0.95465087890625, -34.62689997072232, -34.56315801175778
5.440313959028572, 0.0, 0.0, -0.0008544921875, 0.000732421875, -0.2972412109375, 0.95477294921875, -34.58322541079239, -34.56315801175778
5.45023646694608, 0.0, 0.0, -0.0008544921875, 0.000732421875, -0.2972412109375, 0.95477294921875, -34.58322541079239, -34.56315801175778
5.4603963260306045, 0.0, 0.0, -0.0008544921875, 0.000732421875, -0.2972412109375, 0.95477294921875, -34.58322541079239, -34.56315801175778
5.470167796942405, 0.0, 0.0, -0.0008544921875, 0.000732421875, -0.2972412109375, 0.95477294921875, -34.58322541079239, -34.56315801175778
5.480856752023101, 0.0, 0.0, -0.003173828125, 0.001953125, -0.296875, 0.95489501953125, -34.540244642952416, -34.56315801175778
5.490180955966935, 0.0, 0.0, -0.003173828125, 0.001953125, -0.296875, 0.95489501953125, -34.540244642952416, -34.56315801175778
5.500519401975907, 0.0, 0.0, -0.003173828125, 0.001953125, -0.296875, 0.95489501953125, -34.540244642952416, -34.56315801175778
5.510308888973668, 0.0, 0.0, -0.003173828125, 0.001953125, -0.296875, 0.95489501953125, -34.540244642952416, -34.56315801175778
5.520467018010095, 0.0, 0.0, -0.006591796875, 0.00390625, -0.2967529296875, 0.95489501953125, -34.52712247039173, -34.56315801175778
5.530616346979514, 0.0, 0.0, -0.006591796875, 0.00390625, -0.2967529296875, 0.95489501953125, -34.52712247039173, -34.56315801175778
5.540703205042519, 0.0, 0.0, -0.0098876953125, 0.00543212890625, -0.2967529296875, 0.954833984375, -34.528977890810765, -34.56315801175778
5.550242905970663, 0.0, 0.0, -0.0098876953125, 0.00543212890625, -0.2967529296875, 0.954833984375, -34.528977890810765, -34.56315801175778
5.5604255789658055, 0.0, 0.0, -0.0098876953125, 0.00543212890625, -0.2967529296875, 0.954833984375, -34.528977890810765, -34.56315801175778
5.570179436937906, 0.0, 0.0, -0.0133056640625, 0.006591796875, -0.2967529296875, 0.95477294921875, -34.531383251822334, -34.56315801175778
5.580135333002545, 0.0, 0.0, -0.0133056640625, 0.006591796875, -0.2967529296875, 0.95477294921875, -34.531383251822334, -34.56315801175778
5.590440036030486, 0.0, 0.0, -0.0133056640625, 0.006591796875, -0.2967529296875, 0.95477294921875, -34.531383251822334, -34.56315801175778
5.600153576000594, 0.0, 0.0, -0.0133056640625, 0.006591796875, -0.2967529296875, 0.95477294921875, -34.531383251822334, -34.56315801175778
5.61017581995111, 0.0, 0.0, -0.0164794921875, 0.00830078125, -0.2969970703125, 0.95465087890625, -34.56567002003891, -34.56315801175778
5.620168649009429, 0.0, 0.0, -0.0164794921875, 0.00830078125, -0.2969970703125, 0.95465087890625, -34.56567002003891, -34.6199817705577
5.630142439971678, 0.0, 0.0, -0.0164794921875, 0.00830078125, -0.2969970703125, 0.95465087890625, -34.56567002003891, -34.6199817705577
5.640173509018496, 0.0, 0.0, -0.0164794921875, 0.00830078125, -0.2969970703125, 0.95465087890625, -34.56567002003891, -34.6199817705577
5.650556282023899, 0.0, 0.0, -0.015869140625, 0.0096435546875, -0.2972412109375, 0.95458984375, -34.59848415209218, -34.6199817705577
5.660178376012482, 0.0, 0.0, -0.015869140625, 0.0096435546875, -0.2972412109375, 0.95458984375, -34.59848415209218, -34.6199817705577
5.670212693978101, 0.0, 0.0, -0.015869140625, 0.0096435546875, -0.2972412109375, 0.95458984375, -34.59848415209218, -34.6199817705577
5.680354095995426, 0.0, 0.0, -0.014404296875, 0.01092529296875, -0.29742431640625, 0.95452880859375, -34.62247077178832, -34.6199817705577
5.6901787699898705, 0.0, 0.0, -0.014404296875, 0.01092529296875, -0.29742431640625, 0.95452880859375, -34.62247077178832, -34.6199817705577
5.700310894986615, 0.0, 0.0, -0.014404296875, 0.01092529296875, -0.29742431640625, 0.95452880859375, -34.62247077178832, -34.6199817705577
5.710346605046652, 0.0, 0.0, -0.01214599609375, 0.01202392578125, -0.29766845703125, 0.9544677734375, -34.65276955169749, -34.6199817705577
5.720130368019454, 0.0, 0.0, -0.01214599609375, 0.01202392578125, -0.29766845703125, 0.9544677734375, -34.65276955169749, -34.6199817705577
5.730173676041886, 0.0, 0.0, -0.01214599609375, 0.01202392578125, -0.29766845703125, 0.9544677734375, -34.65276955169749, -34.6199817705577
5.740210758987814, 0.0, 0.0, -0.0108642578125, 0.0123291015625, -0.2977294921875, 0.9544677734375, -34.6599740181527, -34.6199817705577
5.75016478903126, 0.0, 0.0, -0.0108642578125, 0.0123291015625, -0.2977294921875, 0.9544677734375, -34.6599740181527, -34.6199817705577
5.760121128987521, 0.0, 0.0, -0.0108642578125, 0.0123291015625, -0.2977294921875, 0.9544677734375, -34.6599740181527, -34.6199817705577
5.770169603987597, 0.0, 0.0, -0.0108642578125, 0.0123291015625, -0.2977294921875, 0.9544677734375, -34.6599740181527, -34.6199817705577
5.780173043021932, 0.0, 0.0, -0.01007080078125, 0.0126953125, -0.29766845703125, 0.9544677734375, -34.65213606091743, -34.6199817705577
5.7901409909827635, 0.0, 0.0, -0.01007080078125, 0.0126953125, -0.29766845703125, 0.9544677734375, -34.65213606091743, -34.6199817705577
5.800139543949626, 0.0, 0.0, -0.01007080078125, 0.0126953125, -0.29766845703125, 0.9544677734375, -34.65213606091743, -34.6199817705577
5.810132010956295, 0.0, 0.0, -0.01031494140625, 0.013427734375, -0.29754638671875, 0.95452880859375, -34.640379461942594, -34.6199817705577
5.8201243579387665, 0.0, 0.0, -0.01031494140625, 0.013427734375, -0.29754638671875, 0.95452880859375, -34.640379461942594, -34.66473316999962
5.83018320298288, 0.0, 0.0, -0.0108642578125, 0.01416015625, -0.29754638671875, 0.9544677734375, -34.640379461942594, -34.66473316999962
5.840242036036216, 0.0, 0.0, -0.0108642578125, 0.01416015625, -0.29754638671875, 0.9544677734375, -34.64142928522265, -34.66473316999962
5.850127705954947, 0.0, 0.0, -0.0108642578125, 0.01416015625, -0.29754638671875, 0.9544677734375, -34.64142928522265, -34.66473316999962
5.860137142939493, 0.0, 0.0, -0.0108642578125, 0.01416015625, -0.29754638671875, 0.9544677734375, -34.64142928522265, -34.66473316999962
5.870131573989056, 0.0, 0.0, -0.0108642578125, 0.01416015625, -0.29754638671875, 0.9544677734375, -34.64142928522265, -34.66473316999962
5.880333304987289, 0.0, 0.0, -0.01031494140625, 0.013916015625, -0.2977294921875, 0.9544677734375, -34.66359351924086, -34.66473316999962
5.890296743018553, 0.0, 0.0, -0.01031494140625, 0.013916015625, -0.2977294921875, 0.9544677734375, -34.66359351924086, -34.66473316999962
5.900174114969559, 0.0, 0.0, -0.01031494140625, 0.013916015625, -0.2977294921875, 0.9544677734375, -34.66359351924086, -34.66473316999962
5.910377932945266, 0.0, 0.0, -0.00897216796875, 0.01312255859375, -0.297607421875, 0.95452880859375, -34.645753520827256, -34.66473316999962
5.920540706953034, 0.0, 0.0, -0.00897216796875, 0.01312255859375, -0.297607421875, 0.95452880859375, -34.645753520827256, -34.66473316999962
5.930173228960484, 0.0, 0.0, -0.00897216796875, 0.01312255859375, -0.297607421875, 0.95452880859375, -34.645753520827256, -34.66473316999962
5.941164874937385, 0.0, 0.0, -0.00738525390625, 0.011962890625, -0.29754638671875, 0.95458984375, -34.63493928032348, -34.66473316999962
5.950248177046888, 0.0, 0.0, -0.00738525390625, 0.011962890625, -0.29754638671875, 0.95458984375, -34.63493928032348, -34.66473316999962
5.960171347949654, 0.0, 0.0, -0.00738525390625, 0.011962890625, -0.29754638671875, 0.95458984375, -34.63493928032348, -34.66473316999962
5.970346399000846, 0.0, 0.0, -0.00738525390625, 0.011962890625, -0.29754638671875, 0.95458984375, -34.63493928032348, -34.66473316999962
5.980234071961604, 0.0, 0.0, -0.004150390625, 0.00946044921875, -0.297607421875, 0.95458984375, -34.63467894251569, -34.66473316999962
5.990160253015347, 0.0, 0.0, -0.004150390625, 0.00946044921875, -0.297607421875, 0.95458984375, -34.63467894251569, -34.66473316999962
6.0001426639501005, 0.0, 0.0, -0.004150390625, 0.00946044921875, -0.297607421875, 0.95458984375, -34.63467894251569, -34.66473316999962
6.010307176969945, 0.0, 0.0, -0.002685546875, 0.0079345703125, -0.29779052734375, 0.95452880859375, -34.653126078691606, -34.66473316999962
6.020142894005403, 0.0, 0.0, -0.002685546875, 0.0079345703125, -0.29779052734375, 0.95452880859375, -34.653126078691606, -34.727321608459036
6.030356697971001, 0.0, 0.0, -0.002685546875, 0.0079345703125, -0.29779052734375, 0.95452880859375, -34.653126078691606, -34.727321608459036
6.040208913967945, 0.0, 0.0, -0.00213623046875, 0.00653076171875, -0.298095703125, 0.9544677734375, -34.68870504214568, -34.727321608459036
6.050638246000744, 0.0, 0.0, -0.00213623046875, 0.00653076171875, -0.298095703125, 0.9544677734375, -34.68870504214568, -34.727321608459036
6.060244409949519, 0.0, 0.0, -0.00213623046875, 0.00653076171875, -0.298095703125, 0.9544677734375, -34.68870504214568, -34.727321608459036
6.070119561976753, 0.0, 0.0, -0.00213623046875, 0.00653076171875, -0.298095703125, 0.9544677734375, -34.68870504214568, -34.727321608459036
6.080253619002178, 0.0, 0.0, -0.0013427734375, 0.0037841796875, -0.298583984375, 0.954345703125, -34.745502455541306, -34.727321608459036
6.090129183954559, 0.0, 0.0, -0.0013427734375, 0.0037841796875, -0.298583984375, 0.954345703125, -34.745502455541306, -34.727321608459036
6.100181187968701, 0.0, 0.0, -0.0013427734375, 0.0037841796875, -0.298583984375, 0.954345703125, -34.745502455541306, -34.727321608459036
6.110166879021563, 0.0, 0.0, -0.0013427734375, 0.0037841796875, -0.298583984375, 0.954345703125, -34.745502455541306, -34.727321608459036
6.120190607034601, 0.0, 0.0, -0.00042724609375, 0.00091552734375, -0.29876708984375, 0.95428466796875, -34.76606095955888, -34.727321608459036
6.130320483935066, 0.0, 0.0, -0.00042724609375, 0.00091552734375, -0.29876708984375, 0.95428466796875, -34.76606095955888, -34.727321608459036
6.140290005016141, 0.0, 0.0, -0.00042724609375, 0.00091552734375, -0.29876708984375, 0.95428466796875, -34.76606095955888, -34.727321608459036
6.150310765951872, 0.0, 0.0, 0.00030517578125, -0.00140380859375, -0.29888916015625, 0.9542236328125, -34.780154536026394, -34.727321608459036
6.1603285380406305, 0.0, 0.0, 0.00030517578125, -0.00140380859375, -0.29888916015625, 0.9542236328125, -34.780154536026394, -34.727321608459036
6.170248807989992, 0.0, 0.0, 0.00030517578125, -0.00140380859375, -0.29888916015625, 0.9542236328125, -34.780154536026394, -34.727321608459036
6.180137987015769, 0.0, 0.0, 0.0010986328125, -0.0032958984375, -0.2989501953125, 0.9542236328125, -34.78890332294608, -34.727321608459036
6.190095525002107, 0.0, 0.0, 0.0010986328125, -0.0032958984375, -0.2989501953125, 0.9542236328125, -34.78890332294608, -34.727321608459036
6.200234277988784, 0.0, 0.0, 0.0010986328125, -0.0032958984375, -0.2989501953125, 0.9542236328125, -34.78890332294608, -34.727321608459036
6.21018814004492, 0.0, 0.0, 0.0010986328125, -0.0032958984375, -0.2989501953125, 0.9542236328125, -34.78890332294608, -34.727321608459036
6.220393085968681, 0.0, 0.0, 0.00146484375, -0.00421142578125, -0.29864501953125, 0.954345703125, -34.753693502594196, -34.727321608459036
6.230124120018445, 0.0, 0.0, 0.00146484375, -0.00421142578125, -0.29864501953125, 0.954345703125, -34.753693502594196, -34.69606324772247
6.240575248957612, 0.0, 0.0, 0.0009765625, -0.00439453125, -0.29827880859375, 0.95440673828125, -34.70814726554968, -34.69606324772247
6.250337293022312, 0.0, 0.0, 0.0009765625, -0.00439453125, -0.29827880859375, 0.95440673828125, -34.70814726554968, -34.69606324772247
6.260277400026098, 0.0, 0.0, 0.0009765625, -0.00439453125, -0.29827880859375, 0.95440673828125, -34.70814726554968, -34.69606324772247
6.270162803004496, 0.0, 0.0, 0.0009765625, -0.00439453125, -0.29827880859375, 0.95440673828125, -34.70814726554968, -34.69606324772247
6.280470579047687, 0.0, 0.0, -0.00042724609375, -0.0045166015625, -0.29803466796875, 0.95452880859375, -34.679609149352714, -34.69606324772247
6.290294417995028, 0.0, 0.0, -0.00042724609375, -0.0045166015625, -0.29803466796875, 0.95452880859375, -34.679609149352714, -34.69606324772247
6.300119079998694, 0.0, 0.0, -0.00042724609375, -0.0045166015625, -0.29803466796875, 0.95452880859375, -34.679609149352714, -34.69606324772247
6.31019400304649, 0.0, 0.0, -0.00042724609375, -0.0045166015625, -0.29803466796875, 0.95452880859375, -34.679609149352714, -34.69606324772247
6.320401114993729, 0.0, 0.0, -0.00213623046875, -0.0050048828125, -0.298095703125, 0.9544677734375, -34.6852349103588, -34.69606324772247
6.330275701009668, 0.0, 0.0, -0.00213623046875, -0.0050048828125, -0.298095703125, 0.9544677734375, -34.6852349103588, -34.69606324772247
6.340252274996601, 0.0, 0.0, -0.00213623046875, -0.0050048828125, -0.298095703125, 0.9544677734375, -34.6852349103588, -34.69606324772247
6.35030591103714, 0.0, 0.0, -0.00439453125, -0.00628662109375, -0.298095703125, 0.9544677734375, -34.68458284565234, -34.69606324772247
6.360426409984939, 0.0, 0.0, -0.00439453125, -0.00628662109375, -0.298095703125, 0.9544677734375, -34.68458284565234, -34.69606324772247
6.370181411970407, 0.0, 0.0, -0.00439453125, -0.00628662109375, -0.298095703125, 0.9544677734375, -34.68458284565234, -34.69606324772247
6.380294122966006, 0.0, 0.0, -0.00677490234375, -0.00689697265625, -0.2979736328125, 0.9544677734375, -34.66758146547817, -34.69606324772247
6.390633668983355, 0.0, 0.0, -0.00677490234375, -0.00689697265625, -0.2979736328125, 0.9544677734375, -34.66758146547817, -34.69606324772247
6.400458266958594, 0.0, 0.0, -0.00677490234375, -0.00689697265625, -0.2979736328125, 0.9544677734375, -34.66758146547817, -34.69606324772247
6.410713572986424, 0.0, 0.0, -0.00836181640625, -0.00689697265625, -0.298095703125, 0.95440673828125, -34.68056134601834, -34.69606324772247
6.420168271986768, 0.0, 0.0, -0.00836181640625, -0.00689697265625, -0.298095703125, 0.95440673828125, -34.68056134601834, -34.71351096595727
6.430141804041341, 0.0, 0.0, -0.00927734375, -0.0064697265625, -0.29815673828125, 0.95440673828125, -34.68783090938265, -34.71351096595727
6.44045765302144, 0.0, 0.0, -0.00927734375, -0.0064697265625, -0.29815673828125, 0.95440673828125, -34.68783090938265, -34.71351096595727
6.450232550036162, 0.0, 0.0, -0.00927734375, -0.0064697265625, -0.29815673828125, 0.95440673828125, -34.68783090938265, -34.71351096595727
6.460542052984238, 0.0, 0.0, -0.00927734375, -0.0064697265625, -0.29815673828125, 0.95440673828125, -34.68783090938265, -34.71351096595727
6.470189544954337, 0.0, 0.0, -0.00927734375, -0.0064697265625, -0.29815673828125, 0.95440673828125, -34.68783090938265, -34.71351096595727
6.480319240945391, 0.0, 0.0, -0.0093994140625, -0.0048828125, -0.2984619140625, 0.95428466796875, -34.723877033012286, -34.71351096595727
6.490232464973815, 0.0, 0.0, -0.0093994140625, -0.0048828125, -0.2984619140625, 0.95428466796875, -34.723877033012286, -34.71351096595727
6.500352264032699, 0.0, 0.0, -0.0093994140625, -0.0048828125, -0.2984619140625, 0.95428466796875, -34.723877033012286, -34.71351096595727
6.510807179030962, 0.0, 0.0, -0.0093994140625, -0.0048828125, -0.2984619140625, 0.95428466796875, -34.723877033012286, -34.71351096595727
6.520154641009867, 0.0, 0.0, -0.00860595703125, -0.00360107421875, -0.298828125, 0.9542236328125, -34.7700490599511, -34.71351096595727
6.5302110259654, 0.0, 0.0, -0.00860595703125, -0.00360107421875, -0.298828125, 0.9542236328125, -34.7700490599511, -34.71351096595727
6.540421993937343, 0.0, 0.0, -0.0076904296875, -0.00262451171875, -0.29901123046875, 0.95416259765625, -34.79255314636625, -34.71351096595727
6.550196961965412, 0.0, 0.0, -0.0076904296875, -0.00262451171875, -0.29901123046875, 0.95416259765625, -34.79255314636625, -34.71351096595727
6.560320124030113, 0.0, 0.0, -0.0076904296875, -0.00262451171875, -0.29901123046875, 0.95416259765625, -34.79255314636625, -34.71351096595727
6.57052826799918, 0.0, 0.0, -0.0076904296875, -0.00262451171875, -0.29901123046875, 0.95416259765625, -34.79255314636625, -34.71351096595727
6.5803185269469395, 0.0, 0.0, -0.0076904296875, -0.00262451171875, -0.29901123046875, 0.95416259765625, -34.79255314636625, -34.71351096595727
6.590265110018663, 0.0, 0.0, -0.0079345703125, 0.000732421875, -0.29864501953125, 0.95428466796875, -34.75082009468868, -34.71351096595727
6.600306715932675, 0.0, 0.0, -0.0079345703125, 0.000732421875, -0.29864501953125, 0.95428466796875, -34.75082009468868, -34.71351096595727
6.610134545946494, 0.0, 0.0, -0.0079345703125, 0.000732421875, -0.29864501953125, 0.95428466796875, -34.75082009468868, -34.71351096595727
6.620664560003206, 0.0, 0.0, -0.00921630859375, 0.0048828125, -0.298095703125, 0.9544677734375, -34.690404084227, -31.24404124496842
6.630503371008672, 0.0, 0.0, -0.00921630859375, 0.0048828125, -0.298095703125, 0.9544677734375, -34.690404084227, -31.24404124496842
6.640688081039116, 0.0, 0.0, -0.01007080078125, 0.00732421875, -0.26922607421875, 0.96295166015625, -31.24354659496775, -31.24404124496842
6.6502320929430425, 0.0, 0.0, -0.01007080078125, 0.00732421875, -0.26922607421875, 0.96295166015625, -31.24354659496775, -31.24404124496842
6.66015737503767, 0.0, 0.0, -0.01007080078125, 0.00732421875, -0.26922607421875, 0.96295166015625, -31.24354659496775, -31.24404124496842
6.670325535000302, 0.0, 0.0, -0.01007080078125, 0.00732421875, -0.26922607421875, 0.96295166015625, -31.24354659496775, -31.24404124496842
6.680240727961063, 0.0, 0.0, -0.01007080078125, 0.00732421875, -0.26922607421875, 0.96295166015625, -31.24354659496775, -31.24404124496842
6.690204837010242, 0.0, 0.0, -0.00872802734375, 0.00872802734375, -0.26922607421875, 0.96295166015625, -31.245122947632993, -31.24404124496842
6.700173779972829, 0.0, 0.0, -0.00872802734375, 0.00872802734375, -0.26922607421875, 0.96295166015625, -31.245122947632993, -31.24404124496842
6.710209821932949, 0.0, 0.0, -0.00872802734375, 0.00872802734375, -0.26922607421875, 0.96295166015625, -31.245122947632993, -31.24404124496842
6.720513109001331, 0.0, 0.0, -0.006591796875, 0.00848388671875, -0.264892578125, 0.96417236328125, -30.728108345312226, -31.24404124496842
6.730145066976547, 0.0, 0.0, -0.006591796875, 0.00848388671875, -0.264892578125, 0.96417236328125, -30.728108345312226, -31.24404124496842
6.740171820973046, 0.0, 0.0, -0.006591796875, 0.00848388671875, -0.264892578125, 0.96417236328125, -30.728108345312226, -31.24404124496842
6.7510039219632745, 0.0, 0.0, -0.0029296875, 0.00677490234375, -0.26495361328125, 0.96417236328125, -30.728108345312226, -31.24404124496842
6.760204955004156, 0.0, 0.0, -0.0029296875, 0.00677490234375, -0.26495361328125, 0.96417236328125, -30.730718409172944, -31.24404124496842
6.7701244100462645, 0.0, 0.0, -0.0029296875, 0.00677490234375, -0.26495361328125, 0.96417236328125, -30.730718409172944, -31.24404124496842
6.7801662150304765, 0.0, 0.0, -0.000244140625, 0.0048828125, -0.265380859375, 0.964111328125, -30.779840206943508, -31.24404124496842
6.790326782967895, 0.0, 0.0, -0.000244140625, 0.0048828125, -0.265380859375, 0.964111328125, -30.779840206943508, -31.24404124496842
6.800265660975128, 0.0, 0.0, -0.000244140625, 0.0048828125, -0.265380859375, 0.964111328125, -30.779840206943508, -31.24404124496842
6.810672460938804, 0.0, 0.0, -0.000244140625, 0.0048828125, -0.265380859375, 0.964111328125, -30.779840206943508, -31.24404124496842
6.820353655028157, 0.0, 0.0, 0.00347900390625, 0.00213623046875, -0.2662353515625, 0.9638671875, -30.879208437668794, -31.24404124496842
6.83015653595794, 0.0, 0.0, 0.00347900390625, 0.00213623046875, -0.2662353515625, 0.9638671875, -30.879208437668794, -30.941603883614842
6.84047467703931, 0.0, 0.0, 0.00347900390625, 0.00213623046875, -0.2662353515625, 0.9638671875, -30.879208437668794, -30.941603883614842
6.85018836800009, 0.0, 0.0, 0.00701904296875, 6.103515625e-05, -0.26666259765625, 0.9637451171875, -30.93031919144892, -30.941603883614842
6.860201018978842, 0.0, 0.0, 0.00701904296875, 6.103515625e-05, -0.26666259765625, 0.9637451171875, -30.93031919144892, -30.941603883614842
6.870135504985228, 0.0, 0.0, 0.00701904296875, 6.103515625e-05, -0.26666259765625, 0.9637451171875, -30.93031919144892, -30.941603883614842
6.8801767729455605, 0.0, 0.0, 0.00701904296875, 6.103515625e-05, -0.26666259765625, 0.9637451171875, -30.93031919144892, -30.941603883614842
6.890326548018493, 0.0, 0.0, 0.0064697265625, 0.00048828125, -0.2667236328125, 0.9637451171875, -30.937764171630004, -30.941603883614842
6.900223420932889, 0.0, 0.0, 0.0064697265625, 0.00048828125, -0.2667236328125, 0.9637451171875, -30.937764171630004, -30.941603883614842
6.910150525975041, 0.0, 0.0, 0.0064697265625, 0.00048828125, -0.2667236328125, 0.9637451171875, -30.937764171630004, -30.941603883614842
6.920421854942106, 0.0, 0.0, 0.0040283203125, 0.00103759765625, -0.26654052734375, 0.96380615234375, -30.916214946492325, -30.941603883614842
6.930137588991784, 0.0, 0.0, 0.0040283203125, 0.00103759765625, -0.26654052734375, 0.96380615234375, -30.916214946492325, -30.941603883614842
6.940154809039086, 0.0, 0.0, 0.0040283203125, 0.00103759765625, -0.26654052734375, 0.96380615234375, -30.916214946492325, -30.941603883614842
6.95051302597858, 0.0, 0.0, 0.000732421875, -0.00299072265625, -0.26617431640625, 0.9638671875, -30.87271530766499, -30.941603883614842
6.960130313993432, 0.0, 0.0, 0.000732421875, -0.00299072265625, -0.26617431640625, 0.9638671875, -30.87271530766499, -30.941603883614842
6.9704493139870465, 0.0, 0.0, 0.000732421875, -0.00299072265625, -0.26617431640625, 0.9638671875, -30.87271530766499, -30.941603883614842
6.980206585023552, 0.0, 0.0, -0.0029296875, -0.00927734375, -0.26580810546875, 0.96392822265625, -30.829775932616187, -30.941603883614842
6.990142137976363, 0.0, 0.0, -0.0029296875, -0.00927734375, -0.26580810546875, 0.96392822265625, -30.829775932616187, -30.941603883614842
7.000174819026142, 0.0, 0.0, -0.0029296875, -0.00927734375, -0.26580810546875, 0.96392822265625, -30.829775932616187, -30.941603883614842
